STATION	NAME	DATE	SNWD	TMAX	TMIN	SNWD2	TMAX2	TMIN2	ELEV	LAT	LONG
USC00300085	ALFRED	19950101	9999	50	-89	NA	50	-89	520.0	42.249	-77.758
USC00300085	ALFRED	19950102	9999	-39	-133	NA	-39	-133	520.0	42.249	-77.758
USC00300085	ALFRED	19950103	9999	-39	-144	NA	-39	-144	520.0	42.249	-77.758
USC00300085	ALFRED	19950104	9999	-83	-183	NA	-83	-183	520.0	42.249	-77.758
USC00300085	ALFRED	19950105	9999	-83	-150	NA	-83	-150	520.0	42.249	-77.758
USC00300085	ALFRED	19950106	9999	17	-122	NA	17	-122	520.0	42.249	-77.758
USC00300085	ALFRED	19950107	9999	-17	-111	NA	-17	-111	520.0	42.249	-77.758
USC00300085	ALFRED	19950108	9999	-22	-94	NA	-22	-94	520.0	42.249	-77.758
USC00300085	ALFRED	19950109	9999	-33	-167	NA	-33	-167	520.0	42.249	-77.758
USC00300085	ALFRED	19950110	9999	-33	-111	NA	-33	-111	520.0	42.249	-77.758
USC00300085	ALFRED	19950111	9999	39	-67	NA	39	-67	520.0	42.249	-77.758
USC00300085	ALFRED	19950112	9999	56	17	NA	56	17	520.0	42.249	-77.758
USC00300085	ALFRED	19950113	9999	167	11	NA	167	11	520.0	42.249	-77.758
USC00300085	ALFRED	19950114	9999	161	100	NA	161	100	520.0	42.249	-77.758
USC00300085	ALFRED	19950115	9999	172	39	NA	172	39	520.0	42.249	-77.758
USC00300085	ALFRED	19950116	9999	72	-28	NA	72	-28	520.0	42.249	-77.758
USC00300085	ALFRED	19950117	9999	67	-39	NA	67	-39	520.0	42.249	-77.758
USC00300085	ALFRED	19950118	9999	94	11	NA	94	11	520.0	42.249	-77.758
USC00300085	ALFRED	19950119	9999	78	17	NA	78	17	520.0	42.249	-77.758
USC00300085	ALFRED	19950120	9999	67	-22	NA	67	-22	520.0	42.249	-77.758
USC00300085	ALFRED	19950121	9999	17	-83	NA	17	-83	520.0	42.249	-77.758
USC00300085	ALFRED	19950122	9999	-28	-106	NA	-28	-106	520.0	42.249	-77.758
USC00300085	ALFRED	19950123	9999	-11	-83	NA	-11	-83	520.0	42.249	-77.758
USC00300085	ALFRED	19950124	9999	-11	-61	NA	-11	-61	520.0	42.249	-77.758
USC00300085	ALFRED	19950125	9999	-6	-56	NA	-6	-56	520.0	42.249	-77.758
USC00300085	ALFRED	19950126	9999	-17	-78	NA	-17	-78	520.0	42.249	-77.758
USC00300085	ALFRED	19950127	9999	-22	-167	NA	-22	-167	520.0	42.249	-77.758
USC00300085	ALFRED	19950128	9999	-28	-217	NA	-28	-217	520.0	42.249	-77.758
USC00300085	ALFRED	19950129	9999	17	-183	NA	17	-183	520.0	42.249	-77.758
USC00300085	ALFRED	19950130	9999	28	-89	NA	28	-89	520.0	42.249	-77.758
USC00300085	ALFRED	19950131	9999	33	-22	NA	33	-22	520.0	42.249	-77.758
USC00300085	ALFRED	19960101	9999	11	-106	NA	11	-106	520.0	42.249	-77.758
USC00300085	ALFRED	19960102	9999	-72	-139	NA	-72	-139	520.0	42.249	-77.758
USC00300085	ALFRED	19960103	9999	-83	-261	NA	-83	-261	520.0	42.249	-77.758
USC00300085	ALFRED	19960104	9999	-78	-228	NA	-78	-228	520.0	42.249	-77.758
USC00300085	ALFRED	19960105	9999	-72	-278	NA	-72	-278	520.0	42.249	-77.758
USC00300085	ALFRED	19960106	9999	-89	-233	NA	-89	-233	520.0	42.249	-77.758
USC00300085	ALFRED	19960107	9999	-94	-189	NA	-94	-189	520.0	42.249	-77.758
USC00300085	ALFRED	19960108	9999	-67	-183	NA	-67	-183	520.0	42.249	-77.758
USC00300085	ALFRED	19960109	9999	-61	-228	NA	-61	-228	520.0	42.249	-77.758
USC00300085	ALFRED	19960110	9999	-72	-233	NA	-72	-233	520.0	42.249	-77.758
USC00300085	ALFRED	19960111	9999	-56	-222	NA	-56	-222	520.0	42.249	-77.758
USC00300085	ALFRED	19960112	9999	-22	-128	NA	-22	-128	520.0	42.249	-77.758
USC00300085	ALFRED	19960113	9999	-11	-67	NA	-11	-67	520.0	42.249	-77.758
USC00300085	ALFRED	19960114	9999	61	-111	NA	61	-111	520.0	42.249	-77.758
USC00300085	ALFRED	19960115	9999	-61	-206	NA	-61	-206	520.0	42.249	-77.758
USC00300085	ALFRED	19960116	9999	44	-94	NA	44	-94	520.0	42.249	-77.758
USC00300085	ALFRED	19960117	9999	89	33	NA	89	33	520.0	42.249	-77.758
USC00300085	ALFRED	19960118	9999	72	17	NA	72	17	520.0	42.249	-77.758
USC00300085	ALFRED	19960119	9999	139	56	NA	139	56	520.0	42.249	-77.758
USC00300085	ALFRED	19960120	9999	94	-139	NA	94	-139	520.0	42.249	-77.758
USC00300085	ALFRED	19960121	9999	-44	-156	NA	-44	-156	520.0	42.249	-77.758
USC00300085	ALFRED	19960122	9999	44	-67	NA	44	-67	520.0	42.249	-77.758
USC00300085	ALFRED	19960123	9999	44	-22	NA	44	-22	520.0	42.249	-77.758
USC00300085	ALFRED	19960124	9999	56	-122	NA	56	-122	520.0	42.249	-77.758
USC00300085	ALFRED	19960125	9999	-39	-122	NA	-39	-122	520.0	42.249	-77.758
USC00300085	ALFRED	19960126	9999	72	-56	NA	72	-56	520.0	42.249	-77.758
USC00300085	ALFRED	19960127	9999	72	-178	NA	72	-178	520.0	42.249	-77.758
USC00300085	ALFRED	19960128	9999	-22	-156	NA	-22	-156	520.0	42.249	-77.758
USC00300085	ALFRED	19960129	9999	-11	-83	NA	-11	-83	520.0	42.249	-77.758
USC00300085	ALFRED	19960130	9999	-11	-172	NA	-11	-172	520.0	42.249	-77.758
USC00300085	ALFRED	19960131	9999	-78	-222	NA	-78	-222	520.0	42.249	-77.758
USC00300085	ALFRED	19970101	9999	17	-72	NA	17	-72	520.0	42.249	-77.758
USC00300085	ALFRED	19970102	9999	111	22	NA	111	22	520.0	42.249	-77.758
USC00300085	ALFRED	19970103	9999	117	17	NA	117	17	520.0	42.249	-77.758
USC00300085	ALFRED	19970104	9999	128	50	NA	128	50	520.0	42.249	-77.758
USC00300085	ALFRED	19970105	9999	117	-33	NA	117	-33	520.0	42.249	-77.758
USC00300085	ALFRED	19970106	9999	-17	-78	NA	-17	-78	520.0	42.249	-77.758
USC00300085	ALFRED	19970107	9999	-44	-117	NA	-44	-117	520.0	42.249	-77.758
USC00300085	ALFRED	19970108	9999	-33	-139	NA	-33	-139	520.0	42.249	-77.758
USC00300085	ALFRED	19970109	9999	-11	-94	NA	-11	-94	520.0	42.249	-77.758
USC00300085	ALFRED	19970110	9999	-22	-133	NA	-22	-133	520.0	42.249	-77.758
USC00300085	ALFRED	19970111	9999	-111	-139	NA	-111	-139	520.0	42.249	-77.758
USC00300085	ALFRED	19970112	9999	-67	-139	NA	-67	-139	520.0	42.249	-77.758
USC00300085	ALFRED	19970113	9999	-61	-117	NA	-61	-117	520.0	42.249	-77.758
USC00300085	ALFRED	19970114	9999	-39	-133	NA	-39	-133	520.0	42.249	-77.758
USC00300085	ALFRED	19970115	9999	6	-122	NA	6	-122	520.0	42.249	-77.758
USC00300085	ALFRED	19970116	9999	-6	-183	NA	-6	-183	520.0	42.249	-77.758
USC00300085	ALFRED	19970117	9999	-139	-194	NA	-139	-194	520.0	42.249	-77.758
USC00300085	ALFRED	19970118	9999	-156	-244	NA	-156	-244	520.0	42.249	-77.758
USC00300085	ALFRED	19970119	9999	-61	-122	NA	-61	-122	520.0	42.249	-77.758
USC00300085	ALFRED	19970120	9999	-17	-161	NA	-17	-161	520.0	42.249	-77.758
USC00300085	ALFRED	19970121	9999	22	-11	NA	22	-11	520.0	42.249	-77.758
USC00300085	ALFRED	19970122	9999	78	6	NA	78	6	520.0	42.249	-77.758
USC00300085	ALFRED	19970123	9999	17	-161	NA	17	-161	520.0	42.249	-77.758
USC00300085	ALFRED	19970124	9999	22	-11	NA	22	-11	520.0	42.249	-77.758
USC00300085	ALFRED	19970125	9999	50	-106	NA	50	-106	520.0	42.249	-77.758
USC00300085	ALFRED	19970126	9999	-72	-167	NA	-72	-167	520.0	42.249	-77.758
USC00300085	ALFRED	19970127	9999	17	-111	NA	17	-111	520.0	42.249	-77.758
USC00300085	ALFRED	19970128	9999	-39	-161	NA	-39	-161	520.0	42.249	-77.758
USC00300085	ALFRED	19970129	9999	-56	-156	NA	-56	-156	520.0	42.249	-77.758
USC00300085	ALFRED	19970130	9999	0	-94	NA	0	-94	520.0	42.249	-77.758
USC00300085	ALFRED	19970131	9999	39	-56	NA	39	-56	520.0	42.249	-77.758
USC00300085	ALFRED	19980101	9999	17	-83	NA	17	-83	520.0	42.249	-77.758
USC00300085	ALFRED	19980102	9999	83	33	NA	83	33	520.0	42.249	-77.758
USC00300085	ALFRED	19980103	9999	83	22	NA	83	22	520.0	42.249	-77.758
USC00300085	ALFRED	19980104	9999	94	17	NA	94	17	520.0	42.249	-77.758
USC00300085	ALFRED	19980105	9999	172	56	NA	172	56	520.0	42.249	-77.758
USC00300085	ALFRED	19980106	9999	139	67	NA	139	67	520.0	42.249	-77.758
USC00300085	ALFRED	19980107	9999	156	-11	NA	156	-11	520.0	42.249	-77.758
USC00300085	ALFRED	19980108	9999	44	-11	NA	44	-11	520.0	42.249	-77.758
USC00300085	ALFRED	19980109	9999	83	-11	NA	83	-11	520.0	42.249	-77.758
USC00300085	ALFRED	19980110	9999	44	-61	NA	44	-61	520.0	42.249	-77.758
USC00300085	ALFRED	19980111	9999	6	-94	NA	6	-94	520.0	42.249	-77.758
USC00300085	ALFRED	19980112	9999	44	-11	NA	44	-11	520.0	42.249	-77.758
USC00300085	ALFRED	19980113	9999	39	-156	NA	39	-156	520.0	42.249	-77.758
USC00300085	ALFRED	19980114	9999	-39	-106	NA	-39	-106	520.0	42.249	-77.758
USC00300085	ALFRED	19980115	9999	11	-67	NA	11	-67	520.0	42.249	-77.758
USC00300085	ALFRED	19980116	9999	-28	-67	NA	-28	-67	520.0	42.249	-77.758
USC00300085	ALFRED	19980117	9999	0	-61	NA	0	-61	520.0	42.249	-77.758
USC00300085	ALFRED	19980118	9999	22	-139	NA	22	-139	520.0	42.249	-77.758
USC00300085	ALFRED	19980119	9999	6	-78	NA	6	-78	520.0	42.249	-77.758
USC00300085	ALFRED	19980120	9999	11	-122	NA	11	-122	520.0	42.249	-77.758
USC00300085	ALFRED	19980121	9999	-17	-94	NA	-17	-94	520.0	42.249	-77.758
USC00300085	ALFRED	19980122	9999	-11	-78	NA	-11	-78	520.0	42.249	-77.758
USC00300085	ALFRED	19980123	9999	28	-28	NA	28	-28	520.0	42.249	-77.758
USC00300085	ALFRED	19980124	9999	-6	-56	NA	-6	-56	520.0	42.249	-77.758
USC00300085	ALFRED	19980125	9999	-17	-72	NA	-17	-72	520.0	42.249	-77.758
USC00300085	ALFRED	19980126	9999	6	-106	NA	6	-106	520.0	42.249	-77.758
USC00300085	ALFRED	19980127	9999	28	-17	NA	28	-17	520.0	42.249	-77.758
USC00300085	ALFRED	19980128	9999	67	-78	NA	67	-78	520.0	42.249	-77.758
USC00300085	ALFRED	19980129	9999	94	-39	NA	94	-39	520.0	42.249	-77.758
USC00300085	ALFRED	19980130	9999	17	-56	NA	17	-56	520.0	42.249	-77.758
USC00300085	ALFRED	19980131	9999	11	-111	NA	11	-111	520.0	42.249	-77.758
USC00300085	ALFRED	19990101	9999	-94	-244	NA	-94	-244	520.0	42.249	-77.758
USC00300085	ALFRED	19990102	9999	17	-178	NA	17	-178	520.0	42.249	-77.758
USC00300085	ALFRED	19990103	9999	44	-133	NA	44	-133	520.0	42.249	-77.758
USC00300085	ALFRED	19990104	9999	-72	-178	NA	-72	-178	520.0	42.249	-77.758
USC00300085	ALFRED	19990105	9999	-67	-178	NA	-67	-178	520.0	42.249	-77.758
USC00300085	ALFRED	19990106	9999	-33	-150	NA	-33	-150	520.0	42.249	-77.758
USC00300085	ALFRED	19990107	9999	-78	-194	NA	-78	-194	520.0	42.249	-77.758
USC00300085	ALFRED	19990108	9999	17	-111	NA	17	-111	520.0	42.249	-77.758
USC00300085	ALFRED	19990109	9999	-44	-178	NA	-44	-178	520.0	42.249	-77.758
USC00300085	ALFRED	19990110	9999	-83	-194	NA	-83	-194	520.0	42.249	-77.758
USC00300085	ALFRED	19990111	9999	6	-122	NA	6	-122	520.0	42.249	-77.758
USC00300085	ALFRED	19990112	9999	17	-89	NA	17	-89	520.0	42.249	-77.758
USC00300085	ALFRED	19990113	9999	-67	-206	NA	-67	-206	520.0	42.249	-77.758
USC00300085	ALFRED	19990114	9999	-17	-122	NA	-17	-122	520.0	42.249	-77.758
USC00300085	ALFRED	19990115	9999	-11	-139	NA	-11	-139	520.0	42.249	-77.758
USC00300085	ALFRED	19990116	9999	44	-111	NA	44	-111	520.0	42.249	-77.758
USC00300085	ALFRED	19990117	9999	89	17	NA	89	17	520.0	42.249	-77.758
USC00300085	ALFRED	19990118	9999	67	-22	NA	67	-22	520.0	42.249	-77.758
USC00300085	ALFRED	19990119	9999	6	-139	NA	6	-139	520.0	42.249	-77.758
USC00300085	ALFRED	19990120	9999	56	-117	NA	56	-117	520.0	42.249	-77.758
USC00300085	ALFRED	19990121	9999	50	-11	NA	50	-11	520.0	42.249	-77.758
USC00300085	ALFRED	19990122	9999	89	33	NA	89	33	520.0	42.249	-77.758
USC00300085	ALFRED	19990123	9999	100	33	NA	100	33	520.0	42.249	-77.758
USC00300085	ALFRED	19990124	9999	56	-33	NA	56	-33	520.0	42.249	-77.758
USC00300085	ALFRED	19990125	9999	17	-50	NA	17	-50	520.0	42.249	-77.758
USC00300085	ALFRED	19990126	9999	28	-122	NA	28	-122	520.0	42.249	-77.758
USC00300085	ALFRED	19990127	9999	78	0	NA	78	0	520.0	42.249	-77.758
USC00300085	ALFRED	19990128	9999	44	-83	NA	44	-83	520.0	42.249	-77.758
USC00300085	ALFRED	19990129	9999	-28	-67	NA	-28	-67	520.0	42.249	-77.758
USC00300085	ALFRED	19990130	9999	6	-178	NA	6	-178	520.0	42.249	-77.758
USC00300085	ALFRED	19990131	9999	28	-67	NA	28	-67	520.0	42.249	-77.758
USC00300085	ALFRED	20000101	9999	100	0	NA	100	0	520.0	42.249	-77.758
USC00300085	ALFRED	20000102	9999	156	44	NA	156	44	520.0	42.249	-77.758
USC00300085	ALFRED	20000103	9999	144	72	NA	144	72	520.0	42.249	-77.758
USC00300085	ALFRED	20000104	9999	150	-89	NA	150	-89	520.0	42.249	-77.758
USC00300085	ALFRED	20000105	0	-33	-78	0	-33	-78	520.0	42.249	-77.758
USC00300085	ALFRED	20000106	0	11	-94	0	11	-94	520.0	42.249	-77.758
USC00300085	ALFRED	20000107	9999	17	-94	NA	17	-94	520.0	42.249	-77.758
USC00300085	ALFRED	20000108	9999	50	-33	NA	50	-33	520.0	42.249	-77.758
USC00300085	ALFRED	20000109	9999	61	-39	NA	61	-39	520.0	42.249	-77.758
USC00300085	ALFRED	20000110	0	61	0	0	61	0	520.0	42.249	-77.758
USC00300085	ALFRED	20000111	9999	44	-39	NA	44	-39	520.0	42.249	-77.758
USC00300085	ALFRED	20000112	9999	28	-67	NA	28	-67	520.0	42.249	-77.758
USC00300085	ALFRED	20000113	9999	-39	-189	NA	-39	-189	520.0	42.249	-77.758
USC00300085	ALFRED	20000114	9999	-67	-183	NA	-67	-183	520.0	42.249	-77.758
USC00300085	ALFRED	20000115	9999	28	-111	NA	28	-111	520.0	42.249	-77.758
USC00300085	ALFRED	20000116	9999	28	-211	NA	28	-211	520.0	42.249	-77.758
USC00300085	ALFRED	20000117	9999	-122	-244	NA	-122	-244	520.0	42.249	-77.758
USC00300085	ALFRED	20000118	9999	-78	-150	NA	-78	-150	520.0	42.249	-77.758
USC00300085	ALFRED	20000119	9999	-11	-94	NA	-11	-94	520.0	42.249	-77.758
USC00300085	ALFRED	20000120	9999	-22	-211	NA	-22	-211	520.0	42.249	-77.758
USC00300085	ALFRED	20000121	9999	-122	-250	NA	-122	-250	520.0	42.249	-77.758
USC00300085	ALFRED	20000122	9999	-83	-206	NA	-83	-206	520.0	42.249	-77.758
USC00300085	ALFRED	20000123	9999	-11	-100	NA	-11	-100	520.0	42.249	-77.758
USC00300085	ALFRED	20000124	9999	-22	-200	NA	-22	-200	520.0	42.249	-77.758
USC00300085	ALFRED	20000125	9999	-67	-111	NA	-67	-111	520.0	42.249	-77.758
USC00300085	ALFRED	20000126	9999	-67	-200	NA	-67	-200	520.0	42.249	-77.758
USC00300085	ALFRED	20000127	9999	-111	-206	NA	-111	-206	520.0	42.249	-77.758
USC00300085	ALFRED	20000128	9999	-78	-222	NA	-78	-222	520.0	42.249	-77.758
USC00300085	ALFRED	20000129	9999	28	-178	NA	28	-178	520.0	42.249	-77.758
USC00300085	ALFRED	20000130	9999	6	-67	NA	6	-67	520.0	42.249	-77.758
USC00300085	ALFRED	20000131	9999	-22	-89	NA	-22	-89	520.0	42.249	-77.758
USC00300085	ALFRED	20010101	9999	-39	-167	NA	-39	-167	520.0	42.249	-77.758
USC00300085	ALFRED	20010102	9999	-56	-144	NA	-56	-144	520.0	42.249	-77.758
USC00300085	ALFRED	20010103	9999	-17	-89	NA	-17	-89	520.0	42.249	-77.758
USC00300085	ALFRED	20010104	9999	-28	-94	NA	-28	-94	520.0	42.249	-77.758
USC00300085	ALFRED	20010105	9999	0	-72	NA	0	-72	520.0	42.249	-77.758
USC00300085	ALFRED	20010106	9999	-11	-44	NA	-11	-44	520.0	42.249	-77.758
USC00300085	ALFRED	20010107	9999	0	-44	NA	0	-44	520.0	42.249	-77.758
USC00300085	ALFRED	20010108	9999	6	-128	NA	6	-128	520.0	42.249	-77.758
USC00300085	ALFRED	20010109	9999	-39	-100	NA	-39	-100	520.0	42.249	-77.758
USC00300085	ALFRED	20010110	9999	22	-39	NA	22	-39	520.0	42.249	-77.758
USC00300085	ALFRED	20010111	9999	22	-111	NA	22	-111	520.0	42.249	-77.758
USC00300085	ALFRED	20010112	9999	33	-122	NA	33	-122	520.0	42.249	-77.758
USC00300085	ALFRED	20010113	9999	44	-61	NA	44	-61	520.0	42.249	-77.758
USC00300085	ALFRED	20010114	9999	56	0	NA	56	0	520.0	42.249	-77.758
USC00300085	ALFRED	20010115	9999	56	-17	NA	56	-17	520.0	42.249	-77.758
USC00300085	ALFRED	20010116	9999	17	-28	NA	17	-28	520.0	42.249	-77.758
USC00300085	ALFRED	20010117	9999	0	-56	NA	0	-56	520.0	42.249	-77.758
USC00300085	ALFRED	20010118	9999	28	-39	NA	28	-39	520.0	42.249	-77.758
USC00300085	ALFRED	20010119	9999	11	-100	NA	11	-100	520.0	42.249	-77.758
USC00300085	ALFRED	20010120	9999	-50	-122	NA	-50	-122	520.0	42.249	-77.758
USC00300085	ALFRED	20010121	9999	-11	-133	NA	-11	-133	520.0	42.249	-77.758
USC00300085	ALFRED	20010122	9999	-11	-156	NA	-11	-156	520.0	42.249	-77.758
USC00300085	ALFRED	20010123	9999	39	-61	NA	39	-61	520.0	42.249	-77.758
USC00300085	ALFRED	20010124	9999	17	-78	NA	17	-78	520.0	42.249	-77.758
USC00300085	ALFRED	20010125	9999	-33	-133	NA	-33	-133	520.0	42.249	-77.758
USC00300085	ALFRED	20010126	9999	17	-50	NA	17	-50	520.0	42.249	-77.758
USC00300085	ALFRED	20010127	9999	-22	-111	NA	-22	-111	520.0	42.249	-77.758
USC00300085	ALFRED	20010128	9999	-28	-122	NA	-28	-122	520.0	42.249	-77.758
USC00300085	ALFRED	20010129	9999	44	-11	NA	44	-11	520.0	42.249	-77.758
USC00300085	ALFRED	20010130	9999	67	-11	NA	67	-11	520.0	42.249	-77.758
USC00300085	ALFRED	20010131	9999	28	-17	NA	28	-17	520.0	42.249	-77.758
USC00300085	ALFRED	20020101	9999	-39	-111	NA	-39	-111	520.0	42.249	-77.758
USC00300085	ALFRED	20020102	9999	-17	-94	NA	-17	-94	520.0	42.249	-77.758
USC00300085	ALFRED	20020103	9999	-11	-94	NA	-11	-94	520.0	42.249	-77.758
USC00300085	ALFRED	20020104	9999	17	-67	NA	17	-67	520.0	42.249	-77.758
USC00300085	ALFRED	20020105	9999	39	-67	NA	39	-67	520.0	42.249	-77.758
USC00300085	ALFRED	20020106	9999	0	-67	NA	0	-67	520.0	42.249	-77.758
USC00300085	ALFRED	20020107	9999	-11	-111	NA	-11	-111	520.0	42.249	-77.758
USC00300085	ALFRED	20020108	9999	-11	-78	NA	-11	-78	520.0	42.249	-77.758
USC00300085	ALFRED	20020109	9999	44	6	NA	44	6	520.0	42.249	-77.758
USC00300085	ALFRED	20020110	9999	61	-33	NA	61	-33	520.0	42.249	-77.758
USC00300085	ALFRED	20020111	9999	28	-44	NA	28	-44	520.0	42.249	-77.758
USC00300085	ALFRED	20020112	9999	61	-39	NA	61	-39	520.0	42.249	-77.758
USC00300085	ALFRED	20020113	9999	0	-94	NA	0	-94	520.0	42.249	-77.758
USC00300085	ALFRED	20020114	9999	33	-11	NA	33	-11	520.0	42.249	-77.758
USC00300085	ALFRED	20020115	9999	17	-56	NA	17	-56	520.0	42.249	-77.758
USC00300085	ALFRED	20020116	9999	0	-94	NA	0	-94	520.0	42.249	-77.758
USC00300085	ALFRED	20020117	9999	11	-89	NA	11	-89	520.0	42.249	-77.758
USC00300085	ALFRED	20020118	9999	0	-178	NA	0	-178	520.0	42.249	-77.758
USC00300085	ALFRED	20020119	9999	-28	-167	NA	-28	-167	520.0	42.249	-77.758
USC00300085	ALFRED	20020120	9999	-11	-94	NA	-11	-94	520.0	42.249	-77.758
USC00300085	ALFRED	20020121	9999	0	-56	NA	0	-56	520.0	42.249	-77.758
USC00300085	ALFRED	20020122	9999	83	-39	NA	83	-39	520.0	42.249	-77.758
USC00300085	ALFRED	20020123	9999	89	17	NA	89	17	520.0	42.249	-77.758
USC00300085	ALFRED	20020124	9999	83	-56	NA	83	-56	520.0	42.249	-77.758
USC00300085	ALFRED	20020125	9999	44	-22	NA	44	-22	520.0	42.249	-77.758
USC00300085	ALFRED	20020126	9999	100	-39	NA	100	-39	520.0	42.249	-77.758
USC00300085	ALFRED	20020127	9999	156	-22	NA	156	-22	520.0	42.249	-77.758
USC00300085	ALFRED	20020128	9999	139	-22	NA	139	-22	520.0	42.249	-77.758
USC00300085	ALFRED	20020129	9999	128	17	NA	128	17	520.0	42.249	-77.758
USC00300085	ALFRED	20020130	9999	61	-39	NA	61	-39	520.0	42.249	-77.758
USC00300085	ALFRED	20020131	9999	78	17	NA	78	17	520.0	42.249	-77.758
USC00300085	ALFRED	20030101	229	-6	-122	229	-6	-122	520.0	42.249	-77.758
USC00300085	ALFRED	20030102	305	-17	-89	305	-17	-89	520.0	42.249	-77.758
USC00300085	ALFRED	20030103	406	-11	-56	406	-11	-56	520.0	42.249	-77.758
USC00300085	ALFRED	20030104	406	-11	-94	406	-11	-94	520.0	42.249	-77.758
USC00300085	ALFRED	20030105	406	-11	-78	406	-11	-78	520.0	42.249	-77.758
USC00300085	ALFRED	20030106	457	-11	-150	457	-11	-150	520.0	42.249	-77.758
USC00300085	ALFRED	20030107	457	0	-78	457	0	-78	520.0	42.249	-77.758
USC00300085	ALFRED	20030108	406	44	-22	406	44	-22	520.0	42.249	-77.758
USC00300085	ALFRED	20030109	356	56	-83	356	56	-83	520.0	42.249	-77.758
USC00300085	ALFRED	20030110	381	17	-128	381	17	-128	520.0	42.249	-77.758
USC00300085	ALFRED	20030111	381	-56	-122	381	-56	-122	520.0	42.249	-77.758
USC00300085	ALFRED	20030112	406	-28	-122	406	-28	-122	520.0	42.249	-77.758
USC00300085	ALFRED	20030113	432	-56	-122	432	-56	-122	520.0	42.249	-77.758
USC00300085	ALFRED	20030114	432	-61	-156	432	-61	-156	520.0	42.249	-77.758
USC00300085	ALFRED	20030115	432	-56	-133	432	-56	-133	520.0	42.249	-77.758
USC00300085	ALFRED	20030116	406	-56	-133	406	-56	-133	520.0	42.249	-77.758
USC00300085	ALFRED	20030117	406	-67	-261	406	-67	-261	520.0	42.249	-77.758
USC00300085	ALFRED	20030118	406	-83	-233	406	-83	-233	520.0	42.249	-77.758
USC00300085	ALFRED	20030119	432	-67	-228	432	-67	-228	520.0	42.249	-77.758
USC00300085	ALFRED	20030120	508	-94	-233	508	-94	-233	520.0	42.249	-77.758
USC00300085	ALFRED	20030121	508	-83	-222	508	-83	-222	520.0	42.249	-77.758
USC00300085	ALFRED	20030122	508	-100	-228	508	-100	-228	520.0	42.249	-77.758
USC00300085	ALFRED	20030123	508	-117	-217	508	-117	-217	520.0	42.249	-77.758
USC00300085	ALFRED	20030124	508	-72	-194	508	-72	-194	520.0	42.249	-77.758
USC00300085	ALFRED	20030125	483	-78	-122	483	-78	-122	520.0	42.249	-77.758
USC00300085	ALFRED	20030126	508	-61	-250	508	-61	-250	520.0	42.249	-77.758
USC00300085	ALFRED	20030127	508	-117	-250	508	-117	-250	520.0	42.249	-77.758
USC00300085	ALFRED	20030128	508	-39	-78	508	-39	-78	520.0	42.249	-77.758
USC00300085	ALFRED	20030129	483	-22	-233	483	-22	-233	520.0	42.249	-77.758
USC00300085	ALFRED	20030130	432	11	-161	432	11	-161	520.0	42.249	-77.758
USC00300085	ALFRED	20030131	432	44	-22	432	44	-22	520.0	42.249	-77.758
USC00300085	ALFRED	20040101	9999	50	11	NA	50	11	520.0	42.249	-77.758
USC00300085	ALFRED	20040102	9999	117	44	NA	117	44	520.0	42.249	-77.758
USC00300085	ALFRED	20040103	9999	156	33	NA	156	33	520.0	42.249	-77.758
USC00300085	ALFRED	20040104	9999	6	-11	NA	6	-11	520.0	42.249	-77.758
USC00300085	ALFRED	20040105	9999	17	-78	NA	17	-78	520.0	42.249	-77.758
USC00300085	ALFRED	20040106	9999	-39	-156	NA	-39	-156	520.0	42.249	-77.758
USC00300085	ALFRED	20040107	9999	-83	-133	NA	-83	-133	520.0	42.249	-77.758
USC00300085	ALFRED	20040108	9999	-39	-206	NA	-39	-206	520.0	42.249	-77.758
USC00300085	ALFRED	20040109	9999	-139	-294	NA	-139	-294	520.0	42.249	-77.758
USC00300085	ALFRED	20040110	9999	-122	-250	NA	-122	-250	520.0	42.249	-77.758
USC00300085	ALFRED	20040111	9999	-22	-122	NA	-22	-122	520.0	42.249	-77.758
USC00300085	ALFRED	20040112	9999	17	-39	NA	17	-39	520.0	42.249	-77.758
USC00300085	ALFRED	20040113	9999	-11	-233	NA	-11	-233	520.0	42.249	-77.758
USC00300085	ALFRED	20040114	9999	-122	-233	NA	-122	-233	520.0	42.249	-77.758
USC00300085	ALFRED	20040115	9999	-144	-244	NA	-144	-244	520.0	42.249	-77.758
USC00300085	ALFRED	20040116	9999	-100	-211	NA	-100	-211	520.0	42.249	-77.758
USC00300085	ALFRED	20040117	9999	-11	-67	NA	-11	-67	520.0	42.249	-77.758
USC00300085	ALFRED	20040118	9999	-11	-156	NA	-11	-156	520.0	42.249	-77.758
USC00300085	ALFRED	20040119	9999	-83	-150	NA	-83	-150	520.0	42.249	-77.758
USC00300085	ALFRED	20040120	9999	-67	-150	NA	-67	-150	520.0	42.249	-77.758
USC00300085	ALFRED	20040121	9999	-44	-111	NA	-44	-111	520.0	42.249	-77.758
USC00300085	ALFRED	20040122	9999	-28	-200	NA	-28	-200	520.0	42.249	-77.758
USC00300085	ALFRED	20040123	9999	-111	-206	NA	-111	-206	520.0	42.249	-77.758
USC00300085	ALFRED	20040124	9999	-111	-250	NA	-111	-250	520.0	42.249	-77.758
USC00300085	ALFRED	20040125	9999	-67	-178	NA	-67	-178	520.0	42.249	-77.758
USC00300085	ALFRED	20040126	9999	-67	-122	NA	-67	-122	520.0	42.249	-77.758
USC00300085	ALFRED	20040127	9999	-22	-106	NA	-22	-106	520.0	42.249	-77.758
USC00300085	ALFRED	20040128	9999	-56	-150	NA	-56	-150	520.0	42.249	-77.758
USC00300085	ALFRED	20040129	9999	-89	-222	NA	-89	-222	520.0	42.249	-77.758
USC00300085	ALFRED	20040130	9999	-111	-161	NA	-111	-161	520.0	42.249	-77.758
USC00300085	ALFRED	20040131	9999	-67	-150	NA	-67	-150	520.0	42.249	-77.758
USC00300085	ALFRED	20050101	9999	117	-28	NA	117	-28	520.0	42.249	-77.758
USC00300085	ALFRED	20050102	9999	111	44	NA	111	44	520.0	42.249	-77.758
USC00300085	ALFRED	20050103	9999	56	33	NA	56	33	520.0	42.249	-77.758
USC00300085	ALFRED	20050104	9999	72	-28	NA	72	-28	520.0	42.249	-77.758
USC00300085	ALFRED	20050105	9999	-11	-72	NA	-11	-72	520.0	42.249	-77.758
USC00300085	ALFRED	20050106	9999	33	-83	NA	33	-83	520.0	42.249	-77.758
USC00300085	ALFRED	20050107	9999	0	-67	NA	0	-67	520.0	42.249	-77.758
USC00300085	ALFRED	20050108	9999	33	-44	NA	33	-44	520.0	42.249	-77.758
USC00300085	ALFRED	20050109	9999	17	-39	NA	17	-39	520.0	42.249	-77.758
USC00300085	ALFRED	20050110	9999	39	0	NA	39	0	520.0	42.249	-77.758
USC00300085	ALFRED	20050111	9999	22	-33	NA	22	-33	520.0	42.249	-77.758
USC00300085	ALFRED	20050112	9999	72	33	NA	72	33	520.0	42.249	-77.758
USC00300085	ALFRED	20050113	9999	117	-17	NA	117	-17	520.0	42.249	-77.758
USC00300085	ALFRED	20050114	9999	22	-133	NA	22	-133	520.0	42.249	-77.758
USC00300085	ALFRED	20050115	9999	-33	-122	NA	-33	-122	520.0	42.249	-77.758
USC00300085	ALFRED	20050116	9999	-67	-133	NA	-67	-133	520.0	42.249	-77.758
USC00300085	ALFRED	20050117	9999	-111	-222	NA	-111	-222	520.0	42.249	-77.758
USC00300085	ALFRED	20050118	9999	-94	-200	NA	-94	-200	520.0	42.249	-77.758
USC00300085	ALFRED	20050119	9999	-50	-122	NA	-50	-122	520.0	42.249	-77.758
USC00300085	ALFRED	20050120	9999	-83	-233	NA	-83	-233	520.0	42.249	-77.758
USC00300085	ALFRED	20050121	9999	-100	-233	NA	-100	-233	520.0	42.249	-77.758
USC00300085	ALFRED	20050122	9999	-133	-200	NA	-133	-200	520.0	42.249	-77.758
USC00300085	ALFRED	20050123	9999	-133	-206	NA	-133	-206	520.0	42.249	-77.758
USC00300085	ALFRED	20050124	9999	-94	-200	NA	-94	-200	520.0	42.249	-77.758
USC00300085	ALFRED	20050125	9999	-22	-78	NA	-22	-78	520.0	42.249	-77.758
USC00300085	ALFRED	20050126	9999	-111	-261	NA	-111	-261	520.0	42.249	-77.758
USC00300085	ALFRED	20050127	9999	-78	-239	NA	-78	-239	520.0	42.249	-77.758
USC00300085	ALFRED	20050128	9999	-22	-200	NA	-22	-200	520.0	42.249	-77.758
USC00300085	ALFRED	20050129	9999	22	-122	NA	22	-122	520.0	42.249	-77.758
USC00300085	ALFRED	20050130	9999	17	-200	NA	17	-200	520.0	42.249	-77.758
USC00300085	ALFRED	20050131	9999	22	-161	NA	22	-161	520.0	42.249	-77.758
