STATION	NAME	DATE	SNWD	TMAX	TMIN	SNWD2	TMAX2	TMIN2	ELEV	LAT	LONG
USC00300093	ALLEGANYSP	19950101	0	44	-33	0	44	-33	457.2	42.100	-78.749
USC00300093	ALLEGANYSP	19950102	76	39	-67	76	39	-67	457.2	42.100	-78.749
USC00300093	ALLEGANYSP	19950103	51	-67	-106	51	-67	-106	457.2	42.100	-78.749
USC00300093	ALLEGANYSP	19950104	51	-44	-122	51	-44	-122	457.2	42.100	-78.749
USC00300093	ALLEGANYSP	19950105	76	-100	-156	76	-100	-156	457.2	42.100	-78.749
USC00300093	ALLEGANYSP	19950106	76	-94	-156	76	-94	-156	457.2	42.100	-78.749
USC00300093	ALLEGANYSP	19950107	102	11	-139	102	11	-139	457.2	42.100	-78.749
USC00300093	ALLEGANYSP	19950108	102	-28	-83	102	-28	-83	457.2	42.100	-78.749
USC00300093	ALLEGANYSP	19950109	102	-50	-78	102	-50	-78	457.2	42.100	-78.749
USC00300093	ALLEGANYSP	19950110	102	-61	-128	102	-61	-128	457.2	42.100	-78.749
USC00300093	ALLEGANYSP	19950111	102	-50	-128	102	-50	-128	457.2	42.100	-78.749
USC00300093	ALLEGANYSP	19950112	76	22	-50	76	22	-50	457.2	42.100	-78.749
USC00300093	ALLEGANYSP	19950113	0	117	17	0	117	17	457.2	42.100	-78.749
USC00300093	ALLEGANYSP	19950114	0	156	44	0	156	44	457.2	42.100	-78.749
USC00300093	ALLEGANYSP	19950115	0	172	106	0	172	106	457.2	42.100	-78.749
USC00300093	ALLEGANYSP	19950116	0	167	22	0	167	22	457.2	42.100	-78.749
USC00300093	ALLEGANYSP	19950117	0	28	0	0	28	0	457.2	42.100	-78.749
USC00300093	ALLEGANYSP	19950118	0	33	6	0	33	6	457.2	42.100	-78.749
USC00300093	ALLEGANYSP	19950119	0	111	17	0	111	17	457.2	42.100	-78.749
USC00300093	ALLEGANYSP	19950120	0	83	39	0	83	39	457.2	42.100	-78.749
USC00300093	ALLEGANYSP	19950121	0	67	0	0	67	0	457.2	42.100	-78.749
USC00300093	ALLEGANYSP	19950122	127	0	-67	127	0	-67	457.2	42.100	-78.749
USC00300093	ALLEGANYSP	19950123	127	-44	-72	127	-44	-72	457.2	42.100	-78.749
USC00300093	ALLEGANYSP	19950124	102	-33	-72	102	-33	-72	457.2	42.100	-78.749
USC00300093	ALLEGANYSP	19950125	152	-17	-44	152	-17	-44	457.2	42.100	-78.749
USC00300093	ALLEGANYSP	19950126	229	-33	-61	229	-33	-61	457.2	42.100	-78.749
USC00300093	ALLEGANYSP	19950127	229	-33	-56	229	-33	-56	457.2	42.100	-78.749
USC00300093	ALLEGANYSP	19950128	152	-22	-122	152	-22	-122	457.2	42.100	-78.749
USC00300093	ALLEGANYSP	19950129	152	-56	-172	152	-56	-172	457.2	42.100	-78.749
USC00300093	ALLEGANYSP	19950130	152	-6	-183	152	-6	-183	457.2	42.100	-78.749
USC00300093	ALLEGANYSP	19950131	127	0	-167	127	0	-167	457.2	42.100	-78.749
USC00300093	ALLEGANYSP	19960101	381	22	-72	381	22	-72	457.2	42.100	-78.749
USC00300093	ALLEGANYSP	19960102	381	22	-72	381	22	-72	457.2	42.100	-78.749
USC00300093	ALLEGANYSP	19960103	533	-56	-106	533	-56	-106	457.2	42.100	-78.749
USC00300093	ALLEGANYSP	19960104	584	-106	-222	584	-106	-222	457.2	42.100	-78.749
USC00300093	ALLEGANYSP	19960105	584	-94	-211	584	-94	-211	457.2	42.100	-78.749
USC00300093	ALLEGANYSP	19960106	610	-89	-278	610	-89	-278	457.2	42.100	-78.749
USC00300093	ALLEGANYSP	19960107	584	-106	-294	584	-106	-294	457.2	42.100	-78.749
USC00300093	ALLEGANYSP	19960108	584	-117	-161	584	-117	-161	457.2	42.100	-78.749
USC00300093	ALLEGANYSP	19960109	559	-78	-167	559	-78	-167	457.2	42.100	-78.749
USC00300093	ALLEGANYSP	19960110	584	-67	-106	584	-67	-106	457.2	42.100	-78.749
USC00300093	ALLEGANYSP	19960111	559	-94	-228	559	-94	-228	457.2	42.100	-78.749
USC00300093	ALLEGANYSP	19960112	559	-78	-122	559	-78	-122	457.2	42.100	-78.749
USC00300093	ALLEGANYSP	19960113	559	-50	-94	559	-50	-94	457.2	42.100	-78.749
USC00300093	ALLEGANYSP	19960114	533	-28	-83	533	-28	-83	457.2	42.100	-78.749
USC00300093	ALLEGANYSP	19960115	508	39	-83	508	39	-83	457.2	42.100	-78.749
USC00300093	ALLEGANYSP	19960116	508	-78	-150	508	-78	-150	457.2	42.100	-78.749
USC00300093	ALLEGANYSP	19960117	381	56	-89	381	56	-89	457.2	42.100	-78.749
USC00300093	ALLEGANYSP	19960118	305	83	6	305	83	6	457.2	42.100	-78.749
USC00300093	ALLEGANYSP	19960119	9999	128	61	NA	128	61	457.2	42.100	-78.749
USC00300093	ALLEGANYSP	19960120	76	-72	-117	76	-72	-117	457.2	42.100	-78.749
USC00300093	ALLEGANYSP	19960121	76	-61	-128	76	-61	-128	457.2	42.100	-78.749
USC00300093	ALLEGANYSP	19960122	76	-6	-100	76	-6	-100	457.2	42.100	-78.749
USC00300093	ALLEGANYSP	19960123	51	50	-100	51	50	-100	457.2	42.100	-78.749
USC00300093	ALLEGANYSP	19960124	25	50	0	25	50	0	457.2	42.100	-78.749
USC00300093	ALLEGANYSP	19960125	25	56	-94	25	56	-94	457.2	42.100	-78.749
USC00300093	ALLEGANYSP	19960126	25	-44	-100	25	-44	-100	457.2	42.100	-78.749
USC00300093	ALLEGANYSP	19960127	9999	67	-61	NA	67	-61	457.2	42.100	-78.749
USC00300093	ALLEGANYSP	19960128	76	78	-83	76	78	-83	457.2	42.100	-78.749
USC00300093	ALLEGANYSP	19960129	76	-50	-133	76	-50	-133	457.2	42.100	-78.749
USC00300093	ALLEGANYSP	19960130	76	6	-72	76	6	-72	457.2	42.100	-78.749
USC00300093	ALLEGANYSP	19960131	76	6	-139	76	6	-139	457.2	42.100	-78.749
USC00300093	ALLEGANYSP	19970101	0	-6	-117	0	-6	-117	457.2	42.100	-78.749
USC00300093	ALLEGANYSP	19970102	0	22	-94	0	22	-94	457.2	42.100	-78.749
USC00300093	ALLEGANYSP	19970103	0	100	11	0	100	11	457.2	42.100	-78.749
USC00300093	ALLEGANYSP	19970104	0	100	22	0	100	22	457.2	42.100	-78.749
USC00300093	ALLEGANYSP	19970105	0	144	22	0	144	22	457.2	42.100	-78.749
USC00300093	ALLEGANYSP	19970106	0	133	-33	0	133	-33	457.2	42.100	-78.749
USC00300093	ALLEGANYSP	19970107	51	-33	-78	51	-33	-78	457.2	42.100	-78.749
USC00300093	ALLEGANYSP	19970108	102	-61	-83	102	-61	-83	457.2	42.100	-78.749
USC00300093	ALLEGANYSP	19970109	76	-56	-117	76	-56	-117	457.2	42.100	-78.749
USC00300093	ALLEGANYSP	19970110	76	-6	-72	76	-6	-72	457.2	42.100	-78.749
USC00300093	ALLEGANYSP	19970111	76	-28	-144	76	-28	-144	457.2	42.100	-78.749
USC00300093	ALLEGANYSP	19970112	76	-111	-144	76	-111	-144	457.2	42.100	-78.749
USC00300093	ALLEGANYSP	19970113	76	-100	-144	76	-100	-144	457.2	42.100	-78.749
USC00300093	ALLEGANYSP	19970114	76	-83	-128	76	-83	-128	457.2	42.100	-78.749
USC00300093	ALLEGANYSP	19970115	76	-72	-194	76	-72	-194	457.2	42.100	-78.749
USC00300093	ALLEGANYSP	19970116	51	33	-133	51	33	-133	457.2	42.100	-78.749
USC00300093	ALLEGANYSP	19970117	127	-17	-200	127	-17	-200	457.2	42.100	-78.749
USC00300093	ALLEGANYSP	19970118	127	-161	-194	127	-161	-194	457.2	42.100	-78.749
USC00300093	ALLEGANYSP	19970119	127	-156	-256	127	-156	-256	457.2	42.100	-78.749
USC00300093	ALLEGANYSP	19970120	127	-61	-261	127	-61	-261	457.2	42.100	-78.749
USC00300093	ALLEGANYSP	19970121	152	-28	-100	152	-28	-100	457.2	42.100	-78.749
USC00300093	ALLEGANYSP	19970122	127	56	-106	127	56	-106	457.2	42.100	-78.749
USC00300093	ALLEGANYSP	19970123	51	72	0	51	72	0	457.2	42.100	-78.749
USC00300093	ALLEGANYSP	19970124	25	0	-106	25	0	-106	457.2	42.100	-78.749
USC00300093	ALLEGANYSP	19970125	51	50	-83	51	50	-83	457.2	42.100	-78.749
USC00300093	ALLEGANYSP	19970126	102	44	-106	102	44	-106	457.2	42.100	-78.749
USC00300093	ALLEGANYSP	19970127	127	-78	-133	127	-78	-133	457.2	42.100	-78.749
USC00300093	ALLEGANYSP	19970128	203	6	-83	203	6	-83	457.2	42.100	-78.749
USC00300093	ALLEGANYSP	19970129	203	-61	-144	203	-61	-144	457.2	42.100	-78.749
USC00300093	ALLEGANYSP	19970130	203	-83	-144	203	-83	-144	457.2	42.100	-78.749
USC00300093	ALLEGANYSP	19970131	178	-6	-111	178	-6	-111	457.2	42.100	-78.749
USC00300093	ALLEGANYSP	19980101	356	-106	-139	356	-106	-139	457.2	42.100	-78.749
USC00300093	ALLEGANYSP	19980102	356	22	-117	356	22	-117	457.2	42.100	-78.749
USC00300093	ALLEGANYSP	19980103	178	61	17	178	61	17	457.2	42.100	-78.749
USC00300093	ALLEGANYSP	19980104	51	78	33	51	78	33	457.2	42.100	-78.749
USC00300093	ALLEGANYSP	19980105	51	56	17	51	56	17	457.2	42.100	-78.749
USC00300093	ALLEGANYSP	19980106	9999	156	22	NA	156	22	457.2	42.100	-78.749
USC00300093	ALLEGANYSP	19980107	9999	122	67	NA	122	67	457.2	42.100	-78.749
USC00300093	ALLEGANYSP	19980108	0	139	28	0	139	28	457.2	42.100	-78.749
USC00300093	ALLEGANYSP	19980109	0	78	22	0	78	22	457.2	42.100	-78.749
USC00300093	ALLEGANYSP	19980110	0	72	0	0	72	0	457.2	42.100	-78.749
USC00300093	ALLEGANYSP	19980111	0	33	-44	0	33	-44	457.2	42.100	-78.749
USC00300093	ALLEGANYSP	19980112	0	-28	-72	0	-28	-72	457.2	42.100	-78.749
USC00300093	ALLEGANYSP	19980113	0	83	-78	0	83	-78	457.2	42.100	-78.749
USC00300093	ALLEGANYSP	19980114	25	0	-111	25	0	-111	457.2	42.100	-78.749
USC00300093	ALLEGANYSP	19980115	9999	-28	-128	NA	-28	-128	457.2	42.100	-78.749
USC00300093	ALLEGANYSP	19980116	25	6	-33	25	6	-33	457.2	42.100	-78.749
USC00300093	ALLEGANYSP	19980117	25	-33	-44	25	-33	-44	457.2	42.100	-78.749
USC00300093	ALLEGANYSP	19980118	25	0	-39	25	0	-39	457.2	42.100	-78.749
USC00300093	ALLEGANYSP	19980119	51	-6	-111	51	-6	-111	457.2	42.100	-78.749
USC00300093	ALLEGANYSP	19980120	76	-6	-117	76	-6	-117	457.2	42.100	-78.749
USC00300093	ALLEGANYSP	19980121	102	-17	-94	102	-17	-94	457.2	42.100	-78.749
USC00300093	ALLEGANYSP	19980122	102	-33	-106	102	-33	-106	457.2	42.100	-78.749
USC00300093	ALLEGANYSP	19980123	127	0	-61	127	0	-61	457.2	42.100	-78.749
USC00300093	ALLEGANYSP	19980124	76	28	-28	76	28	-28	457.2	42.100	-78.749
USC00300093	ALLEGANYSP	19980125	102	-11	-50	102	-11	-50	457.2	42.100	-78.749
USC00300093	ALLEGANYSP	19980126	102	-28	-44	102	-28	-44	457.2	42.100	-78.749
USC00300093	ALLEGANYSP	19980127	102	6	-67	102	6	-67	457.2	42.100	-78.749
USC00300093	ALLEGANYSP	19980128	51	28	-28	51	28	-28	457.2	42.100	-78.749
USC00300093	ALLEGANYSP	19980129	25	50	-44	25	50	-44	457.2	42.100	-78.749
USC00300093	ALLEGANYSP	19980130	25	72	-39	25	72	-39	457.2	42.100	-78.749
USC00300093	ALLEGANYSP	19980131	25	-6	-44	25	-6	-44	457.2	42.100	-78.749
USC00300093	ALLEGANYSP	19990101	178	-72	-111	178	-72	-111	457.2	42.100	-78.749
USC00300093	ALLEGANYSP	19990102	178	-111	-228	178	-111	-228	457.2	42.100	-78.749
USC00300093	ALLEGANYSP	19990103	127	11	-200	127	11	-200	457.2	42.100	-78.749
USC00300093	ALLEGANYSP	19990104	127	28	-117	127	28	-117	457.2	42.100	-78.749
USC00300093	ALLEGANYSP	19990105	127	-94	-150	127	-94	-150	457.2	42.100	-78.749
USC00300093	ALLEGANYSP	19990106	127	-94	-194	127	-94	-194	457.2	42.100	-78.749
USC00300093	ALLEGANYSP	19990107	203	-44	-128	203	-44	-128	457.2	42.100	-78.749
USC00300093	ALLEGANYSP	19990108	203	-83	-172	203	-83	-172	457.2	42.100	-78.749
USC00300093	ALLEGANYSP	19990109	279	-11	-144	279	-11	-144	457.2	42.100	-78.749
USC00300093	ALLEGANYSP	19990110	330	-56	-133	330	-56	-133	457.2	42.100	-78.749
USC00300093	ALLEGANYSP	19990111	330	-89	-150	330	-89	-150	457.2	42.100	-78.749
USC00300093	ALLEGANYSP	19990112	381	6	-150	381	6	-150	457.2	42.100	-78.749
USC00300093	ALLEGANYSP	19990113	406	6	-67	406	6	-67	457.2	42.100	-78.749
USC00300093	ALLEGANYSP	19990114	457	-67	-172	457	-67	-172	457.2	42.100	-78.749
USC00300093	ALLEGANYSP	19990115	559	-39	-172	559	-39	-172	457.2	42.100	-78.749
USC00300093	ALLEGANYSP	19990116	559	-67	-122	559	-67	-122	457.2	42.100	-78.749
USC00300093	ALLEGANYSP	19990117	533	22	-72	533	22	-72	457.2	42.100	-78.749
USC00300093	ALLEGANYSP	19990118	432	61	-83	432	61	-83	457.2	42.100	-78.749
USC00300093	ALLEGANYSP	19990119	508	72	-17	508	72	-17	457.2	42.100	-78.749
USC00300093	ALLEGANYSP	19990120	508	-11	-111	508	-11	-111	457.2	42.100	-78.749
USC00300093	ALLEGANYSP	19990121	508	28	-100	508	28	-100	457.2	42.100	-78.749
USC00300093	ALLEGANYSP	19990122	483	33	-72	483	33	-72	457.2	42.100	-78.749
USC00300093	ALLEGANYSP	19990123	406	94	28	406	94	28	457.2	42.100	-78.749
USC00300093	ALLEGANYSP	19990124	203	133	17	203	133	17	457.2	42.100	-78.749
USC00300093	ALLEGANYSP	19990125	178	17	-22	178	17	-22	457.2	42.100	-78.749
USC00300093	ALLEGANYSP	19990126	254	0	-28	254	0	-28	457.2	42.100	-78.749
USC00300093	ALLEGANYSP	19990127	229	-6	-111	229	-6	-111	457.2	42.100	-78.749
USC00300093	ALLEGANYSP	19990128	203	78	-83	203	78	-83	457.2	42.100	-78.749
USC00300093	ALLEGANYSP	19990129	203	28	-61	203	28	-61	457.2	42.100	-78.749
USC00300093	ALLEGANYSP	19990130	203	-28	-61	203	-28	-61	457.2	42.100	-78.749
USC00300093	ALLEGANYSP	19990131	203	-11	-111	203	-11	-111	457.2	42.100	-78.749
USC00300093	ALLEGANYSP	20000101	152	11	-44	152	11	-44	457.2	42.100	-78.749
USC00300093	ALLEGANYSP	20000102	127	83	-56	127	83	-56	457.2	42.100	-78.749
USC00300093	ALLEGANYSP	20000103	9999	144	0	NA	144	0	457.2	42.100	-78.749
USC00300093	ALLEGANYSP	20000104	9999	139	67	NA	139	67	457.2	42.100	-78.749
USC00300093	ALLEGANYSP	20000105	0	144	-56	0	144	-56	457.2	42.100	-78.749
USC00300093	ALLEGANYSP	20000106	0	-33	-61	0	-33	-61	457.2	42.100	-78.749
USC00300093	ALLEGANYSP	20000107	0	22	-33	0	22	-33	457.2	42.100	-78.749
USC00300093	ALLEGANYSP	20000108	25	6	-56	25	6	-56	457.2	42.100	-78.749
USC00300093	ALLEGANYSP	20000109	25	28	-67	25	28	-67	457.2	42.100	-78.749
USC00300093	ALLEGANYSP	20000110	9999	44	-17	NA	44	-17	457.2	42.100	-78.749
USC00300093	ALLEGANYSP	20000111	9999	61	22	NA	61	22	457.2	42.100	-78.749
USC00300093	ALLEGANYSP	20000112	127	22	-28	127	22	-28	457.2	42.100	-78.749
USC00300093	ALLEGANYSP	20000113	127	22	-33	127	22	-33	457.2	42.100	-78.749
USC00300093	ALLEGANYSP	20000114	152	-33	-161	152	-33	-161	457.2	42.100	-78.749
USC00300093	ALLEGANYSP	20000115	152	-89	-150	152	-89	-150	457.2	42.100	-78.749
USC00300093	ALLEGANYSP	20000116	152	28	-122	152	28	-122	457.2	42.100	-78.749
USC00300093	ALLEGANYSP	20000117	152	28	-189	152	28	-189	457.2	42.100	-78.749
USC00300093	ALLEGANYSP	20000118	152	-144	-206	152	-144	-206	457.2	42.100	-78.749
USC00300093	ALLEGANYSP	20000119	152	-78	-206	152	-78	-206	457.2	42.100	-78.749
USC00300093	ALLEGANYSP	20000120	229	-33	-89	229	-33	-89	457.2	42.100	-78.749
USC00300093	ALLEGANYSP	20000121	254	-39	-222	254	-39	-222	457.2	42.100	-78.749
USC00300093	ALLEGANYSP	20000122	254	-128	-228	254	-128	-228	457.2	42.100	-78.749
USC00300093	ALLEGANYSP	20000123	254	-100	-217	254	-100	-217	457.2	42.100	-78.749
USC00300093	ALLEGANYSP	20000124	254	-17	-100	254	-17	-100	457.2	42.100	-78.749
USC00300093	ALLEGANYSP	20000125	254	-67	-189	254	-67	-189	457.2	42.100	-78.749
USC00300093	ALLEGANYSP	20000126	254	-78	-161	254	-78	-161	457.2	42.100	-78.749
USC00300093	ALLEGANYSP	20000127	254	-72	-172	254	-72	-172	457.2	42.100	-78.749
USC00300093	ALLEGANYSP	20000128	254	-172	-178	254	-172	-178	457.2	42.100	-78.749
USC00300093	ALLEGANYSP	20000129	203	-89	-217	203	-89	-217	457.2	42.100	-78.749
USC00300093	ALLEGANYSP	20000130	178	-6	-222	178	-6	-222	457.2	42.100	-78.749
USC00300093	ALLEGANYSP	20000131	229	0	-67	229	0	-67	457.2	42.100	-78.749
USC00300093	ALLEGANYSP	20010101	330	-72	-100	330	-72	-100	457.2	42.100	-78.749
USC00300093	ALLEGANYSP	20010102	330	-44	-133	330	-44	-133	457.2	42.100	-78.749
USC00300093	ALLEGANYSP	20010103	330	-61	-139	330	-61	-139	457.2	42.100	-78.749
USC00300093	ALLEGANYSP	20010104	330	-44	-94	330	-44	-94	457.2	42.100	-78.749
USC00300093	ALLEGANYSP	20010105	305	-33	-61	305	-33	-61	457.2	42.100	-78.749
USC00300093	ALLEGANYSP	20010106	356	-6	-44	356	-6	-44	457.2	42.100	-78.749
USC00300093	ALLEGANYSP	20010107	356	-17	-44	356	-17	-44	457.2	42.100	-78.749
USC00300093	ALLEGANYSP	20010108	305	6	-22	305	6	-22	457.2	42.100	-78.749
USC00300093	ALLEGANYSP	20010109	305	-11	-128	305	-11	-128	457.2	42.100	-78.749
USC00300093	ALLEGANYSP	20010110	305	-44	-128	305	-44	-128	457.2	42.100	-78.749
USC00300093	ALLEGANYSP	20010111	305	0	-61	305	0	-61	457.2	42.100	-78.749
USC00300093	ALLEGANYSP	20010112	279	6	-133	279	6	-133	457.2	42.100	-78.749
USC00300093	ALLEGANYSP	20010113	254	17	-117	254	17	-117	457.2	42.100	-78.749
USC00300093	ALLEGANYSP	20010114	254	22	-111	254	22	-111	457.2	42.100	-78.749
USC00300093	ALLEGANYSP	20010115	203	22	-89	203	22	-89	457.2	42.100	-78.749
USC00300093	ALLEGANYSP	20010116	102	50	0	102	50	0	457.2	42.100	-78.749
USC00300093	ALLEGANYSP	20010117	102	6	-11	102	6	-11	457.2	42.100	-78.749
USC00300093	ALLEGANYSP	20010118	102	-11	-28	102	-11	-28	457.2	42.100	-78.749
USC00300093	ALLEGANYSP	20010119	102	28	-39	102	28	-39	457.2	42.100	-78.749
USC00300093	ALLEGANYSP	20010120	102	0	-72	102	0	-72	457.2	42.100	-78.749
USC00300093	ALLEGANYSP	20010121	102	-39	-117	102	-39	-117	457.2	42.100	-78.749
USC00300093	ALLEGANYSP	20010122	102	-39	-100	102	-39	-100	457.2	42.100	-78.749
USC00300093	ALLEGANYSP	20010123	102	-28	-111	102	-28	-111	457.2	42.100	-78.749
USC00300093	ALLEGANYSP	20010124	102	28	-111	102	28	-111	457.2	42.100	-78.749
USC00300093	ALLEGANYSP	20010125	152	0	-72	152	0	-72	457.2	42.100	-78.749
USC00300093	ALLEGANYSP	20010126	178	-50	-94	178	-50	-94	457.2	42.100	-78.749
USC00300093	ALLEGANYSP	20010127	229	6	-94	229	6	-94	457.2	42.100	-78.749
USC00300093	ALLEGANYSP	20010128	305	-22	-83	305	-22	-83	457.2	42.100	-78.749
USC00300093	ALLEGANYSP	20010129	305	-39	-128	305	-39	-128	457.2	42.100	-78.749
USC00300093	ALLEGANYSP	20010130	254	28	-128	254	28	-128	457.2	42.100	-78.749
USC00300093	ALLEGANYSP	20010131	203	50	6	203	50	6	457.2	42.100	-78.749
USC00300093	ALLEGANYSP	20020101	229	-50	-106	229	-50	-106	457.2	42.100	-78.749
USC00300093	ALLEGANYSP	20020102	203	-39	-106	203	-39	-106	457.2	42.100	-78.749
USC00300093	ALLEGANYSP	20020103	203	-33	-106	203	-33	-106	457.2	42.100	-78.749
USC00300093	ALLEGANYSP	20020104	178	-28	-67	178	-28	-67	457.2	42.100	-78.749
USC00300093	ALLEGANYSP	20020105	152	-6	-50	152	-6	-50	457.2	42.100	-78.749
USC00300093	ALLEGANYSP	20020106	152	28	-28	152	28	-28	457.2	42.100	-78.749
USC00300093	ALLEGANYSP	20020107	203	-6	-22	203	-6	-22	457.2	42.100	-78.749
USC00300093	ALLEGANYSP	20020108	203	-17	-72	203	-17	-72	457.2	42.100	-78.749
USC00300093	ALLEGANYSP	20020109	203	-22	-67	203	-22	-67	457.2	42.100	-78.749
USC00300093	ALLEGANYSP	20020110	152	44	-17	152	44	-17	457.2	42.100	-78.749
USC00300093	ALLEGANYSP	20020111	102	50	-11	102	50	-11	457.2	42.100	-78.749
USC00300093	ALLEGANYSP	20020112	102	17	-11	102	17	-11	457.2	42.100	-78.749
USC00300093	ALLEGANYSP	20020113	76	39	-28	76	39	-28	457.2	42.100	-78.749
USC00300093	ALLEGANYSP	20020114	152	-11	-67	152	-11	-67	457.2	42.100	-78.749
USC00300093	ALLEGANYSP	20020115	152	44	-67	152	44	-67	457.2	42.100	-78.749
USC00300093	ALLEGANYSP	20020116	152	17	-28	152	17	-28	457.2	42.100	-78.749
USC00300093	ALLEGANYSP	20020117	203	0	9999	203	0	NA	457.2	42.100	-78.749
USC00300093	ALLEGANYSP	20020118	203	9999	9999	203	NA	NA	457.2	42.100	-78.749
USC00300093	ALLEGANYSP	20020119	229	9999	9999	229	NA	NA	457.2	42.100	-78.749
USC00300093	ALLEGANYSP	20020120	279	9999	9999	279	NA	NA	457.2	42.100	-78.749
USC00300093	ALLEGANYSP	20020121	229	9999	9999	229	NA	NA	457.2	42.100	-78.749
USC00300093	ALLEGANYSP	20020122	178	9999	9999	178	NA	NA	457.2	42.100	-78.749
USC00300093	ALLEGANYSP	20020123	152	9999	9999	152	NA	NA	457.2	42.100	-78.749
USC00300093	ALLEGANYSP	20020124	102	9999	9999	102	NA	NA	457.2	42.100	-78.749
USC00300093	ALLEGANYSP	20020125	76	9999	9999	76	NA	NA	457.2	42.100	-78.749
USC00300093	ALLEGANYSP	20020126	51	9999	9999	51	NA	NA	457.2	42.100	-78.749
USC00300093	ALLEGANYSP	20020127	51	9999	9999	51	NA	NA	457.2	42.100	-78.749
USC00300093	ALLEGANYSP	20020128	25	9999	9999	25	NA	NA	457.2	42.100	-78.749
USC00300093	ALLEGANYSP	20020129	25	9999	9999	25	NA	NA	457.2	42.100	-78.749
USC00300093	ALLEGANYSP	20020130	0	9999	9999	0	NA	NA	457.2	42.100	-78.749
USC00300093	ALLEGANYSP	20020131	25	9999	9999	25	NA	NA	457.2	42.100	-78.749
USC00300093	ALLEGANYSP	20030101	76	56	-6	76	56	-6	457.2	42.100	-78.749
USC00300093	ALLEGANYSP	20030102	76	0	-72	76	0	-72	457.2	42.100	-78.749
USC00300093	ALLEGANYSP	20030103	127	-6	-78	127	-6	-78	457.2	42.100	-78.749
USC00300093	ALLEGANYSP	20030104	178	-6	-33	178	-6	-33	457.2	42.100	-78.749
USC00300093	ALLEGANYSP	20030105	152	-22	-56	152	-22	-56	457.2	42.100	-78.749
USC00300093	ALLEGANYSP	20030106	178	-28	-56	178	-28	-56	457.2	42.100	-78.749
USC00300093	ALLEGANYSP	20030107	178	-22	-111	178	-22	-111	457.2	42.100	-78.749
USC00300093	ALLEGANYSP	20030108	178	0	-106	178	0	-106	457.2	42.100	-78.749
USC00300093	ALLEGANYSP	20030109	178	39	0	178	39	0	457.2	42.100	-78.749
USC00300093	ALLEGANYSP	20030110	178	39	-67	178	39	-67	457.2	42.100	-78.749
USC00300093	ALLEGANYSP	20030111	254	-44	-94	254	-44	-94	457.2	42.100	-78.749
USC00300093	ALLEGANYSP	20030112	279	-61	-94	279	-61	-94	457.2	42.100	-78.749
USC00300093	ALLEGANYSP	20030113	279	-44	-106	279	-44	-106	457.2	42.100	-78.749
USC00300093	ALLEGANYSP	20030114	305	-44	-106	305	-44	-106	457.2	42.100	-78.749
USC00300093	ALLEGANYSP	20030115	305	-67	-122	305	-67	-122	457.2	42.100	-78.749
USC00300093	ALLEGANYSP	20030116	356	-83	-106	356	-83	-106	457.2	42.100	-78.749
USC00300093	ALLEGANYSP	20030117	330	-72	-128	330	-72	-128	457.2	42.100	-78.749
USC00300093	ALLEGANYSP	20030118	330	-100	-222	330	-100	-222	457.2	42.100	-78.749
USC00300093	ALLEGANYSP	20030119	330	-72	-200	330	-72	-200	457.2	42.100	-78.749
USC00300093	ALLEGANYSP	20030120	432	-78	-122	432	-78	-122	457.2	42.100	-78.749
USC00300093	ALLEGANYSP	20030121	457	-78	-183	457	-78	-183	457.2	42.100	-78.749
USC00300093	ALLEGANYSP	20030122	381	-94	-167	381	-94	-167	457.2	42.100	-78.749
USC00300093	ALLEGANYSP	20030123	330	-111	-222	330	-111	-222	457.2	42.100	-78.749
USC00300093	ALLEGANYSP	20030124	330	-128	-189	330	-128	-189	457.2	42.100	-78.749
USC00300093	ALLEGANYSP	20030125	330	-94	-206	330	-94	-206	457.2	42.100	-78.749
USC00300093	ALLEGANYSP	20030126	330	-67	-117	330	-67	-117	457.2	42.100	-78.749
USC00300093	ALLEGANYSP	20030127	381	-56	-222	381	-56	-222	457.2	42.100	-78.749
USC00300093	ALLEGANYSP	20030128	381	-117	-233	381	-117	-233	457.2	42.100	-78.749
USC00300093	ALLEGANYSP	20030129	330	-50	-117	330	-50	-117	457.2	42.100	-78.749
USC00300093	ALLEGANYSP	20030130	330	-33	-189	330	-33	-189	457.2	42.100	-78.749
USC00300093	ALLEGANYSP	20030131	305	-6	-194	305	-6	-194	457.2	42.100	-78.749
USC00300093	ALLEGANYSP	20040101	0	61	-50	0	61	-50	457.2	42.100	-78.749
USC00300093	ALLEGANYSP	20040102	0	39	-28	0	39	-28	457.2	42.100	-78.749
USC00300093	ALLEGANYSP	20040103	0	122	28	0	122	28	457.2	42.100	-78.749
USC00300093	ALLEGANYSP	20040104	0	144	28	0	144	28	457.2	42.100	-78.749
USC00300093	ALLEGANYSP	20040105	25	22	-22	25	22	-22	457.2	42.100	-78.749
USC00300093	ALLEGANYSP	20040106	51	22	-56	51	22	-56	457.2	42.100	-78.749
USC00300093	ALLEGANYSP	20040107	102	-44	-139	102	-44	-139	457.2	42.100	-78.749
USC00300093	ALLEGANYSP	20040108	203	-89	-128	203	-89	-128	457.2	42.100	-78.749
USC00300093	ALLEGANYSP	20040109	178	-61	-161	178	-61	-161	457.2	42.100	-78.749
USC00300093	ALLEGANYSP	20040110	152	-150	-261	152	-150	-261	457.2	42.100	-78.749
USC00300093	ALLEGANYSP	20040111	152	-144	-217	152	-144	-217	457.2	42.100	-78.749
USC00300093	ALLEGANYSP	20040112	127	-6	-133	127	-6	-133	457.2	42.100	-78.749
USC00300093	ALLEGANYSP	20040113	127	6	-22	127	6	-22	457.2	42.100	-78.749
USC00300093	ALLEGANYSP	20040114	178	-11	-189	178	-11	-189	457.2	42.100	-78.749
USC00300093	ALLEGANYSP	20040115	229	-117	-200	229	-117	-200	457.2	42.100	-78.749
USC00300093	ALLEGANYSP	20040116	229	-144	-222	229	-144	-222	457.2	42.100	-78.749
USC00300093	ALLEGANYSP	20040117	203	-117	-189	203	-117	-189	457.2	42.100	-78.749
USC00300093	ALLEGANYSP	20040118	229	-11	-178	229	-11	-178	457.2	42.100	-78.749
USC00300093	ALLEGANYSP	20040119	356	-22	-106	356	-22	-106	457.2	42.100	-78.749
USC00300093	ALLEGANYSP	20040120	406	-83	-106	406	-83	-106	457.2	42.100	-78.749
USC00300093	ALLEGANYSP	20040121	432	-94	-117	432	-94	-117	457.2	42.100	-78.749
USC00300093	ALLEGANYSP	20040122	457	-22	-111	457	-22	-111	457.2	42.100	-78.749
USC00300093	ALLEGANYSP	20040123	330	-28	-172	330	-28	-172	457.2	42.100	-78.749
USC00300093	ALLEGANYSP	20040124	356	-28	-178	356	-28	-178	457.2	42.100	-78.749
USC00300093	ALLEGANYSP	20040125	330	-22	-222	330	-22	-222	457.2	42.100	-78.749
USC00300093	ALLEGANYSP	20040126	330	-94	-206	330	-94	-206	457.2	42.100	-78.749
USC00300093	ALLEGANYSP	20040127	330	-56	-111	330	-56	-111	457.2	42.100	-78.749
USC00300093	ALLEGANYSP	20040128	381	-33	-89	381	-33	-89	457.2	42.100	-78.749
USC00300093	ALLEGANYSP	20040129	381	-33	-128	381	-33	-128	457.2	42.100	-78.749
USC00300093	ALLEGANYSP	20040130	381	-33	-156	381	-33	-156	457.2	42.100	-78.749
USC00300093	ALLEGANYSP	20040131	356	-33	-156	356	-33	-156	457.2	42.100	-78.749
USC00300093	ALLEGANYSP	20050101	0	111	22	0	111	22	457.2	42.100	-78.749
USC00300093	ALLEGANYSP	20050102	0	9999	9999	0	NA	NA	457.2	42.100	-78.749
USC00300093	ALLEGANYSP	20050103	0	9999	9999	0	NA	NA	457.2	42.100	-78.749
USC00300093	ALLEGANYSP	20050104	0	9999	9999	0	NA	NA	457.2	42.100	-78.749
USC00300093	ALLEGANYSP	20050105	25	100	-22	25	100	-22	457.2	42.100	-78.749
USC00300093	ALLEGANYSP	20050106	127	-11	-50	127	-11	-50	457.2	42.100	-78.749
USC00300093	ALLEGANYSP	20050107	102	44	-39	102	44	-39	457.2	42.100	-78.749
USC00300093	ALLEGANYSP	20050108	127	9999	9999	127	NA	NA	457.2	42.100	-78.749
USC00300093	ALLEGANYSP	20050109	178	9999	9999	178	NA	NA	457.2	42.100	-78.749
USC00300093	ALLEGANYSP	20050110	127	9999	9999	127	NA	NA	457.2	42.100	-78.749
USC00300093	ALLEGANYSP	20050111	127	9999	9999	127	NA	NA	457.2	42.100	-78.749
USC00300093	ALLEGANYSP	20050112	102	28	-39	102	28	-39	457.2	42.100	-78.749
USC00300093	ALLEGANYSP	20050113	51	78	17	51	78	17	457.2	42.100	-78.749
USC00300093	ALLEGANYSP	20050114	25	161	-6	25	161	-6	457.2	42.100	-78.749
USC00300093	ALLEGANYSP	20050115	25	-6	-94	25	-6	-94	457.2	42.100	-78.749
USC00300093	ALLEGANYSP	20050116	25	9999	9999	25	NA	NA	457.2	42.100	-78.749
USC00300093	ALLEGANYSP	20050117	102	9999	9999	102	NA	NA	457.2	42.100	-78.749
USC00300093	ALLEGANYSP	20050118	152	9999	9999	152	NA	NA	457.2	42.100	-78.749
USC00300093	ALLEGANYSP	20050119	127	-61	-189	127	-61	-189	457.2	42.100	-78.749
USC00300093	ALLEGANYSP	20050120	305	-44	-94	305	-44	-94	457.2	42.100	-78.749
USC00300093	ALLEGANYSP	20050121	305	-83	-211	305	-83	-211	457.2	42.100	-78.749
USC00300093	ALLEGANYSP	20050122	305	9999	9999	305	NA	NA	457.2	42.100	-78.749
USC00300093	ALLEGANYSP	20050123	457	9999	9999	457	NA	NA	457.2	42.100	-78.749
USC00300093	ALLEGANYSP	20050124	457	9999	9999	457	NA	NA	457.2	42.100	-78.749
USC00300093	ALLEGANYSP	20050125	533	9999	9999	533	NA	NA	457.2	42.100	-78.749
USC00300093	ALLEGANYSP	20050126	508	-17	-239	508	-17	-239	457.2	42.100	-78.749
USC00300093	ALLEGANYSP	20050127	508	-11	-156	508	-11	-156	457.2	42.100	-78.749
USC00300093	ALLEGANYSP	20050128	508	-11	-244	508	-11	-244	457.2	42.100	-78.749
USC00300093	ALLEGANYSP	20050129	508	-39	-244	508	-39	-244	457.2	42.100	-78.749
USC00300093	ALLEGANYSP	20050130	457	9999	9999	457	NA	NA	457.2	42.100	-78.749
USC00300093	ALLEGANYSP	20050131	381	9999	9999	381	NA	NA	457.2	42.100	-78.749
