STATION	NAME	DATE	SNWD	TMAX	TMIN	SNWD2	TMAX2	TMIN2	ELEV	LAT	LONG
USC00300183	ANGELICA	19950101	0	50	-17	0	50	-17	452.0	42.303	-78.018
USC00300183	ANGELICA	19950102	0	-44	-56	0	-44	-56	452.0	42.303	-78.018
USC00300183	ANGELICA	19950103	0	-33	-117	0	-33	-117	452.0	42.303	-78.018
USC00300183	ANGELICA	19950104	0	-94	-117	0	-94	-117	452.0	42.303	-78.018
USC00300183	ANGELICA	19950105	0	-78	-189	0	-78	-189	452.0	42.303	-78.018
USC00300183	ANGELICA	19950106	0	11	-150	0	11	-150	452.0	42.303	-78.018
USC00300183	ANGELICA	19950107	25	-17	-83	25	-17	-83	452.0	42.303	-78.018
USC00300183	ANGELICA	19950108	25	-33	-83	25	-33	-83	452.0	42.303	-78.018
USC00300183	ANGELICA	19950109	25	-56	-72	25	-56	-72	452.0	42.303	-78.018
USC00300183	ANGELICA	19950110	25	-39	-150	25	-39	-150	452.0	42.303	-78.018
USC00300183	ANGELICA	19950111	25	33	-156	25	33	-156	452.0	42.303	-78.018
USC00300183	ANGELICA	19950112	0	128	-50	0	128	-50	452.0	42.303	-78.018
USC00300183	ANGELICA	19950113	0	172	28	0	172	28	452.0	42.303	-78.018
USC00300183	ANGELICA	19950114	0	172	17	0	172	17	452.0	42.303	-78.018
USC00300183	ANGELICA	19950115	0	178	83	0	178	83	452.0	42.303	-78.018
USC00300183	ANGELICA	19950116	0	61	50	0	61	50	452.0	42.303	-78.018
USC00300183	ANGELICA	19950117	0	11	-6	0	11	-6	452.0	42.303	-78.018
USC00300183	ANGELICA	19950118	0	117	-11	0	117	-11	452.0	42.303	-78.018
USC00300183	ANGELICA	19950119	0	83	-11	0	83	-11	452.0	42.303	-78.018
USC00300183	ANGELICA	19950120	0	67	39	0	67	39	452.0	42.303	-78.018
USC00300183	ANGELICA	19950121	51	11	-6	51	11	-6	452.0	42.303	-78.018
USC00300183	ANGELICA	19950122	25	-39	-56	25	-39	-56	452.0	42.303	-78.018
USC00300183	ANGELICA	19950123	25	-17	-78	25	-17	-78	452.0	42.303	-78.018
USC00300183	ANGELICA	19950124	25	-11	-67	25	-11	-67	452.0	42.303	-78.018
USC00300183	ANGELICA	19950125	76	-11	-39	76	-11	-39	452.0	42.303	-78.018
USC00300183	ANGELICA	19950126	102	-22	-56	102	-22	-56	452.0	42.303	-78.018
USC00300183	ANGELICA	19950127	127	-22	-61	127	-22	-61	452.0	42.303	-78.018
USC00300183	ANGELICA	19950128	127	-56	-161	127	-56	-161	452.0	42.303	-78.018
USC00300183	ANGELICA	19950129	127	11	-239	127	11	-239	452.0	42.303	-78.018
USC00300183	ANGELICA	19950130	102	22	-239	102	22	-239	452.0	42.303	-78.018
USC00300183	ANGELICA	19950131	76	28	-206	76	28	-206	452.0	42.303	-78.018
USC00300183	ANGELICA	19960101	254	0	-56	254	0	-56	452.0	42.303	-78.018
USC00300183	ANGELICA	19960102	203	-83	-89	203	-83	-89	452.0	42.303	-78.018
USC00300183	ANGELICA	19960103	406	-100	-122	406	-100	-122	452.0	42.303	-78.018
USC00300183	ANGELICA	19960104	508	-106	-278	508	-106	-278	452.0	42.303	-78.018
USC00300183	ANGELICA	19960105	508	-100	-289	508	-100	-289	452.0	42.303	-78.018
USC00300183	ANGELICA	19960106	508	-122	-356	508	-122	-356	452.0	42.303	-78.018
USC00300183	ANGELICA	19960107	483	-133	-356	483	-133	-356	452.0	42.303	-78.018
USC00300183	ANGELICA	19960108	457	-83	-161	457	-83	-161	452.0	42.303	-78.018
USC00300183	ANGELICA	19960109	432	-78	-183	432	-78	-183	452.0	42.303	-78.018
USC00300183	ANGELICA	19960110	457	-100	-111	457	-100	-111	452.0	42.303	-78.018
USC00300183	ANGELICA	19960111	457	-89	-261	457	-89	-261	452.0	42.303	-78.018
USC00300183	ANGELICA	19960112	432	-33	-272	432	-33	-272	452.0	42.303	-78.018
USC00300183	ANGELICA	19960113	406	-33	-150	406	-33	-150	452.0	42.303	-78.018
USC00300183	ANGELICA	19960114	406	39	-94	406	39	-94	452.0	42.303	-78.018
USC00300183	ANGELICA	19960115	356	-78	-94	356	-78	-94	452.0	42.303	-78.018
USC00300183	ANGELICA	19960116	356	44	-206	356	44	-206	452.0	42.303	-78.018
USC00300183	ANGELICA	19960117	305	72	-83	305	72	-83	452.0	42.303	-78.018
USC00300183	ANGELICA	19960118	254	128	-11	254	128	-11	452.0	42.303	-78.018
USC00300183	ANGELICA	19960119	0	78	67	0	78	67	452.0	42.303	-78.018
USC00300183	ANGELICA	19960120	51	-61	-122	51	-61	-122	452.0	42.303	-78.018
USC00300183	ANGELICA	19960121	51	-17	-150	51	-17	-150	452.0	42.303	-78.018
USC00300183	ANGELICA	19960122	51	39	-139	51	39	-139	452.0	42.303	-78.018
USC00300183	ANGELICA	19960123	25	28	-122	25	28	-122	452.0	42.303	-78.018
USC00300183	ANGELICA	19960124	0	50	-11	0	50	-11	452.0	42.303	-78.018
USC00300183	ANGELICA	19960125	0	-56	-100	0	-56	-100	452.0	42.303	-78.018
USC00300183	ANGELICA	19960126	0	67	-106	0	67	-106	452.0	42.303	-78.018
USC00300183	ANGELICA	19960127	0	72	-56	0	72	-56	452.0	42.303	-78.018
USC00300183	ANGELICA	19960128	25	-56	-89	25	-56	-89	452.0	42.303	-78.018
USC00300183	ANGELICA	19960129	25	-6	-150	25	-6	-150	452.0	42.303	-78.018
USC00300183	ANGELICA	19960130	0	-50	-72	0	-50	-72	452.0	42.303	-78.018
USC00300183	ANGELICA	19960131	0	-106	-167	0	-106	-167	452.0	42.303	-78.018
USC00300183	ANGELICA	19970101	25	28	-144	25	28	-144	452.0	42.303	-78.018
USC00300183	ANGELICA	19970102	0	111	-128	0	111	-128	452.0	42.303	-78.018
USC00300183	ANGELICA	19970103	0	117	22	0	117	22	452.0	42.303	-78.018
USC00300183	ANGELICA	19970104	0	133	11	0	133	11	452.0	42.303	-78.018
USC00300183	ANGELICA	19970105	0	122	17	0	122	17	452.0	42.303	-78.018
USC00300183	ANGELICA	19970106	0	-17	-22	0	-17	-22	452.0	42.303	-78.018
USC00300183	ANGELICA	19970107	25	-50	-67	25	-50	-67	452.0	42.303	-78.018
USC00300183	ANGELICA	19970108	25	-28	-111	25	-28	-111	452.0	42.303	-78.018
USC00300183	ANGELICA	19970109	25	-6	-144	25	-6	-144	452.0	42.303	-78.018
USC00300183	ANGELICA	19970110	51	-22	-83	51	-22	-83	452.0	42.303	-78.018
USC00300183	ANGELICA	19970111	51	-94	-122	51	-94	-122	452.0	42.303	-78.018
USC00300183	ANGELICA	19970112	51	-78	-128	51	-78	-128	452.0	42.303	-78.018
USC00300183	ANGELICA	19970113	51	-72	-128	51	-72	-128	452.0	42.303	-78.018
USC00300183	ANGELICA	19970114	51	-50	-111	51	-50	-111	452.0	42.303	-78.018
USC00300183	ANGELICA	19970115	51	28	-178	51	28	-178	452.0	42.303	-78.018
USC00300183	ANGELICA	19970116	51	6	-167	51	6	-167	452.0	42.303	-78.018
USC00300183	ANGELICA	19970117	51	-144	-167	51	-144	-167	452.0	42.303	-78.018
USC00300183	ANGELICA	19970118	51	-133	-183	51	-133	-183	452.0	42.303	-78.018
USC00300183	ANGELICA	19970119	51	-61	-294	51	-61	-294	452.0	42.303	-78.018
USC00300183	ANGELICA	19970120	51	-22	-272	51	-22	-272	452.0	42.303	-78.018
USC00300183	ANGELICA	19970121	76	39	-161	76	39	-161	452.0	42.303	-78.018
USC00300183	ANGELICA	19970122	51	83	-183	51	83	-183	452.0	42.303	-78.018
USC00300183	ANGELICA	19970123	0	6	6	0	6	6	452.0	42.303	-78.018
USC00300183	ANGELICA	19970124	0	56	-139	0	56	-139	452.0	42.303	-78.018
USC00300183	ANGELICA	19970125	0	50	-83	0	50	-83	452.0	42.303	-78.018
USC00300183	ANGELICA	19970126	51	-67	-100	51	-67	-100	452.0	42.303	-78.018
USC00300183	ANGELICA	19970127	51	6	-167	51	6	-167	452.0	42.303	-78.018
USC00300183	ANGELICA	19970128	76	-44	-83	76	-44	-83	452.0	42.303	-78.018
USC00300183	ANGELICA	19970129	76	-61	-189	76	-61	-189	452.0	42.303	-78.018
USC00300183	ANGELICA	19970130	76	-6	-189	76	-6	-189	452.0	42.303	-78.018
USC00300183	ANGELICA	19970131	76	44	-111	76	44	-111	452.0	42.303	-78.018
USC00300183	ANGELICA	19980101	203	33	-244	203	33	-244	452.0	42.303	-78.018
USC00300183	ANGELICA	19980102	178	83	-122	178	83	-122	452.0	42.303	-78.018
USC00300183	ANGELICA	19980103	51	89	28	51	89	28	452.0	42.303	-78.018
USC00300183	ANGELICA	19980104	0	94	39	0	94	39	452.0	42.303	-78.018
USC00300183	ANGELICA	19980105	0	172	11	0	172	11	452.0	42.303	-78.018
USC00300183	ANGELICA	19980106	0	139	28	0	139	28	452.0	42.303	-78.018
USC00300183	ANGELICA	19980107	0	133	72	0	133	72	452.0	42.303	-78.018
USC00300183	ANGELICA	19980108	0	39	6	0	39	6	452.0	42.303	-78.018
USC00300183	ANGELICA	19980109	0	72	6	0	72	6	452.0	42.303	-78.018
USC00300183	ANGELICA	19980110	0	39	0	0	39	0	452.0	42.303	-78.018
USC00300183	ANGELICA	19980111	0	11	-56	0	11	-56	452.0	42.303	-78.018
USC00300183	ANGELICA	19980112	0	56	-89	0	56	-89	452.0	42.303	-78.018
USC00300183	ANGELICA	19980113	0	6	-94	0	6	-94	452.0	42.303	-78.018
USC00300183	ANGELICA	19980114	25	-28	-144	25	-28	-144	452.0	42.303	-78.018
USC00300183	ANGELICA	19980115	25	6	-156	25	6	-156	452.0	42.303	-78.018
USC00300183	ANGELICA	19980116	25	-28	-56	25	-28	-56	452.0	42.303	-78.018
USC00300183	ANGELICA	19980117	25	6	-61	25	6	-61	452.0	42.303	-78.018
USC00300183	ANGELICA	19980118	25	22	-44	25	22	-44	452.0	42.303	-78.018
USC00300183	ANGELICA	19980119	76	17	-161	76	17	-161	452.0	42.303	-78.018
USC00300183	ANGELICA	19980120	102	0	-167	102	0	-167	452.0	42.303	-78.018
USC00300183	ANGELICA	19980121	102	-22	-144	102	-22	-144	452.0	42.303	-78.018
USC00300183	ANGELICA	19980122	76	-11	-139	76	-11	-139	452.0	42.303	-78.018
USC00300183	ANGELICA	19980123	102	39	-72	102	39	-72	452.0	42.303	-78.018
USC00300183	ANGELICA	19980124	76	0	-28	76	0	-28	452.0	42.303	-78.018
USC00300183	ANGELICA	19980125	76	-11	-50	76	-11	-50	452.0	42.303	-78.018
USC00300183	ANGELICA	19980126	51	11	-89	51	11	-89	452.0	42.303	-78.018
USC00300183	ANGELICA	19980127	51	44	-111	51	44	-111	452.0	42.303	-78.018
USC00300183	ANGELICA	19980128	25	61	-17	25	61	-17	452.0	42.303	-78.018
USC00300183	ANGELICA	19980129	25	94	-78	25	94	-78	452.0	42.303	-78.018
USC00300183	ANGELICA	19980130	25	6	-33	25	6	-33	452.0	42.303	-78.018
USC00300183	ANGELICA	19980131	25	9999	-50	25	NA	-50	452.0	42.303	-78.018
USC00300183	ANGELICA	19990101	76	-106	-122	76	-106	-122	452.0	42.303	-78.018
USC00300183	ANGELICA	19990102	76	11	-261	76	11	-261	452.0	42.303	-78.018
USC00300183	ANGELICA	19990103	102	33	-194	102	33	-194	452.0	42.303	-78.018
USC00300183	ANGELICA	19990104	76	-78	-128	76	-78	-128	452.0	42.303	-78.018
USC00300183	ANGELICA	19990105	76	-83	-161	76	-83	-161	452.0	42.303	-78.018
USC00300183	ANGELICA	19990106	76	-44	-172	76	-44	-172	452.0	42.303	-78.018
USC00300183	ANGELICA	19990107	102	-89	-139	102	-89	-139	452.0	42.303	-78.018
USC00300183	ANGELICA	19990108	102	-6	-206	102	-6	-206	452.0	42.303	-78.018
USC00300183	ANGELICA	19990109	178	-56	-172	178	-56	-172	452.0	42.303	-78.018
USC00300183	ANGELICA	19990110	229	-78	-222	229	-78	-222	452.0	42.303	-78.018
USC00300183	ANGELICA	19990111	229	0	-217	229	0	-217	452.0	42.303	-78.018
USC00300183	ANGELICA	19990112	305	0	-156	305	0	-156	452.0	42.303	-78.018
USC00300183	ANGELICA	19990113	356	-78	-83	356	-78	-83	452.0	42.303	-78.018
USC00300183	ANGELICA	19990114	406	-28	-200	406	-28	-200	452.0	42.303	-78.018
USC00300183	ANGELICA	19990115	457	-44	-200	457	-44	-200	452.0	42.303	-78.018
USC00300183	ANGELICA	19990116	457	22	-139	457	22	-139	452.0	42.303	-78.018
USC00300183	ANGELICA	19990117	432	78	-156	432	78	-156	452.0	42.303	-78.018
USC00300183	ANGELICA	19990118	381	56	-144	381	56	-144	452.0	42.303	-78.018
USC00300183	ANGELICA	19990119	381	-11	-17	381	-11	-17	452.0	42.303	-78.018
USC00300183	ANGELICA	19990120	381	6	-156	381	6	-156	452.0	42.303	-78.018
USC00300183	ANGELICA	19990121	356	44	-150	356	44	-150	452.0	42.303	-78.018
USC00300183	ANGELICA	19990122	330	78	-111	330	78	-111	452.0	42.303	-78.018
USC00300183	ANGELICA	19990123	229	128	11	229	128	11	452.0	42.303	-78.018
USC00300183	ANGELICA	19990124	76	17	17	76	17	17	452.0	42.303	-78.018
USC00300183	ANGELICA	19990125	76	-6	-33	76	-6	-33	452.0	42.303	-78.018
USC00300183	ANGELICA	19990126	102	0	-44	102	0	-44	452.0	42.303	-78.018
USC00300183	ANGELICA	19990127	102	61	-139	102	61	-139	452.0	42.303	-78.018
USC00300183	ANGELICA	19990128	76	17	-111	76	17	-111	452.0	42.303	-78.018
USC00300183	ANGELICA	19990129	76	-39	-83	76	-39	-83	452.0	42.303	-78.018
USC00300183	ANGELICA	19990130	76	-17	-83	76	-17	-83	452.0	42.303	-78.018
USC00300183	ANGELICA	19990131	76	17	-183	76	17	-183	452.0	42.303	-78.018
USC00300183	ANGELICA	20000101	51	94	-78	51	94	-78	452.0	42.303	-78.018
USC00300183	ANGELICA	20000102	25	156	-72	25	156	-72	452.0	42.303	-78.018
USC00300183	ANGELICA	20000103	0	150	11	0	150	11	452.0	42.303	-78.018
USC00300183	ANGELICA	20000104	0	156	28	0	156	28	452.0	42.303	-78.018
USC00300183	ANGELICA	20000105	0	-17	-67	0	-17	-67	452.0	42.303	-78.018
USC00300183	ANGELICA	20000106	0	44	-61	0	44	-61	452.0	42.303	-78.018
USC00300183	ANGELICA	20000107	0	6	-33	0	6	-33	452.0	42.303	-78.018
USC00300183	ANGELICA	20000108	25	39	-78	25	39	-78	452.0	42.303	-78.018
USC00300183	ANGELICA	20000109	0	67	-72	0	67	-72	452.0	42.303	-78.018
USC00300183	ANGELICA	20000110	0	61	-39	0	61	-39	452.0	42.303	-78.018
USC00300183	ANGELICA	20000111	0	33	17	0	33	17	452.0	42.303	-78.018
USC00300183	ANGELICA	20000112	51	17	-22	51	17	-22	452.0	42.303	-78.018
USC00300183	ANGELICA	20000113	127	-44	-44	127	-44	-44	452.0	42.303	-78.018
USC00300183	ANGELICA	20000114	178	-83	-183	178	-83	-183	452.0	42.303	-78.018
USC00300183	ANGELICA	20000115	178	28	-194	178	28	-194	452.0	42.303	-78.018
USC00300183	ANGELICA	20000116	127	28	-133	127	28	-133	452.0	42.303	-78.018
USC00300183	ANGELICA	20000117	102	-133	-200	102	-133	-200	452.0	42.303	-78.018
USC00300183	ANGELICA	20000118	102	-78	-244	102	-78	-244	452.0	42.303	-78.018
USC00300183	ANGELICA	20000119	102	-33	-211	102	-33	-211	452.0	42.303	-78.018
USC00300183	ANGELICA	20000120	152	-28	-94	152	-28	-94	452.0	42.303	-78.018
USC00300183	ANGELICA	20000121	254	-133	-250	254	-133	-250	452.0	42.303	-78.018
USC00300183	ANGELICA	20000122	254	-100	-311	254	-100	-311	452.0	42.303	-78.018
USC00300183	ANGELICA	20000123	254	-11	-233	254	-11	-233	452.0	42.303	-78.018
USC00300183	ANGELICA	20000124	254	-28	-100	254	-28	-100	452.0	42.303	-78.018
USC00300183	ANGELICA	20000125	229	-67	-222	229	-67	-222	452.0	42.303	-78.018
USC00300183	ANGELICA	20000126	279	-78	-167	279	-78	-167	452.0	42.303	-78.018
USC00300183	ANGELICA	20000127	279	-128	-217	279	-128	-217	452.0	42.303	-78.018
USC00300183	ANGELICA	20000128	305	-89	-200	305	-89	-200	452.0	42.303	-78.018
USC00300183	ANGELICA	20000129	279	0	-278	279	0	-278	452.0	42.303	-78.018
USC00300183	ANGELICA	20000130	254	33	-267	254	33	-267	452.0	42.303	-78.018
USC00300183	ANGELICA	20000131	305	-28	-67	305	-28	-67	452.0	42.303	-78.018
USC00300183	ANGELICA	20010101	102	-50	-111	102	-50	-111	452.0	42.303	-78.018
USC00300183	ANGELICA	20010102	102	-72	-167	102	-72	-167	452.0	42.303	-78.018
USC00300183	ANGELICA	20010103	102	-28	-139	102	-28	-139	452.0	42.303	-78.018
USC00300183	ANGELICA	20010104	102	-33	-89	102	-33	-89	452.0	42.303	-78.018
USC00300183	ANGELICA	20010105	102	-6	-78	102	-6	-78	452.0	42.303	-78.018
USC00300183	ANGELICA	20010106	127	-17	-61	127	-17	-61	452.0	42.303	-78.018
USC00300183	ANGELICA	20010107	127	6	-83	127	6	-83	452.0	42.303	-78.018
USC00300183	ANGELICA	20010108	127	-6	-33	127	-6	-33	452.0	42.303	-78.018
USC00300183	ANGELICA	20010109	127	-44	-122	127	-44	-122	452.0	42.303	-78.018
USC00300183	ANGELICA	20010110	127	6	-128	127	6	-128	452.0	42.303	-78.018
USC00300183	ANGELICA	20010111	102	0	-56	102	0	-56	452.0	42.303	-78.018
USC00300183	ANGELICA	20010112	102	22	-122	102	22	-122	452.0	42.303	-78.018
USC00300183	ANGELICA	20010113	102	28	-156	102	28	-156	452.0	42.303	-78.018
USC00300183	ANGELICA	20010114	102	28	-144	102	28	-144	452.0	42.303	-78.018
USC00300183	ANGELICA	20010115	76	56	-100	76	56	-100	452.0	42.303	-78.018
USC00300183	ANGELICA	20010116	51	6	-6	51	6	-6	452.0	42.303	-78.018
USC00300183	ANGELICA	20010117	51	-6	-17	51	-6	-17	452.0	42.303	-78.018
USC00300183	ANGELICA	20010118	51	22	-39	51	22	-39	452.0	42.303	-78.018
USC00300183	ANGELICA	20010119	51	6	-56	51	6	-56	452.0	42.303	-78.018
USC00300183	ANGELICA	20010120	51	-56	-78	51	-56	-78	452.0	42.303	-78.018
USC00300183	ANGELICA	20010121	51	-28	-111	51	-28	-111	452.0	42.303	-78.018
USC00300183	ANGELICA	20010122	51	-22	-122	51	-22	-122	452.0	42.303	-78.018
USC00300183	ANGELICA	20010123	51	28	-139	51	28	-139	452.0	42.303	-78.018
USC00300183	ANGELICA	20010124	51	11	-111	51	11	-111	452.0	42.303	-78.018
USC00300183	ANGELICA	20010125	51	-44	-67	51	-44	-67	452.0	42.303	-78.018
USC00300183	ANGELICA	20010126	51	17	-139	51	17	-139	452.0	42.303	-78.018
USC00300183	ANGELICA	20010127	51	-22	-128	51	-22	-128	452.0	42.303	-78.018
USC00300183	ANGELICA	20010128	76	-39	-89	76	-39	-89	452.0	42.303	-78.018
USC00300183	ANGELICA	20010129	76	33	-139	76	33	-139	452.0	42.303	-78.018
USC00300183	ANGELICA	20010130	51	61	-139	51	61	-139	452.0	42.303	-78.018
USC00300183	ANGELICA	20010131	25	11	0	25	11	0	452.0	42.303	-78.018
USC00300183	ANGELICA	20020101	51	-44	-172	51	-44	-172	452.0	42.303	-78.018
USC00300183	ANGELICA	20020102	51	-22	-161	51	-22	-161	452.0	42.303	-78.018
USC00300183	ANGELICA	20020103	51	-22	-128	51	-22	-128	452.0	42.303	-78.018
USC00300183	ANGELICA	20020104	51	0	-67	51	0	-67	452.0	42.303	-78.018
USC00300183	ANGELICA	20020105	51	33	-50	51	33	-50	452.0	42.303	-78.018
USC00300183	ANGELICA	20020106	25	-6	-50	25	-6	-50	452.0	42.303	-78.018
USC00300183	ANGELICA	20020107	152	-28	-39	152	-28	-39	452.0	42.303	-78.018
USC00300183	ANGELICA	20020108	152	-6	-89	152	-6	-89	452.0	42.303	-78.018
USC00300183	ANGELICA	20020109	127	44	-67	127	44	-67	452.0	42.303	-78.018
USC00300183	ANGELICA	20020110	76	44	-11	76	44	-11	452.0	42.303	-78.018
USC00300183	ANGELICA	20020111	25	17	-22	25	17	-22	452.0	42.303	-78.018
USC00300183	ANGELICA	20020112	25	44	-17	25	44	-17	452.0	42.303	-78.018
USC00300183	ANGELICA	20020113	0	-6	-28	0	-6	-28	452.0	42.303	-78.018
USC00300183	ANGELICA	20020114	0	39	-83	0	39	-83	452.0	42.303	-78.018
USC00300183	ANGELICA	20020115	0	11	-56	0	11	-56	452.0	42.303	-78.018
USC00300183	ANGELICA	20020116	25	6	-44	25	6	-44	452.0	42.303	-78.018
USC00300183	ANGELICA	20020117	76	11	-83	76	11	-83	452.0	42.303	-78.018
USC00300183	ANGELICA	20020118	76	-33	-72	76	-33	-72	452.0	42.303	-78.018
USC00300183	ANGELICA	20020119	76	-22	-167	76	-22	-167	452.0	42.303	-78.018
USC00300183	ANGELICA	20020120	102	0	-194	102	0	-194	452.0	42.303	-78.018
USC00300183	ANGELICA	20020121	102	17	-100	102	17	-100	452.0	42.303	-78.018
USC00300183	ANGELICA	20020122	76	83	-39	76	83	-39	452.0	42.303	-78.018
USC00300183	ANGELICA	20020123	51	78	-44	51	78	-44	452.0	42.303	-78.018
USC00300183	ANGELICA	20020124	25	61	33	25	61	33	452.0	42.303	-78.018
USC00300183	ANGELICA	20020125	0	39	-44	0	39	-44	452.0	42.303	-78.018
USC00300183	ANGELICA	20020126	0	100	-44	0	100	-44	452.0	42.303	-78.018
USC00300183	ANGELICA	20020127	0	150	-39	0	150	-39	452.0	42.303	-78.018
USC00300183	ANGELICA	20020128	0	144	-28	0	144	-28	452.0	42.303	-78.018
USC00300183	ANGELICA	20020129	0	128	-28	0	128	-28	452.0	42.303	-78.018
USC00300183	ANGELICA	20020130	0	44	22	0	44	22	452.0	42.303	-78.018
USC00300183	ANGELICA	20020131	51	83	-39	51	83	-39	452.0	42.303	-78.018
USC00300183	ANGELICA	20030101	76	0	-11	76	0	-11	452.0	42.303	-78.018
USC00300183	ANGELICA	20030102	102	-11	-89	102	-11	-89	452.0	42.303	-78.018
USC00300183	ANGELICA	20030103	127	0	-89	127	0	-89	452.0	42.303	-78.018
USC00300183	ANGELICA	20030104	203	-11	-44	203	-11	-44	452.0	42.303	-78.018
USC00300183	ANGELICA	20030105	203	-17	-61	203	-17	-61	452.0	42.303	-78.018
USC00300183	ANGELICA	20030106	203	-50	-56	203	-50	-56	452.0	42.303	-78.018
USC00300183	ANGELICA	20030107	279	6	-128	279	6	-128	452.0	42.303	-78.018
USC00300183	ANGELICA	20030108	254	44	-122	254	44	-122	452.0	42.303	-78.018
USC00300183	ANGELICA	20030109	203	39	-6	203	39	-6	452.0	42.303	-78.018
USC00300183	ANGELICA	20030110	152	-39	-78	152	-39	-78	452.0	42.303	-78.018
USC00300183	ANGELICA	20030111	254	-56	-106	254	-56	-106	452.0	42.303	-78.018
USC00300183	ANGELICA	20030112	254	-39	-89	254	-39	-89	452.0	42.303	-78.018
USC00300183	ANGELICA	20030113	229	-39	-94	229	-39	-94	452.0	42.303	-78.018
USC00300183	ANGELICA	20030114	279	-67	-122	279	-67	-122	452.0	42.303	-78.018
USC00300183	ANGELICA	20030115	279	-78	-133	279	-78	-133	452.0	42.303	-78.018
USC00300183	ANGELICA	20030116	279	-67	-111	279	-67	-111	452.0	42.303	-78.018
USC00300183	ANGELICA	20030117	279	-100	-167	279	-100	-167	452.0	42.303	-78.018
USC00300183	ANGELICA	20030118	254	-50	-272	254	-50	-272	452.0	42.303	-78.018
USC00300183	ANGELICA	20030119	254	-61	-206	254	-61	-206	452.0	42.303	-78.018
USC00300183	ANGELICA	20030120	279	-83	-122	279	-83	-122	452.0	42.303	-78.018
USC00300183	ANGELICA	20030121	356	-94	-244	356	-94	-244	452.0	42.303	-78.018
USC00300183	ANGELICA	20030122	356	-117	-233	356	-117	-233	452.0	42.303	-78.018
USC00300183	ANGELICA	20030123	356	-122	-272	356	-122	-272	452.0	42.303	-78.018
USC00300183	ANGELICA	20030124	381	-89	-261	381	-89	-261	452.0	42.303	-78.018
USC00300183	ANGELICA	20030125	381	-61	-250	381	-61	-250	452.0	42.303	-78.018
USC00300183	ANGELICA	20030126	356	-50	-122	356	-50	-122	452.0	42.303	-78.018
USC00300183	ANGELICA	20030127	356	-117	-283	356	-117	-283	452.0	42.303	-78.018
USC00300183	ANGELICA	20030128	356	-50	-278	356	-50	-278	452.0	42.303	-78.018
USC00300183	ANGELICA	20030129	356	-33	-117	356	-33	-117	452.0	42.303	-78.018
USC00300183	ANGELICA	20030130	356	-22	-256	356	-22	-256	452.0	42.303	-78.018
USC00300183	ANGELICA	20030131	330	50	-228	330	50	-228	452.0	42.303	-78.018
USC00300183	ANGELICA	20040101	0	50	-22	0	50	-22	452.0	42.303	-78.018
USC00300183	ANGELICA	20040102	0	117	-28	0	117	-28	452.0	42.303	-78.018
USC00300183	ANGELICA	20040103	0	150	44	0	150	44	452.0	42.303	-78.018
USC00300183	ANGELICA	20040104	0	28	28	0	28	28	452.0	42.303	-78.018
USC00300183	ANGELICA	20040105	51	0	-22	51	0	-22	452.0	42.303	-78.018
USC00300183	ANGELICA	20040106	102	-39	-56	102	-39	-56	452.0	42.303	-78.018
USC00300183	ANGELICA	20040107	152	-89	-133	152	-89	-133	452.0	42.303	-78.018
USC00300183	ANGELICA	20040108	279	-56	-117	279	-56	-117	452.0	42.303	-78.018
USC00300183	ANGELICA	20040109	254	-133	-178	254	-133	-178	452.0	42.303	-78.018
USC00300183	ANGELICA	20040110	254	-122	-300	254	-122	-300	452.0	42.303	-78.018
USC00300183	ANGELICA	20040111	229	0	-250	229	0	-250	452.0	42.303	-78.018
USC00300183	ANGELICA	20040112	203	11	-122	203	11	-122	452.0	42.303	-78.018
USC00300183	ANGELICA	20040113	203	-6	-17	203	-6	-17	452.0	42.303	-78.018
USC00300183	ANGELICA	20040114	203	-117	-233	203	-117	-233	452.0	42.303	-78.018
USC00300183	ANGELICA	20040115	305	-150	-233	305	-150	-233	452.0	42.303	-78.018
USC00300183	ANGELICA	20040116	305	-111	-233	305	-111	-233	452.0	42.303	-78.018
USC00300183	ANGELICA	20040117	305	-17	-222	305	-17	-222	452.0	42.303	-78.018
USC00300183	ANGELICA	20040118	330	-17	-211	330	-17	-211	452.0	42.303	-78.018
USC00300183	ANGELICA	20040119	330	-83	-111	330	-83	-111	452.0	42.303	-78.018
USC00300183	ANGELICA	20040120	330	-83	-122	330	-83	-122	452.0	42.303	-78.018
USC00300183	ANGELICA	20040121	305	-22	-122	305	-22	-122	452.0	42.303	-78.018
USC00300183	ANGELICA	20040122	305	-28	-122	305	-28	-122	452.0	42.303	-78.018
USC00300183	ANGELICA	20040123	305	-117	-178	305	-117	-178	452.0	42.303	-78.018
USC00300183	ANGELICA	20040124	305	-111	-194	305	-111	-194	452.0	42.303	-78.018
USC00300183	ANGELICA	20040125	305	-83	-283	305	-83	-283	452.0	42.303	-78.018
USC00300183	ANGELICA	20040126	305	-50	-256	305	-50	-256	452.0	42.303	-78.018
USC00300183	ANGELICA	20040127	305	-17	-122	305	-17	-122	452.0	42.303	-78.018
USC00300183	ANGELICA	20040128	356	-72	-72	356	-72	-72	452.0	42.303	-78.018
USC00300183	ANGELICA	20040129	356	-100	-122	356	-100	-122	452.0	42.303	-78.018
USC00300183	ANGELICA	20040130	356	-117	-206	356	-117	-206	452.0	42.303	-78.018
USC00300183	ANGELICA	20040131	356	-83	-150	356	-83	-150	452.0	42.303	-78.018
USC00300183	ANGELICA	20050101	0	33	6	0	33	6	452.0	42.303	-78.018
USC00300183	ANGELICA	20050102	0	67	-39	0	67	-39	452.0	42.303	-78.018
USC00300183	ANGELICA	20050103	0	61	6	0	61	6	452.0	42.303	-78.018
USC00300183	ANGELICA	20050104	0	22	6	0	22	6	452.0	42.303	-78.018
USC00300183	ANGELICA	20050105	25	-11	-28	25	-11	-28	452.0	42.303	-78.018
USC00300183	ANGELICA	20050106	127	39	-67	127	39	-67	452.0	42.303	-78.018
USC00300183	ANGELICA	20050107	102	0	-50	102	0	-50	452.0	42.303	-78.018
USC00300183	ANGELICA	20050108	102	6	-50	102	6	-50	452.0	42.303	-78.018
USC00300183	ANGELICA	20050109	127	22	-33	127	22	-33	452.0	42.303	-78.018
USC00300183	ANGELICA	20050110	127	11	-22	127	11	-22	452.0	42.303	-78.018
USC00300183	ANGELICA	20050111	127	22	-28	127	22	-28	452.0	42.303	-78.018
USC00300183	ANGELICA	20050112	152	89	-28	152	89	-28	452.0	42.303	-78.018
USC00300183	ANGELICA	20050113	51	156	17	51	156	17	452.0	42.303	-78.018
USC00300183	ANGELICA	20050114	25	-17	-22	25	-17	-22	452.0	42.303	-78.018
USC00300183	ANGELICA	20050115	25	-44	-122	25	-44	-122	452.0	42.303	-78.018
USC00300183	ANGELICA	20050116	25	-56	-133	25	-56	-133	452.0	42.303	-78.018
USC00300183	ANGELICA	20050117	76	-100	-167	76	-100	-167	452.0	42.303	-78.018
USC00300183	ANGELICA	20050118	102	-94	-217	102	-94	-217	452.0	42.303	-78.018
USC00300183	ANGELICA	20050119	102	-44	-211	102	-44	-211	452.0	42.303	-78.018
USC00300183	ANGELICA	20050120	178	-100	-128	178	-100	-128	452.0	42.303	-78.018
USC00300183	ANGELICA	20050121	178	-128	-283	178	-128	-283	452.0	42.303	-78.018
USC00300183	ANGELICA	20050122	178	-117	-278	178	-117	-278	452.0	42.303	-78.018
USC00300183	ANGELICA	20050123	330	-133	-172	330	-133	-172	452.0	42.303	-78.018
USC00300183	ANGELICA	20050124	330	-61	-306	330	-61	-306	452.0	42.303	-78.018
USC00300183	ANGELICA	20050125	330	-28	-156	330	-28	-156	452.0	42.303	-78.018
USC00300183	ANGELICA	20050126	305	-56	-67	305	-56	-67	452.0	42.303	-78.018
USC00300183	ANGELICA	20050127	305	-111	-239	305	-111	-239	452.0	42.303	-78.018
USC00300183	ANGELICA	20050128	305	-22	-317	305	-22	-317	452.0	42.303	-78.018
USC00300183	ANGELICA	20050129	305	11	-317	305	11	-317	452.0	42.303	-78.018
USC00300183	ANGELICA	20050130	254	22	-200	254	22	-200	452.0	42.303	-78.018
USC00300183	ANGELICA	20050131	229	33	-206	229	33	-206	452.0	42.303	-78.018
