STATION	NAME	DATE	SNWD	TMAX	TMIN	SNWD2	TMAX2	TMIN2	ELEV	LAT	LONG
USC00300448	BATH	19950101	0	33	-22	0	33	-22	341.4	42.348	-77.347
USC00300448	BATH	19950102	0	67	-39	0	67	-39	341.4	42.348	-77.347
USC00300448	BATH	19950103	0	67	-89	0	67	-89	341.4	42.348	-77.347
USC00300448	BATH	19950104	0	-22	-89	0	-22	-89	341.4	42.348	-77.347
USC00300448	BATH	19950105	0	-78	-144	0	-78	-144	341.4	42.348	-77.347
USC00300448	BATH	19950106	0	-72	-144	0	-72	-144	341.4	42.348	-77.347
USC00300448	BATH	19950107	0	11	-139	0	11	-139	341.4	42.348	-77.347
USC00300448	BATH	19950108	0	11	-139	0	11	-139	341.4	42.348	-77.347
USC00300448	BATH	19950109	0	-11	-67	0	-11	-67	341.4	42.348	-77.347
USC00300448	BATH	19950110	25	-39	-133	25	-39	-133	341.4	42.348	-77.347
USC00300448	BATH	19950111	0	-44	-133	0	-44	-133	341.4	42.348	-77.347
USC00300448	BATH	19950112	0	33	-44	0	33	-44	341.4	42.348	-77.347
USC00300448	BATH	19950113	0	89	28	0	89	28	341.4	42.348	-77.347
USC00300448	BATH	19950114	0	178	6	0	178	6	341.4	42.348	-77.347
USC00300448	BATH	19950115	0	167	6	0	167	6	341.4	42.348	-77.347
USC00300448	BATH	19950116	0	178	67	0	178	67	341.4	42.348	-77.347
USC00300448	BATH	19950117	0	67	0	0	67	0	341.4	42.348	-77.347
USC00300448	BATH	19950118	0	22	-11	0	22	-11	341.4	42.348	-77.347
USC00300448	BATH	19950119	0	78	-6	0	78	-6	341.4	42.348	-77.347
USC00300448	BATH	19950120	0	72	44	0	72	44	341.4	42.348	-77.347
USC00300448	BATH	19950122	0	67	-39	0	67	-39	341.4	42.348	-77.347
USC00300448	BATH	19950123	25	17	-78	25	17	-78	341.4	42.348	-77.347
USC00300448	BATH	19950124	25	-22	-67	25	-22	-67	341.4	42.348	-77.347
USC00300448	BATH	19950125	25	0	-28	25	0	-28	341.4	42.348	-77.347
USC00300448	BATH	19950126	76	6	-44	76	6	-44	341.4	42.348	-77.347
USC00300448	BATH	19950127	76	-17	-44	76	-17	-44	341.4	42.348	-77.347
USC00300448	BATH	19950128	76	-17	-161	76	-17	-161	341.4	42.348	-77.347
USC00300448	BATH	19950129	51	-61	-194	51	-61	-194	341.4	42.348	-77.347
USC00300448	BATH	19950130	51	-11	-194	51	-11	-194	341.4	42.348	-77.347
USC00300448	BATH	19950131	25	17	-194	25	17	-194	341.4	42.348	-77.347
USC00300448	BATH	19960101	0	22	-50	0	22	-50	341.4	42.348	-77.347
USC00300448	BATH	19960102	229	0	-72	229	0	-72	341.4	42.348	-77.347
USC00300448	BATH	19960103	584	-72	-111	584	-72	-111	341.4	42.348	-77.347
USC00300448	BATH	19960104	559	-89	-222	559	-89	-222	341.4	42.348	-77.347
USC00300448	BATH	19960105	559	-94	-233	559	-94	-233	341.4	42.348	-77.347
USC00300448	BATH	19960106	559	-89	-306	559	-89	-306	341.4	42.348	-77.347
USC00300448	BATH	19960107	559	-106	-306	559	-106	-306	341.4	42.348	-77.347
USC00300448	BATH	19960108	483	-111	-172	483	-111	-172	341.4	42.348	-77.347
USC00300448	BATH	19960109	483	-89	-156	483	-89	-156	341.4	42.348	-77.347
USC00300448	BATH	19960110	559	-61	-156	559	-61	-156	341.4	42.348	-77.347
USC00300448	BATH	19960111	533	-78	-206	533	-78	-206	341.4	42.348	-77.347
USC00300448	BATH	19960112	508	-72	-222	508	-72	-222	341.4	42.348	-77.347
USC00300448	BATH	19960113	508	-44	-94	508	-44	-94	341.4	42.348	-77.347
USC00300448	BATH	19960114	508	-11	-78	508	-11	-78	341.4	42.348	-77.347
USC00300448	BATH	19960115	457	67	-67	457	67	-67	341.4	42.348	-77.347
USC00300448	BATH	19960116	381	-67	-167	381	-67	-167	341.4	42.348	-77.347
USC00300448	BATH	19960117	305	33	-161	305	33	-161	341.4	42.348	-77.347
USC00300448	BATH	19960118	254	67	0	254	67	0	341.4	42.348	-77.347
USC00300448	BATH	19960119	102	150	11	102	150	11	341.4	42.348	-77.347
USC00300448	BATH	19960120	25	144	-106	25	144	-106	341.4	42.348	-77.347
USC00300448	BATH	19960121	25	-56	-122	25	-56	-122	341.4	42.348	-77.347
USC00300448	BATH	19960122	25	-6	-122	25	-6	-122	341.4	42.348	-77.347
USC00300448	BATH	19960123	25	33	-111	25	33	-111	341.4	42.348	-77.347
USC00300448	BATH	19960124	0	33	-17	0	33	-17	341.4	42.348	-77.347
USC00300448	BATH	19960125	76	61	-94	76	61	-94	341.4	42.348	-77.347
USC00300448	BATH	19960126	76	-44	-128	76	-44	-128	341.4	42.348	-77.347
USC00300448	BATH	19960127	25	78	-50	25	78	-50	341.4	42.348	-77.347
USC00300448	BATH	19960128	25	94	-67	25	94	-67	341.4	42.348	-77.347
USC00300448	BATH	19960129	0	-28	-106	0	-28	-106	341.4	42.348	-77.347
USC00300448	BATH	19960130	0	6	-67	0	6	-67	341.4	42.348	-77.347
USC00300448	BATH	19960131	0	0	-133	0	0	-133	341.4	42.348	-77.347
USC00300448	BATH	19980101	0	-100	-194	0	-100	-194	341.4	42.348	-77.347
USC00300448	BATH	19980102	127	33	-167	127	33	-167	341.4	42.348	-77.347
USC00300448	BATH	19980103	51	89	28	51	89	28	341.4	42.348	-77.347
USC00300448	BATH	19980104	25	106	50	25	106	50	341.4	42.348	-77.347
USC00300448	BATH	19980105	0	67	11	0	67	11	341.4	42.348	-77.347
USC00300448	BATH	19980106	0	178	28	0	178	28	341.4	42.348	-77.347
USC00300448	BATH	19980107	0	156	83	0	156	83	341.4	42.348	-77.347
USC00300448	BATH	19980108	0	122	17	0	122	17	341.4	42.348	-77.347
USC00300448	BATH	19980109	0	28	11	0	28	11	341.4	42.348	-77.347
USC00300448	BATH	19980110	0	100	17	0	100	17	341.4	42.348	-77.347
USC00300448	BATH	19980111	0	50	-56	0	50	-56	341.4	42.348	-77.347
USC00300448	BATH	19980112	0	11	-67	0	11	-67	341.4	42.348	-77.347
USC00300448	BATH	19980113	0	33	-78	0	33	-78	341.4	42.348	-77.347
USC00300448	BATH	19980114	0	28	-106	0	28	-106	341.4	42.348	-77.347
USC00300448	BATH	19980115	0	-39	-111	0	-39	-111	341.4	42.348	-77.347
USC00300448	BATH	19980116	51	17	-39	51	17	-39	341.4	42.348	-77.347
USC00300448	BATH	19980117	51	-22	-44	51	-22	-44	341.4	42.348	-77.347
USC00300448	BATH	19980118	76	-17	-44	76	-17	-44	341.4	42.348	-77.347
USC00300448	BATH	19980119	76	11	-111	76	11	-111	341.4	42.348	-77.347
USC00300448	BATH	19980120	76	6	-100	76	6	-100	341.4	42.348	-77.347
USC00300448	BATH	19980121	76	-6	-100	76	-6	-100	341.4	42.348	-77.347
USC00300448	BATH	19980122	76	-22	-67	76	-22	-67	341.4	42.348	-77.347
USC00300448	BATH	19980123	102	-22	-67	102	-22	-67	341.4	42.348	-77.347
USC00300448	BATH	19980124	102	22	-28	102	22	-28	341.4	42.348	-77.347
USC00300448	BATH	19980125	102	-6	-39	102	-6	-39	341.4	42.348	-77.347
USC00300448	BATH	19980126	102	-6	-106	102	-6	-106	341.4	42.348	-77.347
USC00300448	BATH	19980127	102	-6	-100	102	-6	-100	341.4	42.348	-77.347
USC00300448	BATH	19980128	102	22	-89	102	22	-89	341.4	42.348	-77.347
USC00300448	BATH	19980129	102	56	-89	102	56	-89	341.4	42.348	-77.347
USC00300448	BATH	19980130	51	89	-72	51	89	-72	341.4	42.348	-77.347
USC00300448	BATH	19980131	51	17	-33	51	17	-33	341.4	42.348	-77.347
USC00300448	BATH	19990101	0	9999	9999	0	NA	NA	341.4	42.348	-77.347
USC00300448	BATH	19990102	25	-100	-217	25	-100	-217	341.4	42.348	-77.347
USC00300448	BATH	19990103	25	6	-194	25	6	-194	341.4	42.348	-77.347
USC00300448	BATH	19990104	0	44	-106	0	44	-106	341.4	42.348	-77.347
USC00300448	BATH	19990105	0	-67	-144	0	-67	-144	341.4	42.348	-77.347
USC00300448	BATH	19990106	0	-67	-161	0	-67	-161	341.4	42.348	-77.347
USC00300448	BATH	19990107	51	-22	-133	51	-22	-133	341.4	42.348	-77.347
USC00300448	BATH	19990108	51	-67	-161	51	-67	-161	341.4	42.348	-77.347
USC00300448	BATH	19990109	76	-17	-150	76	-17	-150	341.4	42.348	-77.347
USC00300448	BATH	19990110	127	-39	-206	127	-39	-206	341.4	42.348	-77.347
USC00300448	BATH	19990111	0	-72	-200	0	-72	-200	341.4	42.348	-77.347
USC00300448	BATH	19990112	9999	-39	-194	NA	-39	-194	341.4	42.348	-77.347
USC00300448	BATH	19990113	178	17	-72	178	17	-72	341.4	42.348	-77.347
USC00300448	BATH	19990114	229	-72	-200	229	-72	-200	341.4	42.348	-77.347
USC00300448	BATH	19990115	330	-44	-200	330	-44	-200	341.4	42.348	-77.347
USC00300448	BATH	19990116	356	-33	-167	356	-33	-167	341.4	42.348	-77.347
USC00300448	BATH	19990117	305	67	-94	305	67	-94	341.4	42.348	-77.347
USC00300448	BATH	19990118	279	72	-83	279	72	-83	341.4	42.348	-77.347
USC00300448	BATH	19990119	254	61	-17	254	61	-17	341.4	42.348	-77.347
USC00300448	BATH	19990120	229	17	-128	229	17	-128	341.4	42.348	-77.347
USC00300448	BATH	19990121	203	50	-128	203	50	-128	341.4	42.348	-77.347
USC00300448	BATH	19990122	178	44	-111	178	44	-111	341.4	42.348	-77.347
USC00300448	BATH	19990123	152	67	17	152	67	17	341.4	42.348	-77.347
USC00300448	BATH	19990124	9999	122	39	NA	122	39	341.4	42.348	-77.347
USC00300448	BATH	19990125	76	78	-6	76	78	-6	341.4	42.348	-77.347
USC00300448	BATH	19990126	25	6	-39	25	6	-39	341.4	42.348	-77.347
USC00300448	BATH	19990127	76	28	-106	76	28	-106	341.4	42.348	-77.347
USC00300448	BATH	19990128	51	56	-94	51	56	-94	341.4	42.348	-77.347
USC00300448	BATH	19990129	0	28	-72	0	28	-72	341.4	42.348	-77.347
USC00300448	BATH	19990130	0	28	-72	0	28	-72	341.4	42.348	-77.347
USC00300448	BATH	19990131	0	6	-161	0	6	-161	341.4	42.348	-77.347
USC00300448	BATH	20000101	0	9999	9999	0	NA	NA	341.4	42.348	-77.347
USC00300448	BATH	20000102	0	94	-67	0	94	-67	341.4	42.348	-77.347
USC00300448	BATH	20000103	0	167	17	0	167	17	341.4	42.348	-77.347
USC00300448	BATH	20000104	0	139	22	0	139	22	341.4	42.348	-77.347
USC00300448	BATH	20000105	0	156	-56	0	156	-56	341.4	42.348	-77.347
USC00300448	BATH	20000106	0	-33	-78	0	-33	-78	341.4	42.348	-77.347
USC00300448	BATH	20000107	0	33	-50	0	33	-50	341.4	42.348	-77.347
USC00300448	BATH	20000108	0	33	-50	0	33	-50	341.4	42.348	-77.347
USC00300448	BATH	20000109	0	56	-72	0	56	-72	341.4	42.348	-77.347
USC00300448	BATH	20000110	0	61	-17	0	61	-17	341.4	42.348	-77.347
USC00300448	BATH	20000111	0	72	6	0	72	6	341.4	42.348	-77.347
USC00300448	BATH	20000112	25	72	-11	25	72	-11	341.4	42.348	-77.347
USC00300448	BATH	20000113	178	22	-39	178	22	-39	341.4	42.348	-77.347
USC00300448	BATH	20000114	178	-39	-161	178	-39	-161	341.4	42.348	-77.347
USC00300448	BATH	20000115	178	-89	-200	178	-89	-200	341.4	42.348	-77.347
USC00300448	BATH	20000116	178	-17	-200	178	-17	-200	341.4	42.348	-77.347
USC00300448	BATH	20000117	178	44	-183	178	44	-183	341.4	42.348	-77.347
USC00300448	BATH	20000118	152	-144	-222	152	-144	-222	341.4	42.348	-77.347
USC00300448	BATH	20000119	152	-106	-222	152	-106	-222	341.4	42.348	-77.347
USC00300448	BATH	20000120	127	-22	-222	127	-22	-222	341.4	42.348	-77.347
USC00300448	BATH	20000121	203	-22	-200	203	-22	-200	341.4	42.348	-77.347
USC00300448	BATH	20000122	203	-139	-222	203	-139	-222	341.4	42.348	-77.347
USC00300448	BATH	20000123	203	-100	-233	203	-100	-233	341.4	42.348	-77.347
USC00300448	BATH	20000124	178	-28	-139	178	-28	-139	341.4	42.348	-77.347
USC00300448	BATH	20000125	152	-28	-189	152	-28	-189	341.4	42.348	-77.347
USC00300448	BATH	20000126	203	-61	-133	203	-61	-133	341.4	42.348	-77.347
USC00300448	BATH	20000127	178	-78	-172	178	-78	-172	341.4	42.348	-77.347
USC00300448	BATH	20000128	178	-122	-172	178	-122	-172	341.4	42.348	-77.347
USC00300448	BATH	20000129	178	-94	-211	178	-94	-211	341.4	42.348	-77.347
USC00300448	BATH	20000130	178	-17	-211	178	-17	-211	341.4	42.348	-77.347
USC00300448	BATH	20000131	279	17	-94	279	17	-94	341.4	42.348	-77.347
USC00300448	BATH	20010101	76	-44	-178	76	-44	-178	341.4	42.348	-77.347
USC00300448	BATH	20010102	51	-39	-156	51	-39	-156	341.4	42.348	-77.347
USC00300448	BATH	20010103	51	-56	-128	51	-56	-128	341.4	42.348	-77.347
USC00300448	BATH	20010104	51	-11	-78	51	-11	-78	341.4	42.348	-77.347
USC00300448	BATH	20010105	51	-17	-83	51	-17	-83	341.4	42.348	-77.347
USC00300448	BATH	20010106	76	6	-50	76	6	-50	341.4	42.348	-77.347
USC00300448	BATH	20010107	76	-22	-67	76	-22	-67	341.4	42.348	-77.347
USC00300448	BATH	20010108	76	17	-67	76	17	-67	341.4	42.348	-77.347
USC00300448	BATH	20010109	76	11	-106	76	11	-106	341.4	42.348	-77.347
USC00300448	BATH	20010110	76	-28	-106	76	-28	-106	341.4	42.348	-77.347
USC00300448	BATH	20010111	76	22	-67	76	22	-67	341.4	42.348	-77.347
USC00300448	BATH	20010112	0	17	-72	0	17	-72	341.4	42.348	-77.347
USC00300448	BATH	20010113	51	28	-117	51	28	-117	341.4	42.348	-77.347
USC00300448	BATH	20010114	51	50	-122	51	50	-122	341.4	42.348	-77.347
USC00300448	BATH	20010115	25	28	-50	25	28	-50	341.4	42.348	-77.347
USC00300448	BATH	20010116	0	44	6	0	44	6	341.4	42.348	-77.347
USC00300448	BATH	20010117	0	44	-6	0	44	-6	341.4	42.348	-77.347
USC00300448	BATH	20010118	0	44	-28	0	44	-28	341.4	42.348	-77.347
USC00300448	BATH	20010119	0	28	-50	0	28	-50	341.4	42.348	-77.347
USC00300448	BATH	20010120	51	11	-67	51	11	-67	341.4	42.348	-77.347
USC00300448	BATH	20010121	51	-61	-106	51	-61	-106	341.4	42.348	-77.347
USC00300448	BATH	20010122	51	-17	-106	51	-17	-106	341.4	42.348	-77.347
USC00300448	BATH	20010123	51	6	-144	51	6	-144	341.4	42.348	-77.347
USC00300448	BATH	20010124	25	33	-28	25	33	-28	341.4	42.348	-77.347
USC00300448	BATH	20010125	0	11	-50	0	11	-50	341.4	42.348	-77.347
USC00300448	BATH	20010126	0	-50	-111	0	-50	-111	341.4	42.348	-77.347
USC00300448	BATH	20010127	0	6	-111	0	6	-111	341.4	42.348	-77.347
USC00300448	BATH	20010128	51	-6	-61	51	-6	-61	341.4	42.348	-77.347
USC00300448	BATH	20010129	51	-17	-100	51	-17	-100	341.4	42.348	-77.347
USC00300448	BATH	20010130	25	61	-106	25	61	-106	341.4	42.348	-77.347
USC00300448	BATH	20010131	0	78	0	0	78	0	341.4	42.348	-77.347
USC00300448	BATH	20020101	76	-39	-156	76	-39	-156	341.4	42.348	-77.347
USC00300448	BATH	20020102	25	-33	-156	25	-33	-156	341.4	42.348	-77.347
USC00300448	BATH	20020103	25	-11	-150	25	-11	-150	341.4	42.348	-77.347
USC00300448	BATH	20020104	25	-6	-117	25	-6	-117	341.4	42.348	-77.347
USC00300448	BATH	20020105	25	6	-94	25	6	-94	341.4	42.348	-77.347
USC00300448	BATH	20020106	25	39	-28	25	39	-28	341.4	42.348	-77.347
USC00300448	BATH	20020107	178	0	-22	178	0	-22	341.4	42.348	-77.347
USC00300448	BATH	20020108	178	-11	-100	178	-11	-100	341.4	42.348	-77.347
USC00300448	BATH	20020109	152	-11	-100	152	-11	-100	341.4	42.348	-77.347
USC00300448	BATH	20020110	0	61	-17	0	61	-17	341.4	42.348	-77.347
USC00300448	BATH	20020111	0	61	6	0	61	6	341.4	42.348	-77.347
USC00300448	BATH	20020112	0	61	0	0	61	0	341.4	42.348	-77.347
USC00300448	BATH	20020113	0	61	-17	0	61	-17	341.4	42.348	-77.347
USC00300448	BATH	20020114	0	6	-78	0	6	-78	341.4	42.348	-77.347
USC00300448	BATH	20020115	0	33	-72	0	33	-72	341.4	42.348	-77.347
USC00300448	BATH	20020116	0	28	-22	0	28	-22	341.4	42.348	-77.347
USC00300448	BATH	20020117	25	28	-44	25	28	-44	341.4	42.348	-77.347
USC00300448	BATH	20020118	51	22	-50	51	22	-50	341.4	42.348	-77.347
USC00300448	BATH	20020119	76	22	-133	76	22	-133	341.4	42.348	-77.347
USC00300448	BATH	20020120	102	22	-167	102	22	-167	341.4	42.348	-77.347
USC00300448	BATH	20020121	76	6	-111	76	6	-111	341.4	42.348	-77.347
USC00300448	BATH	20020122	51	33	-28	51	33	-28	341.4	42.348	-77.347
USC00300448	BATH	20020123	25	89	-28	25	89	-28	341.4	42.348	-77.347
USC00300448	BATH	20020124	0	89	-28	0	89	-28	341.4	42.348	-77.347
USC00300448	BATH	20020125	0	67	-28	0	67	-28	341.4	42.348	-77.347
USC00300448	BATH	20020126	0	50	-28	0	50	-28	341.4	42.348	-77.347
USC00300448	BATH	20020127	0	111	-44	0	111	-44	341.4	42.348	-77.347
USC00300448	BATH	20020128	0	178	-44	0	178	-44	341.4	42.348	-77.347
USC00300448	BATH	20020129	0	144	-22	0	144	-22	341.4	42.348	-77.347
USC00300448	BATH	20020130	0	111	17	0	111	17	341.4	42.348	-77.347
USC00300448	BATH	20020131	76	17	-39	76	17	-39	341.4	42.348	-77.347
USC00300448	BATH	20030101	0	106	-22	0	106	-22	341.4	42.348	-77.347
USC00300448	BATH	20030102	127	0	-72	127	0	-72	341.4	42.348	-77.347
USC00300448	BATH	20030103	178	-33	-83	178	-33	-83	341.4	42.348	-77.347
USC00300448	BATH	20030104	203	-17	-44	203	-17	-44	341.4	42.348	-77.347
USC00300448	BATH	20030105	178	-11	-83	178	-11	-83	341.4	42.348	-77.347
USC00300448	BATH	20030106	203	-11	-83	203	-11	-83	341.4	42.348	-77.347
USC00300448	BATH	20030107	229	-22	-128	229	-22	-128	341.4	42.348	-77.347
USC00300448	BATH	20030108	203	11	-128	203	11	-128	341.4	42.348	-77.347
USC00300448	BATH	20030109	178	50	11	178	50	11	341.4	42.348	-77.347
USC00300448	BATH	20030110	178	50	-67	178	50	-67	341.4	42.348	-77.347
USC00300448	BATH	20030111	178	-28	-100	178	-28	-100	341.4	42.348	-77.347
USC00300448	BATH	20030112	178	-44	-78	178	-44	-78	341.4	42.348	-77.347
USC00300448	BATH	20030113	178	-28	-106	178	-28	-106	341.4	42.348	-77.347
USC00300448	BATH	20030114	178	-22	-167	178	-22	-167	341.4	42.348	-77.347
USC00300448	BATH	20030115	178	-22	-167	178	-22	-167	341.4	42.348	-77.347
USC00300448	BATH	20030116	178	-56	-89	178	-56	-89	341.4	42.348	-77.347
USC00300448	BATH	20030117	178	-56	-139	178	-56	-139	341.4	42.348	-77.347
USC00300448	BATH	20030118	178	-83	-228	178	-83	-228	341.4	42.348	-77.347
USC00300448	BATH	20030119	178	-56	-194	178	-56	-194	341.4	42.348	-77.347
USC00300448	BATH	20030120	178	-56	-128	178	-56	-128	341.4	42.348	-77.347
USC00300448	BATH	20030121	178	-83	-222	178	-83	-222	341.4	42.348	-77.347
USC00300448	BATH	20030122	178	-83	-217	178	-83	-217	341.4	42.348	-77.347
USC00300448	BATH	20030123	178	-117	-183	178	-117	-183	341.4	42.348	-77.347
USC00300448	BATH	20030124	178	-122	-167	178	-122	-167	341.4	42.348	-77.347
USC00300448	BATH	20030125	178	-50	-167	178	-50	-167	341.4	42.348	-77.347
USC00300448	BATH	20030127	203	9999	9999	203	NA	NA	341.4	42.348	-77.347
USC00300448	BATH	20030128	203	-133	-233	203	-133	-233	341.4	42.348	-77.347
USC00300448	BATH	20030129	229	-50	-161	229	-50	-161	341.4	42.348	-77.347
USC00300448	BATH	20030130	229	-22	-222	229	-22	-222	341.4	42.348	-77.347
USC00300448	BATH	20030131	229	-6	-222	229	-6	-222	341.4	42.348	-77.347
USC00300448	BATH	20040101	0	94	-44	0	94	-44	341.4	42.348	-77.347
USC00300448	BATH	20040102	0	94	-33	0	94	-33	341.4	42.348	-77.347
USC00300448	BATH	20040103	0	94	11	0	94	11	341.4	42.348	-77.347
USC00300448	BATH	20040104	0	178	11	0	178	11	341.4	42.348	-77.347
USC00300448	BATH	20040105	76	39	-33	76	39	-33	341.4	42.348	-77.347
USC00300448	BATH	20040106	0	39	-50	0	39	-50	341.4	42.348	-77.347
USC00300448	BATH	20040107	0	-22	-128	0	-22	-128	341.4	42.348	-77.347
USC00300448	BATH	20040108	127	-83	-122	127	-83	-122	341.4	42.348	-77.347
USC00300448	BATH	20040109	127	-50	-200	127	-50	-200	341.4	42.348	-77.347
USC00300448	BATH	20040110	127	-150	-267	127	-150	-267	341.4	42.348	-77.347
USC00300448	BATH	20040111	127	-144	-256	127	-144	-256	341.4	42.348	-77.347
USC00300448	BATH	20040112	152	-22	-200	152	-22	-200	341.4	42.348	-77.347
USC00300448	BATH	20040113	102	28	-28	102	28	-28	341.4	42.348	-77.347
USC00300448	BATH	20040114	127	6	-206	127	6	-206	341.4	42.348	-77.347
USC00300448	BATH	20040115	178	-139	-200	178	-139	-200	341.4	42.348	-77.347
USC00300448	BATH	20040116	0	-150	-222	0	-150	-222	341.4	42.348	-77.347
USC00300448	BATH	20040117	0	-94	-167	0	-94	-167	341.4	42.348	-77.347
USC00300448	BATH	20040118	152	-28	-183	152	-28	-183	341.4	42.348	-77.347
USC00300448	BATH	20040119	203	-11	-117	203	-11	-117	341.4	42.348	-77.347
USC00300448	BATH	20040120	203	-89	-117	203	-89	-117	341.4	42.348	-77.347
USC00300448	BATH	20040121	203	-72	-133	203	-72	-133	341.4	42.348	-77.347
USC00300448	BATH	20040122	203	-50	-128	203	-50	-128	341.4	42.348	-77.347
USC00300448	BATH	20040123	229	-17	-167	229	-17	-167	341.4	42.348	-77.347
USC00300448	BATH	20040124	229	-111	-178	229	-111	-178	341.4	42.348	-77.347
USC00300448	BATH	20040125	229	-117	-256	229	-117	-256	341.4	42.348	-77.347
USC00300448	BATH	20040126	229	-100	-261	229	-100	-261	341.4	42.348	-77.347
USC00300448	BATH	20040127	51	-78	-133	51	-78	-133	341.4	42.348	-77.347
USC00300448	BATH	20040128	102	-39	-78	102	-39	-78	341.4	42.348	-77.347
USC00300448	BATH	20040129	229	-39	-106	229	-39	-106	341.4	42.348	-77.347
USC00300448	BATH	20040130	229	-100	-200	229	-100	-200	341.4	42.348	-77.347
USC00300448	BATH	20040131	0	-100	-156	0	-100	-156	341.4	42.348	-77.347
USC00300448	BATH	20050101	0	117	-6	0	117	-6	341.4	42.348	-77.347
USC00300448	BATH	20050102	0	122	-28	0	122	-28	341.4	42.348	-77.347
USC00300448	BATH	20050103	0	56	-11	0	56	-11	341.4	42.348	-77.347
USC00300448	BATH	20050104	0	56	17	0	56	17	341.4	42.348	-77.347
USC00300448	BATH	20050105	102	11	-39	102	11	-39	341.4	42.348	-77.347
USC00300448	BATH	20050108	102	39	-44	102	39	-44	341.4	42.348	-77.347
USC00300448	BATH	20050109	127	39	-39	127	39	-39	341.4	42.348	-77.347
USC00300448	BATH	20050110	127	22	-28	127	22	-28	341.4	42.348	-77.347
USC00300448	BATH	20050111	76	33	-28	76	33	-28	341.4	42.348	-77.347
USC00300448	BATH	20050112	0	56	11	0	56	11	341.4	42.348	-77.347
USC00300448	BATH	20050113	25	156	0	25	156	0	341.4	42.348	-77.347
USC00300448	BATH	20050114	0	-6	-122	0	-6	-122	341.4	42.348	-77.347
USC00300448	BATH	20050115	0	-33	-122	0	-33	-122	341.4	42.348	-77.347
USC00300448	BATH	20050117	51	-33	-122	51	-33	-122	341.4	42.348	-77.347
USC00300448	BATH	20050118	0	-78	-189	0	-78	-189	341.4	42.348	-77.347
USC00300448	BATH	20050119	76	-44	-194	76	-44	-194	341.4	42.348	-77.347
USC00300448	BATH	20050120	0	-94	-217	0	-94	-217	341.4	42.348	-77.347
USC00300448	BATH	20050121	51	-144	-256	51	-144	-256	341.4	42.348	-77.347
USC00300448	BATH	20050122	51	-144	-256	51	-144	-256	341.4	42.348	-77.347
USC00300448	BATH	20050123	229	-106	-150	229	-106	-150	341.4	42.348	-77.347
USC00300448	BATH	20050124	229	-106	-250	229	-106	-250	341.4	42.348	-77.347
USC00300448	BATH	20050125	279	-50	-250	279	-50	-250	341.4	42.348	-77.347
USC00300448	BATH	20050126	356	-33	-72	356	-33	-72	341.4	42.348	-77.347
USC00300448	BATH	20050127	381	-33	-167	381	-33	-167	341.4	42.348	-77.347
USC00300448	BATH	20050128	9999	9999	9999	NA	NA	NA	341.4	42.348	-77.347
USC00300448	BATH	20050129	330	-33	-256	330	-33	-256	341.4	42.348	-77.347
USC00300448	BATH	20050130	76	6	-217	76	6	-217	341.4	42.348	-77.347
USC00300448	BATH	20050131	330	17	-183	330	17	-183	341.4	42.348	-77.347
