STATION	NAME	DATE	SNWD	TMAX	TMIN	SNWD2	TMAX2	TMIN2	ELEV	LAT	LONG
USC00280734	BELVIDERE	19950101	9999	28	-106	NA	28	-106	80.2	40.83333	-75.08333
USC00280734	BELVIDERE	19950102	9999	67	0	NA	67	0	80.2	40.83333	-75.08333
USC00280734	BELVIDERE	19950103	9999	22	-83	NA	22	-83	80.2	40.83333	-75.08333
USC00280734	BELVIDERE	19950104	9999	-22	-83	NA	-22	-83	80.2	40.83333	-75.08333
USC00280734	BELVIDERE	19950105	9999	-17	-122	NA	-17	-122	80.2	40.83333	-75.08333
USC00280734	BELVIDERE	19950106	9999	-44	-117	NA	-44	-117	80.2	40.83333	-75.08333
USC00280734	BELVIDERE	19950107	9999	0	-106	NA	0	-106	80.2	40.83333	-75.08333
USC00280734	BELVIDERE	19950108	9999	44	-39	NA	44	-39	80.2	40.83333	-75.08333
USC00280734	BELVIDERE	19950109	9999	22	-83	NA	22	-83	80.2	40.83333	-75.08333
USC00280734	BELVIDERE	19950110	9999	-28	-100	NA	-28	-100	80.2	40.83333	-75.08333
USC00280734	BELVIDERE	19950111	9999	0	-39	NA	0	-39	80.2	40.83333	-75.08333
USC00280734	BELVIDERE	19950112	9999	-17	-33	NA	-17	-33	80.2	40.83333	-75.08333
USC00280734	BELVIDERE	19950113	9999	11	-17	NA	11	-17	80.2	40.83333	-75.08333
USC00280734	BELVIDERE	19950114	9999	78	6	NA	78	6	80.2	40.83333	-75.08333
USC00280734	BELVIDERE	19950115	9999	178	33	NA	178	33	80.2	40.83333	-75.08333
USC00280734	BELVIDERE	19950116	9999	183	128	NA	183	128	80.2	40.83333	-75.08333
USC00280734	BELVIDERE	19950117	9999	144	44	NA	144	44	80.2	40.83333	-75.08333
USC00280734	BELVIDERE	19950118	9999	22	11	NA	22	11	80.2	40.83333	-75.08333
USC00280734	BELVIDERE	19950119	9999	56	28	NA	56	28	80.2	40.83333	-75.08333
USC00280734	BELVIDERE	19950120	9999	61	6	NA	61	6	80.2	40.83333	-75.08333
USC00280734	BELVIDERE	19950121	9999	83	6	NA	83	6	80.2	40.83333	-75.08333
USC00280734	BELVIDERE	19950122	9999	44	-44	NA	44	-44	80.2	40.83333	-75.08333
USC00280734	BELVIDERE	19950123	9999	6	-50	NA	6	-50	80.2	40.83333	-75.08333
USC00280734	BELVIDERE	19950124	9999	33	-44	NA	33	-44	80.2	40.83333	-75.08333
USC00280734	BELVIDERE	19950125	9999	17	-61	NA	17	-61	80.2	40.83333	-75.08333
USC00280734	BELVIDERE	19950126	9999	6	-17	NA	6	-17	80.2	40.83333	-75.08333
USC00280734	BELVIDERE	19950127	9999	11	-39	NA	11	-39	80.2	40.83333	-75.08333
USC00280734	BELVIDERE	19950128	9999	22	-72	NA	22	-72	80.2	40.83333	-75.08333
USC00280734	BELVIDERE	19950129	9999	0	-106	NA	0	-106	80.2	40.83333	-75.08333
USC00280734	BELVIDERE	19950130	9999	17	-106	NA	17	-106	80.2	40.83333	-75.08333
USC00280734	BELVIDERE	19950131	9999	9999	9999	NA	NA	NA	80.2	40.83333	-75.08333
USC00280734	BELVIDERE	19960101	9999	61	-67	NA	61	-67	80.2	40.83333	-75.08333
USC00280734	BELVIDERE	19960102	9999	39	-6	NA	39	-6	80.2	40.83333	-75.08333
USC00280734	BELVIDERE	19960103	9999	-6	-83	NA	-6	-83	80.2	40.83333	-75.08333
USC00280734	BELVIDERE	19960104	9999	-56	-117	NA	-56	-117	80.2	40.83333	-75.08333
USC00280734	BELVIDERE	19960105	9999	-44	-150	NA	-44	-150	80.2	40.83333	-75.08333
USC00280734	BELVIDERE	19960106	9999	-33	-172	NA	-33	-172	80.2	40.83333	-75.08333
USC00280734	BELVIDERE	19960107	9999	-72	-167	NA	-72	-167	80.2	40.83333	-75.08333
USC00280734	BELVIDERE	19960108	9999	-67	-156	NA	-67	-156	80.2	40.83333	-75.08333
USC00280734	BELVIDERE	19960109	9999	-67	-178	NA	-67	-178	80.2	40.83333	-75.08333
USC00280734	BELVIDERE	19960110	9999	-61	-172	NA	-61	-172	80.2	40.83333	-75.08333
USC00280734	BELVIDERE	19960111	9999	-39	-150	NA	-39	-150	80.2	40.83333	-75.08333
USC00280734	BELVIDERE	19960112	9999	-61	-156	NA	-61	-156	80.2	40.83333	-75.08333
USC00280734	BELVIDERE	19960113	9999	-11	-89	NA	-11	-89	80.2	40.83333	-75.08333
USC00280734	BELVIDERE	19960114	9999	6	-94	NA	6	-94	80.2	40.83333	-75.08333
USC00280734	BELVIDERE	19960115	9999	33	-28	NA	33	-28	80.2	40.83333	-75.08333
USC00280734	BELVIDERE	19960116	9999	22	-156	NA	22	-156	80.2	40.83333	-75.08333
USC00280734	BELVIDERE	19960117	9999	-39	-156	NA	-39	-156	80.2	40.83333	-75.08333
USC00280734	BELVIDERE	19960118	9999	39	-39	NA	39	-39	80.2	40.83333	-75.08333
USC00280734	BELVIDERE	19960119	9999	44	-28	NA	44	-28	80.2	40.83333	-75.08333
USC00280734	BELVIDERE	19960120	9999	144	-78	NA	144	-78	80.2	40.83333	-75.08333
USC00280734	BELVIDERE	19960121	9999	-17	-111	NA	-17	-111	80.2	40.83333	-75.08333
USC00280734	BELVIDERE	19960122	9999	-17	-83	NA	-17	-83	80.2	40.83333	-75.08333
USC00280734	BELVIDERE	19960123	9999	28	-33	NA	28	-33	80.2	40.83333	-75.08333
USC00280734	BELVIDERE	19960124	9999	22	-17	NA	22	-17	80.2	40.83333	-75.08333
USC00280734	BELVIDERE	19960125	9999	94	-39	NA	94	-39	80.2	40.83333	-75.08333
USC00280734	BELVIDERE	19960126	9999	-6	-94	NA	-6	-94	80.2	40.83333	-75.08333
USC00280734	BELVIDERE	19960127	9999	89	-94	NA	89	-94	80.2	40.83333	-75.08333
USC00280734	BELVIDERE	19960128	9999	117	-28	NA	117	-28	80.2	40.83333	-75.08333
USC00280734	BELVIDERE	19960129	9999	11	-72	NA	11	-72	80.2	40.83333	-75.08333
USC00280734	BELVIDERE	19960130	9999	17	-61	NA	17	-61	80.2	40.83333	-75.08333
USC00280734	BELVIDERE	19960131	9999	44	-56	NA	44	-56	80.2	40.83333	-75.08333
USC00280734	BELVIDERE	19970101	9999	0	-133	NA	0	-133	80.2	40.83333	-75.08333
USC00280734	BELVIDERE	19970102	9999	-39	-44	NA	-39	-44	80.2	40.83333	-75.08333
USC00280734	BELVIDERE	19970103	9999	28	-39	NA	28	-39	80.2	40.83333	-75.08333
USC00280734	BELVIDERE	19970104	9999	167	28	NA	167	28	80.2	40.83333	-75.08333
USC00280734	BELVIDERE	19970105	9999	78	44	NA	78	44	80.2	40.83333	-75.08333
USC00280734	BELVIDERE	19970106	9999	94	28	NA	94	28	80.2	40.83333	-75.08333
USC00280734	BELVIDERE	19970107	9999	72	-33	NA	72	-33	80.2	40.83333	-75.08333
USC00280734	BELVIDERE	19970108	9999	6	-44	NA	6	-44	80.2	40.83333	-75.08333
USC00280734	BELVIDERE	19970109	9999	17	-56	NA	17	-56	80.2	40.83333	-75.08333
USC00280734	BELVIDERE	19970110	9999	-6	-44	NA	-6	-44	80.2	40.83333	-75.08333
USC00280734	BELVIDERE	19970111	9999	22	-44	NA	22	-44	80.2	40.83333	-75.08333
USC00280734	BELVIDERE	19970112	9999	-33	-111	NA	-33	-111	80.2	40.83333	-75.08333
USC00280734	BELVIDERE	19970113	9999	-33	-111	NA	-33	-111	80.2	40.83333	-75.08333
USC00280734	BELVIDERE	19970114	9999	-6	-111	NA	-6	-111	80.2	40.83333	-75.08333
USC00280734	BELVIDERE	19970115	9999	-6	-117	NA	-6	-117	80.2	40.83333	-75.08333
USC00280734	BELVIDERE	19970116	9999	11	-122	NA	11	-122	80.2	40.83333	-75.08333
USC00280734	BELVIDERE	19970117	9999	44	-117	NA	44	-117	80.2	40.83333	-75.08333
USC00280734	BELVIDERE	19970118	9999	-106	-161	NA	-106	-161	80.2	40.83333	-75.08333
USC00280734	BELVIDERE	19970119	9999	-89	-172	NA	-89	-172	80.2	40.83333	-75.08333
USC00280734	BELVIDERE	19970120	9999	-72	-161	NA	-72	-161	80.2	40.83333	-75.08333
USC00280734	BELVIDERE	19970121	9999	-11	-111	NA	-11	-111	80.2	40.83333	-75.08333
USC00280734	BELVIDERE	19970122	9999	33	-72	NA	33	-72	80.2	40.83333	-75.08333
USC00280734	BELVIDERE	19970123	9999	61	-22	NA	61	-22	80.2	40.83333	-75.08333
USC00280734	BELVIDERE	19970124	9999	100	-78	NA	100	-78	80.2	40.83333	-75.08333
USC00280734	BELVIDERE	19970125	9999	33	-78	NA	33	-78	80.2	40.83333	-75.08333
USC00280734	BELVIDERE	19970126	9999	56	-33	NA	56	-33	80.2	40.83333	-75.08333
USC00280734	BELVIDERE	19970127	9999	-6	-78	NA	-6	-78	80.2	40.83333	-75.08333
USC00280734	BELVIDERE	19970128	9999	0	-72	NA	0	-72	80.2	40.83333	-75.08333
USC00280734	BELVIDERE	19970129	9999	33	-72	NA	33	-72	80.2	40.83333	-75.08333
USC00280734	BELVIDERE	19970130	9999	-11	-100	NA	-11	-100	80.2	40.83333	-75.08333
USC00280734	BELVIDERE	19970131	9999	-22	-94	NA	-22	-94	80.2	40.83333	-75.08333
USC00280734	BELVIDERE	19980101	9999	-17	-117	NA	-17	-117	80.2	40.83333	-75.08333
USC00280734	BELVIDERE	19980102	9999	-22	-117	NA	-22	-117	80.2	40.83333	-75.08333
USC00280734	BELVIDERE	19980103	9999	67	-33	NA	67	-33	80.2	40.83333	-75.08333
USC00280734	BELVIDERE	19980104	9999	106	22	NA	106	22	80.2	40.83333	-75.08333
USC00280734	BELVIDERE	19980105	9999	144	17	NA	144	17	80.2	40.83333	-75.08333
USC00280734	BELVIDERE	19980106	9999	78	44	NA	78	44	80.2	40.83333	-75.08333
USC00280734	BELVIDERE	19980107	9999	122	78	NA	122	78	80.2	40.83333	-75.08333
USC00280734	BELVIDERE	19980108	9999	133	67	NA	133	67	80.2	40.83333	-75.08333
USC00280734	BELVIDERE	19980109	9999	183	78	NA	183	78	80.2	40.83333	-75.08333
USC00280734	BELVIDERE	19980110	9999	172	0	NA	172	0	80.2	40.83333	-75.08333
USC00280734	BELVIDERE	19980111	9999	89	-17	NA	89	-17	80.2	40.83333	-75.08333
USC00280734	BELVIDERE	19980112	9999	100	-44	NA	100	-44	80.2	40.83333	-75.08333
USC00280734	BELVIDERE	19980113	9999	50	-44	NA	50	-44	80.2	40.83333	-75.08333
USC00280734	BELVIDERE	19980114	9999	67	-61	NA	67	-61	80.2	40.83333	-75.08333
USC00280734	BELVIDERE	19980115	9999	17	-78	NA	17	-78	80.2	40.83333	-75.08333
USC00280734	BELVIDERE	19980116	9999	6	-44	NA	6	-44	80.2	40.83333	-75.08333
USC00280734	BELVIDERE	19980117	9999	33	-28	NA	33	-28	80.2	40.83333	-75.08333
USC00280734	BELVIDERE	19980118	9999	0	-22	NA	0	-22	80.2	40.83333	-75.08333
USC00280734	BELVIDERE	19980119	9999	0	-22	NA	0	-22	80.2	40.83333	-75.08333
USC00280734	BELVIDERE	19980120	9999	22	-11	NA	22	-11	80.2	40.83333	-75.08333
USC00280734	BELVIDERE	19980121	9999	22	-44	NA	22	-44	80.2	40.83333	-75.08333
USC00280734	BELVIDERE	19980122	9999	22	-39	NA	22	-39	80.2	40.83333	-75.08333
USC00280734	BELVIDERE	19980123	9999	28	-44	NA	28	-44	80.2	40.83333	-75.08333
USC00280734	BELVIDERE	19980124	9999	28	11	NA	28	11	80.2	40.83333	-75.08333
USC00280734	BELVIDERE	19980125	9999	67	-6	NA	67	-6	80.2	40.83333	-75.08333
USC00280734	BELVIDERE	19980126	9999	28	-44	NA	28	-44	80.2	40.83333	-75.08333
USC00280734	BELVIDERE	19980127	9999	44	-50	NA	44	-50	80.2	40.83333	-75.08333
USC00280734	BELVIDERE	19980128	9999	17	-44	NA	17	-44	80.2	40.83333	-75.08333
USC00280734	BELVIDERE	19980129	9999	22	-39	NA	22	-39	80.2	40.83333	-75.08333
USC00280734	BELVIDERE	19980130	9999	117	-17	NA	117	-17	80.2	40.83333	-75.08333
USC00280734	BELVIDERE	19980131	9999	56	17	NA	56	17	80.2	40.83333	-75.08333
USC00280734	BELVIDERE	19990101	9999	-11	-94	NA	-11	-94	80.2	40.83333	-75.08333
USC00280734	BELVIDERE	19990102	9999	-33	-144	NA	-33	-144	80.2	40.83333	-75.08333
USC00280734	BELVIDERE	19990103	9999	-22	-67	NA	-22	-67	80.2	40.83333	-75.08333
USC00280734	BELVIDERE	19990104	9999	61	-67	NA	61	-67	80.2	40.83333	-75.08333
USC00280734	BELVIDERE	19990105	9999	-17	-111	NA	-17	-111	80.2	40.83333	-75.08333
USC00280734	BELVIDERE	19990106	9999	-22	-133	NA	-22	-133	80.2	40.83333	-75.08333
USC00280734	BELVIDERE	19990107	9999	-22	-133	NA	-22	-133	80.2	40.83333	-75.08333
USC00280734	BELVIDERE	19990108	9999	-11	-94	NA	-11	-94	80.2	40.83333	-75.08333
USC00280734	BELVIDERE	19990109	9999	-6	-89	NA	-6	-89	80.2	40.83333	-75.08333
USC00280734	BELVIDERE	19990110	9999	28	-94	NA	28	-94	80.2	40.83333	-75.08333
USC00280734	BELVIDERE	19990111	9999	22	-94	NA	22	-94	80.2	40.83333	-75.08333
USC00280734	BELVIDERE	19990112	9999	-44	-89	NA	-44	-89	80.2	40.83333	-75.08333
USC00280734	BELVIDERE	19990113	9999	50	-78	NA	50	-78	80.2	40.83333	-75.08333
USC00280734	BELVIDERE	19990114	9999	56	-144	NA	56	-144	80.2	40.83333	-75.08333
USC00280734	BELVIDERE	19990115	9999	-28	-156	NA	-28	-156	80.2	40.83333	-75.08333
USC00280734	BELVIDERE	19990116	9999	0	-78	NA	0	-78	80.2	40.83333	-75.08333
USC00280734	BELVIDERE	19990117	9999	28	-72	NA	28	-72	80.2	40.83333	-75.08333
USC00280734	BELVIDERE	19990118	9999	111	-28	NA	111	-28	80.2	40.83333	-75.08333
USC00280734	BELVIDERE	19990119	9999	122	6	NA	122	6	80.2	40.83333	-75.08333
USC00280734	BELVIDERE	19990120	9999	83	-6	NA	83	-6	80.2	40.83333	-75.08333
USC00280734	BELVIDERE	19990121	9999	83	-44	NA	83	-44	80.2	40.83333	-75.08333
USC00280734	BELVIDERE	19990122	9999	33	-44	NA	33	-44	80.2	40.83333	-75.08333
USC00280734	BELVIDERE	19990123	9999	44	22	NA	44	22	80.2	40.83333	-75.08333
USC00280734	BELVIDERE	19990124	9999	161	28	NA	161	28	80.2	40.83333	-75.08333
USC00280734	BELVIDERE	19990125	9999	139	6	NA	139	6	80.2	40.83333	-75.08333
USC00280734	BELVIDERE	19990126	9999	17	-56	NA	17	-56	80.2	40.83333	-75.08333
USC00280734	BELVIDERE	19990127	9999	50	-67	NA	50	-67	80.2	40.83333	-75.08333
USC00280734	BELVIDERE	19990128	9999	61	-67	NA	61	-67	80.2	40.83333	-75.08333
USC00280734	BELVIDERE	19990129	9999	106	-6	NA	106	-6	80.2	40.83333	-75.08333
USC00280734	BELVIDERE	19990130	9999	28	-67	NA	28	-67	80.2	40.83333	-75.08333
USC00280734	BELVIDERE	19990131	9999	33	-106	NA	33	-106	80.2	40.83333	-75.08333
USC00280734	BELVIDERE	20000101	9999	50	-56	NA	50	-56	80.2	40.83333	-75.08333
USC00280734	BELVIDERE	20000102	9999	28	-33	NA	28	-33	80.2	40.83333	-75.08333
USC00280734	BELVIDERE	20000103	9999	111	-11	NA	111	-11	80.2	40.83333	-75.08333
USC00280734	BELVIDERE	20000104	9999	133	67	NA	133	67	80.2	40.83333	-75.08333
USC00280734	BELVIDERE	20000105	9999	178	0	NA	178	0	80.2	40.83333	-75.08333
USC00280734	BELVIDERE	20000106	9999	28	-83	NA	28	-83	80.2	40.83333	-75.08333
USC00280734	BELVIDERE	20000107	9999	56	-39	NA	56	-39	80.2	40.83333	-75.08333
USC00280734	BELVIDERE	20000108	9999	83	-56	NA	83	-56	80.2	40.83333	-75.08333
USC00280734	BELVIDERE	20000109	9999	33	-67	NA	33	-67	80.2	40.83333	-75.08333
USC00280734	BELVIDERE	20000110	9999	83	0	NA	83	0	80.2	40.83333	-75.08333
USC00280734	BELVIDERE	20000111	9999	111	-11	NA	111	-11	80.2	40.83333	-75.08333
USC00280734	BELVIDERE	20000112	9999	106	-11	NA	106	-11	80.2	40.83333	-75.08333
USC00280734	BELVIDERE	20000113	9999	83	-17	NA	83	-17	80.2	40.83333	-75.08333
USC00280734	BELVIDERE	20000114	9999	6	-111	NA	6	-111	80.2	40.83333	-75.08333
USC00280734	BELVIDERE	20000115	9999	-56	-111	NA	-56	-111	80.2	40.83333	-75.08333
USC00280734	BELVIDERE	20000116	9999	-6	-33	NA	-6	-33	80.2	40.83333	-75.08333
USC00280734	BELVIDERE	20000117	9999	83	-144	NA	83	-144	80.2	40.83333	-75.08333
USC00280734	BELVIDERE	20000118	9999	-83	-156	NA	-83	-156	80.2	40.83333	-75.08333
USC00280734	BELVIDERE	20000119	9999	-67	-150	NA	-67	-150	80.2	40.83333	-75.08333
USC00280734	BELVIDERE	20000120	9999	0	-94	NA	0	-94	80.2	40.83333	-75.08333
USC00280734	BELVIDERE	20000121	9999	-28	-128	NA	-28	-128	80.2	40.83333	-75.08333
USC00280734	BELVIDERE	20000122	9999	-78	-150	NA	-78	-150	80.2	40.83333	-75.08333
USC00280734	BELVIDERE	20000123	9999	-50	-94	NA	-50	-94	80.2	40.83333	-75.08333
USC00280734	BELVIDERE	20000124	9999	-33	-94	NA	-33	-94	80.2	40.83333	-75.08333
USC00280734	BELVIDERE	20000125	9999	39	-56	NA	39	-56	80.2	40.83333	-75.08333
USC00280734	BELVIDERE	20000126	9999	-17	-61	NA	-17	-61	80.2	40.83333	-75.08333
USC00280734	BELVIDERE	20000127	9999	-6	-122	NA	-6	-122	80.2	40.83333	-75.08333
USC00280734	BELVIDERE	20000128	9999	-72	-144	NA	-72	-144	80.2	40.83333	-75.08333
USC00280734	BELVIDERE	20000129	9999	-50	-144	NA	-50	-144	80.2	40.83333	-75.08333
USC00280734	BELVIDERE	20000130	9999	11	-161	NA	11	-161	80.2	40.83333	-75.08333
USC00280734	BELVIDERE	20000131	9999	0	-156	NA	0	-156	80.2	40.83333	-75.08333
USC00280734	BELVIDERE	20010101	9999	-6	-61	NA	-6	-61	80.2	40.83333	-75.08333
USC00280734	BELVIDERE	20010102	9999	22	-117	NA	22	-117	80.2	40.83333	-75.08333
USC00280734	BELVIDERE	20010103	9999	-33	-133	NA	-33	-133	80.2	40.83333	-75.08333
USC00280734	BELVIDERE	20010104	9999	-6	-83	NA	-6	-83	80.2	40.83333	-75.08333
USC00280734	BELVIDERE	20010105	9999	22	-106	NA	22	-106	80.2	40.83333	-75.08333
USC00280734	BELVIDERE	20010106	9999	-17	-94	NA	-17	-94	80.2	40.83333	-75.08333
USC00280734	BELVIDERE	20010107	9999	33	-50	NA	33	-50	80.2	40.83333	-75.08333
USC00280734	BELVIDERE	20010108	9999	67	-61	NA	67	-61	80.2	40.83333	-75.08333
USC00280734	BELVIDERE	20010109	9999	33	-61	NA	33	-61	80.2	40.83333	-75.08333
USC00280734	BELVIDERE	20010110	9999	-6	-61	NA	-6	-61	80.2	40.83333	-75.08333
USC00280734	BELVIDERE	20010111	9999	-6	-78	NA	-6	-78	80.2	40.83333	-75.08333
USC00280734	BELVIDERE	20010112	9999	83	-67	NA	83	-67	80.2	40.83333	-75.08333
USC00280734	BELVIDERE	20010113	9999	83	-89	NA	83	-89	80.2	40.83333	-75.08333
USC00280734	BELVIDERE	20010114	9999	50	-94	NA	50	-94	80.2	40.83333	-75.08333
USC00280734	BELVIDERE	20010115	9999	50	-89	NA	50	-89	80.2	40.83333	-75.08333
USC00280734	BELVIDERE	20010116	9999	17	6	NA	17	6	80.2	40.83333	-75.08333
USC00280734	BELVIDERE	20010117	9999	61	-6	NA	61	-6	80.2	40.83333	-75.08333
USC00280734	BELVIDERE	20010118	9999	39	-33	NA	39	-33	80.2	40.83333	-75.08333
USC00280734	BELVIDERE	20010119	9999	33	-33	NA	33	-33	80.2	40.83333	-75.08333
USC00280734	BELVIDERE	20010120	9999	22	-11	NA	22	-11	80.2	40.83333	-75.08333
USC00280734	BELVIDERE	20010121	9999	6	-67	NA	6	-67	80.2	40.83333	-75.08333
USC00280734	BELVIDERE	20010122	9999	11	-133	NA	11	-133	80.2	40.83333	-75.08333
USC00280734	BELVIDERE	20010123	9999	11	-150	NA	11	-150	80.2	40.83333	-75.08333
USC00280734	BELVIDERE	20010124	9999	17	-144	NA	17	-144	80.2	40.83333	-75.08333
USC00280734	BELVIDERE	20010125	9999	56	-122	NA	56	-122	80.2	40.83333	-75.08333
USC00280734	BELVIDERE	20010126	9999	33	-106	NA	33	-106	80.2	40.83333	-75.08333
USC00280734	BELVIDERE	20010127	9999	6	-50	NA	6	-50	80.2	40.83333	-75.08333
USC00280734	BELVIDERE	20010128	9999	39	-50	NA	39	-50	80.2	40.83333	-75.08333
USC00280734	BELVIDERE	20010129	9999	17	-78	NA	17	-78	80.2	40.83333	-75.08333
USC00280734	BELVIDERE	20010130	9999	28	-67	NA	28	-67	80.2	40.83333	-75.08333
USC00280734	BELVIDERE	20010131	9999	44	-56	NA	44	-56	80.2	40.83333	-75.08333
USC00280734	BELVIDERE	20020101	9999	-6	-94	NA	-6	-94	80.2	40.83333	-75.08333
USC00280734	BELVIDERE	20020102	9999	28	-94	NA	28	-94	80.2	40.83333	-75.08333
USC00280734	BELVIDERE	20020103	9999	33	-89	NA	33	-89	80.2	40.83333	-75.08333
USC00280734	BELVIDERE	20020104	9999	44	-89	NA	44	-89	80.2	40.83333	-75.08333
USC00280734	BELVIDERE	20020105	9999	44	-89	NA	44	-89	80.2	40.83333	-75.08333
USC00280734	BELVIDERE	20020106	9999	56	-89	NA	56	-89	80.2	40.83333	-75.08333
USC00280734	BELVIDERE	20020107	9999	-89	50	NA	-89	50	80.2	40.83333	-75.08333
USC00280734	BELVIDERE	20020108	9999	22	-83	NA	22	-83	80.2	40.83333	-75.08333
USC00280734	BELVIDERE	20020109	9999	11	-89	NA	11	-89	80.2	40.83333	-75.08333
USC00280734	BELVIDERE	20020110	9999	28	-33	NA	28	-33	80.2	40.83333	-75.08333
USC00280734	BELVIDERE	20020111	9999	106	-39	NA	106	-39	80.2	40.83333	-75.08333
USC00280734	BELVIDERE	20020112	9999	67	6	NA	67	6	80.2	40.83333	-75.08333
USC00280734	BELVIDERE	20020113	9999	72	-17	NA	72	-17	80.2	40.83333	-75.08333
USC00280734	BELVIDERE	20020114	9999	72	-39	NA	72	-39	80.2	40.83333	-75.08333
USC00280734	BELVIDERE	20020115	9999	78	-28	NA	78	-28	80.2	40.83333	-75.08333
USC00280734	BELVIDERE	20020116	9999	83	22	NA	83	22	80.2	40.83333	-75.08333
USC00280734	BELVIDERE	20020117	9999	56	-28	NA	56	-28	80.2	40.83333	-75.08333
USC00280734	BELVIDERE	20020118	9999	78	-50	NA	78	-50	80.2	40.83333	-75.08333
USC00280734	BELVIDERE	20020119	9999	28	-56	NA	28	-56	80.2	40.83333	-75.08333
USC00280734	BELVIDERE	20020120	9999	-22	-94	NA	-22	-94	80.2	40.83333	-75.08333
USC00280734	BELVIDERE	20020121	9999	33	-100	NA	33	-100	80.2	40.83333	-75.08333
USC00280734	BELVIDERE	20020122	9999	39	-56	NA	39	-56	80.2	40.83333	-75.08333
USC00280734	BELVIDERE	20020123	9999	83	-56	NA	83	-56	80.2	40.83333	-75.08333
USC00280734	BELVIDERE	20020124	9999	72	28	NA	72	28	80.2	40.83333	-75.08333
USC00280734	BELVIDERE	20020125	9999	67	22	NA	67	22	80.2	40.83333	-75.08333
USC00280734	BELVIDERE	20020126	9999	83	-22	NA	83	-22	80.2	40.83333	-75.08333
USC00280734	BELVIDERE	20020127	9999	117	-56	NA	117	-56	80.2	40.83333	-75.08333
USC00280734	BELVIDERE	20020128	9999	161	-44	NA	161	-44	80.2	40.83333	-75.08333
USC00280734	BELVIDERE	20020129	9999	9999	9999	NA	NA	NA	80.2	40.83333	-75.08333
USC00280734	BELVIDERE	20020130	9999	178	-39	NA	178	-39	80.2	40.83333	-75.08333
USC00280734	BELVIDERE	20020131	9999	178	-22	NA	178	-22	80.2	40.83333	-75.08333
USC00280734	BELVIDERE	20030101	9999	56	11	NA	56	11	80.2	40.83333	-75.08333
USC00280734	BELVIDERE	20030102	9999	50	11	NA	50	11	80.2	40.83333	-75.08333
USC00280734	BELVIDERE	20030103	9999	22	-44	NA	22	-44	80.2	40.83333	-75.08333
USC00280734	BELVIDERE	20030104	9999	0	-44	NA	0	-44	80.2	40.83333	-75.08333
USC00280734	BELVIDERE	20030105	9999	28	-6	NA	28	-6	80.2	40.83333	-75.08333
USC00280734	BELVIDERE	20030106	9999	17	-17	NA	17	-17	80.2	40.83333	-75.08333
USC00280734	BELVIDERE	20030107	9999	17	-33	NA	17	-33	80.2	40.83333	-75.08333
USC00280734	BELVIDERE	20030108	9999	-6	-50	NA	-6	-50	80.2	40.83333	-75.08333
USC00280734	BELVIDERE	20030109	9999	78	-50	NA	78	-50	80.2	40.83333	-75.08333
USC00280734	BELVIDERE	20030110	9999	94	0	NA	94	0	80.2	40.83333	-75.08333
USC00280734	BELVIDERE	20030111	9999	39	-56	NA	39	-56	80.2	40.83333	-75.08333
USC00280734	BELVIDERE	20030112	9999	-17	-67	NA	-17	-67	80.2	40.83333	-75.08333
USC00280734	BELVIDERE	20030113	9999	11	-72	NA	11	-72	80.2	40.83333	-75.08333
USC00280734	BELVIDERE	20030114	9999	22	-89	NA	22	-89	80.2	40.83333	-75.08333
USC00280734	BELVIDERE	20030115	9999	-11	-83	NA	-11	-83	80.2	40.83333	-75.08333
USC00280734	BELVIDERE	20030116	9999	-17	-94	NA	-17	-94	80.2	40.83333	-75.08333
USC00280734	BELVIDERE	20030117	9999	-28	-117	NA	-28	-117	80.2	40.83333	-75.08333
USC00280734	BELVIDERE	20030118	9999	-6	-172	NA	-6	-172	80.2	40.83333	-75.08333
USC00280734	BELVIDERE	20030119	9999	-56	-167	NA	-56	-167	80.2	40.83333	-75.08333
USC00280734	BELVIDERE	20030120	9999	-22	-133	NA	-22	-133	80.2	40.83333	-75.08333
USC00280734	BELVIDERE	20030121	9999	-11	-117	NA	-11	-117	80.2	40.83333	-75.08333
USC00280734	BELVIDERE	20030122	9999	-28	-133	NA	-28	-133	80.2	40.83333	-75.08333
USC00280734	BELVIDERE	20030123	9999	-56	-144	NA	-56	-144	80.2	40.83333	-75.08333
USC00280734	BELVIDERE	20030124	9999	-72	-144	NA	-72	-144	80.2	40.83333	-75.08333
USC00280734	BELVIDERE	20030125	9999	-22	-139	NA	-22	-139	80.2	40.83333	-75.08333
USC00280734	BELVIDERE	20030126	9999	0	-89	NA	0	-89	80.2	40.83333	-75.08333
USC00280734	BELVIDERE	20030127	9999	0	-133	NA	0	-133	80.2	40.83333	-75.08333
USC00280734	BELVIDERE	20030128	9999	0	-161	NA	0	-161	80.2	40.83333	-75.08333
USC00280734	BELVIDERE	20030129	9999	-56	-122	NA	-56	-122	80.2	40.83333	-75.08333
USC00280734	BELVIDERE	20030130	9999	-11	-122	NA	-11	-122	80.2	40.83333	-75.08333
USC00280734	BELVIDERE	20030131	9999	33	-122	NA	33	-122	80.2	40.83333	-75.08333
USC00280734	BELVIDERE	20040101	9999	72	-6	NA	72	-6	80.2	40.83333	-75.08333
USC00280734	BELVIDERE	20040102	9999	94	-17	NA	94	-17	80.2	40.83333	-75.08333
USC00280734	BELVIDERE	20040103	9999	78	6	NA	78	6	80.2	40.83333	-75.08333
USC00280734	BELVIDERE	20040104	9999	122	56	NA	122	56	80.2	40.83333	-75.08333
USC00280734	BELVIDERE	20040105	9999	83	6	NA	83	6	80.2	40.83333	-75.08333
USC00280734	BELVIDERE	20040106	9999	33	-28	NA	33	-28	80.2	40.83333	-75.08333
USC00280734	BELVIDERE	20040107	9999	28	-89	NA	28	-89	80.2	40.83333	-75.08333
USC00280734	BELVIDERE	20040108	9999	-39	-89	NA	-39	-89	80.2	40.83333	-75.08333
USC00280734	BELVIDERE	20040109	9999	-6	-100	NA	-6	-100	80.2	40.83333	-75.08333
USC00280734	BELVIDERE	20040110	9999	-72	-178	NA	-72	-178	80.2	40.83333	-75.08333
USC00280734	BELVIDERE	20040111	9999	-89	-183	NA	-89	-183	80.2	40.83333	-75.08333
USC00280734	BELVIDERE	20040112	9999	-22	-156	NA	-22	-156	80.2	40.83333	-75.08333
USC00280734	BELVIDERE	20040113	9999	22	-44	NA	22	-44	80.2	40.83333	-75.08333
USC00280734	BELVIDERE	20040114	9999	50	-139	NA	50	-139	80.2	40.83333	-75.08333
USC00280734	BELVIDERE	20040115	9999	-78	-139	NA	-78	-139	80.2	40.83333	-75.08333
USC00280734	BELVIDERE	20040116	9999	-67	-178	NA	-67	-178	80.2	40.83333	-75.08333
USC00280734	BELVIDERE	20040117	9999	-11	-139	NA	-11	-139	80.2	40.83333	-75.08333
USC00280734	BELVIDERE	20040118	9999	-6	-106	NA	-6	-106	80.2	40.83333	-75.08333
USC00280734	BELVIDERE	20040119	9999	0	-78	NA	0	-78	80.2	40.83333	-75.08333
USC00280734	BELVIDERE	20040120	9999	0	-83	NA	0	-83	80.2	40.83333	-75.08333
USC00280734	BELVIDERE	20040121	9999	0	-117	NA	0	-117	80.2	40.83333	-75.08333
USC00280734	BELVIDERE	20040122	9999	-11	-111	NA	-11	-111	80.2	40.83333	-75.08333
USC00280734	BELVIDERE	20040123	9999	33	-122	NA	33	-122	80.2	40.83333	-75.08333
USC00280734	BELVIDERE	20040124	9999	-78	-133	NA	-78	-133	80.2	40.83333	-75.08333
USC00280734	BELVIDERE	20040125	9999	-39	-167	NA	-39	-167	80.2	40.83333	-75.08333
USC00280734	BELVIDERE	20040126	9999	-89	-172	NA	-89	-172	80.2	40.83333	-75.08333
USC00280734	BELVIDERE	20040127	9999	-83	-100	NA	-83	-100	80.2	40.83333	-75.08333
USC00280734	BELVIDERE	20040128	9999	-44	-100	NA	-44	-100	80.2	40.83333	-75.08333
USC00280734	BELVIDERE	20040129	9999	-28	-89	NA	-28	-89	80.2	40.83333	-75.08333
USC00280734	BELVIDERE	20040130	9999	-28	-122	NA	-28	-122	80.2	40.83333	-75.08333
USC00280734	BELVIDERE	20040131	9999	-44	-117	NA	-44	-117	80.2	40.83333	-75.08333
USC00280734	BELVIDERE	20050101	9999	117	17	NA	117	17	80.2	40.83333	-75.08333
USC00280734	BELVIDERE	20050102	9999	156	-22	NA	156	-22	80.2	40.83333	-75.08333
USC00280734	BELVIDERE	20050103	9999	44	-22	NA	44	-22	80.2	40.83333	-75.08333
USC00280734	BELVIDERE	20050104	9999	89	44	NA	89	44	80.2	40.83333	-75.08333
USC00280734	BELVIDERE	20050105	9999	94	28	NA	94	28	80.2	40.83333	-75.08333
USC00280734	BELVIDERE	20050106	9999	28	-6	NA	28	-6	80.2	40.83333	-75.08333
USC00280734	BELVIDERE	20050107	9999	33	-6	NA	33	-6	80.2	40.83333	-75.08333
USC00280734	BELVIDERE	20050108	9999	28	0	NA	28	0	80.2	40.83333	-75.08333
USC00280734	BELVIDERE	20050109	9999	39	0	NA	39	0	80.2	40.83333	-75.08333
USC00280734	BELVIDERE	20050110	9999	22	0	NA	22	0	80.2	40.83333	-75.08333
USC00280734	BELVIDERE	20050111	9999	89	-6	NA	89	-6	80.2	40.83333	-75.08333
USC00280734	BELVIDERE	20050112	9999	17	-6	NA	17	-6	80.2	40.83333	-75.08333
USC00280734	BELVIDERE	20050113	9999	28	11	NA	28	11	80.2	40.83333	-75.08333
USC00280734	BELVIDERE	20050114	9999	189	11	NA	189	11	80.2	40.83333	-75.08333
USC00280734	BELVIDERE	20050115	9999	189	-61	NA	189	-61	80.2	40.83333	-75.08333
USC00280734	BELVIDERE	20050116	9999	0	-67	NA	0	-67	80.2	40.83333	-75.08333
USC00280734	BELVIDERE	20050117	9999	6	-56	NA	6	-56	80.2	40.83333	-75.08333
USC00280734	BELVIDERE	20050118	9999	-33	-117	NA	-33	-117	80.2	40.83333	-75.08333
USC00280734	BELVIDERE	20050119	9999	-83	-172	NA	-83	-172	80.2	40.83333	-75.08333
USC00280734	BELVIDERE	20050120	9999	-61	-172	NA	-61	-172	80.2	40.83333	-75.08333
USC00280734	BELVIDERE	20050121	9999	-6	-128	NA	-6	-128	80.2	40.83333	-75.08333
USC00280734	BELVIDERE	20050122	9999	-72	-178	NA	-72	-178	80.2	40.83333	-75.08333
USC00280734	BELVIDERE	20050123	9999	-78	-172	NA	-78	-172	80.2	40.83333	-75.08333
USC00280734	BELVIDERE	20050124	9999	-61	-178	NA	-61	-178	80.2	40.83333	-75.08333
USC00280734	BELVIDERE	20050125	9999	-61	-150	NA	-61	-150	80.2	40.83333	-75.08333
USC00280734	BELVIDERE	20050126	9999	22	-83	NA	22	-83	80.2	40.83333	-75.08333
USC00280734	BELVIDERE	20050127	9999	22	9999	NA	22	NA	80.2	40.83333	-75.08333
USC00280734	BELVIDERE	20050128	9999	-56	-183	NA	-56	-183	80.2	40.83333	-75.08333
USC00280734	BELVIDERE	20050129	9999	-33	-178	NA	-33	-178	80.2	40.83333	-75.08333
USC00280734	BELVIDERE	20050130	9999	-11	-178	NA	-11	-178	80.2	40.83333	-75.08333
USC00280734	BELVIDERE	20050131	9999	67	-83	NA	67	-83	80.2	40.83333	-75.08333
