STATION	NAME	DATE	SNWD	TMAX	TMIN	SNWD2	TMAX2	TMIN2	ELEV	LAT	LONG				
USC00360868	BRADFORD 4 SW RES 5	19950101	51	50	-78	51	50	-78	506.0	41.8975	-78.7144				
USC00360868	BRADFORD 4 SW RES 5	19950102	51	-78	-106	51	-78	-106	506.0	41.8975	-78.7144				
USC00360868	BRADFORD 4 SW RES 5	19950103	51	-56	-133	51	-56	-133	506.0	41.8975	-78.7144				
USC00360868	BRADFORD 4 SW RES 5	19950104	25	-111	-172	25	-111	-172	506.0	41.8975	-78.7144				
USC00360868	BRADFORD 4 SW RES 5	19950105	25	-94	-172	25	-94	-172	506.0	41.8975	-78.7144				
USC00360868	BRADFORD 4 SW RES 5	19950106	76	0	-100	76	0	-100	506.0	41.8975	-78.7144				
USC00360868	BRADFORD 4 SW RES 5	19950107	76	-28	-78	76	-28	-78	506.0	41.8975	-78.7144				
USC00360868	BRADFORD 4 SW RES 5	19950108	76	-56	-78	76	-56	-78	506.0	41.8975	-78.7144				
USC00360868	BRADFORD 4 SW RES 5	19950109	76	-61	-156	76	-61	-156	506.0	41.8975	-78.7144				
USC00360868	BRADFORD 4 SW RES 5	19950110	76	-56	-150	76	-56	-150	506.0	41.8975	-78.7144				
USC00360868	BRADFORD 4 SW RES 5	19950111	25	22	-56	25	22	-56	506.0	41.8975	-78.7144				
USC00360868	BRADFORD 4 SW RES 5	19950112	0	111	11	0	111	11	506.0	41.8975	-78.7144				
USC00360868	BRADFORD 4 SW RES 5	19950113	0	150	22	0	150	22	506.0	41.8975	-78.7144				
USC00360868	BRADFORD 4 SW RES 5	19950114	0	161	83	0	161	83	506.0	41.8975	-78.7144				
USC00360868	BRADFORD 4 SW RES 5	19950115	0	156	28	0	156	28	506.0	41.8975	-78.7144				
USC00360868	BRADFORD 4 SW RES 5	19950116	0	28	-6	0	28	-6	506.0	41.8975	-78.7144				
USC00360868	BRADFORD 4 SW RES 5	19950117	0	44	0	0	44	0	506.0	41.8975	-78.7144				
USC00360868	BRADFORD 4 SW RES 5	19950118	0	111	6	0	111	6	506.0	41.8975	-78.7144				
USC00360868	BRADFORD 4 SW RES 5	19950119	0	72	39	0	72	39	506.0	41.8975	-78.7144				
USC00360868	BRADFORD 4 SW RES 5	19950120	25	56	-6	25	56	-6	506.0	41.8975	-78.7144				
USC00360868	BRADFORD 4 SW RES 5	19950121	76	-6	-67	76	-6	-67	506.0	41.8975	-78.7144				
USC00360868	BRADFORD 4 SW RES 5	19950122	102	-50	-83	102	-50	-83	506.0	41.8975	-78.7144				
USC00360868	BRADFORD 4 SW RES 5	19950123	102	-44	-61	102	-44	-61	506.0	41.8975	-78.7144				
USC00360868	BRADFORD 4 SW RES 5	19950124	102	-17	-50	102	-17	-50	506.0	41.8975	-78.7144				
USC00360868	BRADFORD 4 SW RES 5	19950125	152	-39	-61	152	-39	-61	506.0	41.8975	-78.7144				
USC00360868	BRADFORD 4 SW RES 5	19950126	152	-39	-67	152	-39	-67	506.0	41.8975	-78.7144				
USC00360868	BRADFORD 4 SW RES 5	19950127	152	-33	-122	152	-33	-122	506.0	41.8975	-78.7144				
USC00360868	BRADFORD 4 SW RES 5	19950128	152	-50	-217	152	-50	-217	506.0	41.8975	-78.7144				
USC00360868	BRADFORD 4 SW RES 5	19950129	152	6	-217	152	6	-217	506.0	41.8975	-78.7144				
USC00360868	BRADFORD 4 SW RES 5	19950130	127	22	-183	127	22	-183	506.0	41.8975	-78.7144				
USC00360868	BRADFORD 4 SW RES 5	19950131	102	6	-67	102	6	-67	506.0	41.8975	-78.7144				
USC00360868	BRADFORD 4 SW RES 5	19960101	305	6	-61	305	6	-61	506.0	41.8975	-78.7144				
USC00360868	BRADFORD 4 SW RES 5	19960102	508	-61	-111	508	-61	-111	506.0	41.8975	-78.7144				
USC00360868	BRADFORD 4 SW RES 5	19960103	381	-94	-228	381	-94	-228	506.0	41.8975	-78.7144				
USC00360868	BRADFORD 4 SW RES 5	19960104	381	-100	-189	381	-100	-189	506.0	41.8975	-78.7144				
USC00360868	BRADFORD 4 SW RES 5	19960105	381	-94	-283	381	-94	-283	506.0	41.8975	-78.7144				
USC00360868	BRADFORD 4 SW RES 5	19960106	381	-111	-283	381	-111	-283	506.0	41.8975	-78.7144				
USC00360868	BRADFORD 4 SW RES 5	19960107	356	-117	-156	356	-117	-156	506.0	41.8975	-78.7144				
USC00360868	BRADFORD 4 SW RES 5	19960108	356	-72	-161	356	-72	-161	506.0	41.8975	-78.7144				
USC00360868	BRADFORD 4 SW RES 5	19960109	432	-61	-117	432	-61	-117	506.0	41.8975	-78.7144				
USC00360868	BRADFORD 4 SW RES 5	19960110	406	-94	-261	406	-94	-261	506.0	41.8975	-78.7144				
USC00360868	BRADFORD 4 SW RES 5	19960111	381	-83	-261	381	-83	-261	506.0	41.8975	-78.7144				
USC00360868	BRADFORD 4 SW RES 5	19960112	381	-50	-100	381	-50	-100	506.0	41.8975	-78.7144				
USC00360868	BRADFORD 4 SW RES 5	19960113	381	-28	-89	381	-28	-89	506.0	41.8975	-78.7144				
USC00360868	BRADFORD 4 SW RES 5	19960114	381	33	-89	381	33	-89	506.0	41.8975	-78.7144				
USC00360868	BRADFORD 4 SW RES 5	19960115	381	-67	-178	381	-67	-178	506.0	41.8975	-78.7144				
USC00360868	BRADFORD 4 SW RES 5	19960116	330	61	-106	330	61	-106	506.0	41.8975	-78.7144				
USC00360868	BRADFORD 4 SW RES 5	19960117	254	78	-17	254	78	-17	506.0	41.8975	-78.7144				
USC00360868	BRADFORD 4 SW RES 5	19960118	51	122	61	51	122	61	506.0	41.8975	-78.7144				
USC00360868	BRADFORD 4 SW RES 5	19960119	76	61	-122	76	61	-122	506.0	41.8975	-78.7144				
USC00360868	BRADFORD 4 SW RES 5	19960120	76	-56	-144	76	-56	-144	506.0	41.8975	-78.7144				
USC00360868	BRADFORD 4 SW RES 5	19960121	76	-11	-144	76	-11	-144	506.0	41.8975	-78.7144				
USC00360868	BRADFORD 4 SW RES 5	19960122	76	39	-61	76	39	-61	506.0	41.8975	-78.7144				
USC00360868	BRADFORD 4 SW RES 5	19960123	25	44	11	25	44	11	506.0	41.8975	-78.7144				
USC00360868	BRADFORD 4 SW RES 5	19960124	25	61	-100	25	61	-100	506.0	41.8975	-78.7144				
USC00360868	BRADFORD 4 SW RES 5	19960125	25	-56	-100	25	-56	-100	506.0	41.8975	-78.7144				
USC00360868	BRADFORD 4 SW RES 5	19960126	25	67	-94	25	67	-94	506.0	41.8975	-78.7144				
USC00360868	BRADFORD 4 SW RES 5	19960127	51	72	-94	51	72	-94	506.0	41.8975	-78.7144				
USC00360868	BRADFORD 4 SW RES 5	19960128	51	-44	-139	51	-44	-139	506.0	41.8975	-78.7144				
USC00360868	BRADFORD 4 SW RES 5	19960129	51	0	-72	51	0	-72	506.0	41.8975	-78.7144				
USC00360868	BRADFORD 4 SW RES 5	19960130	51	-44	-156	51	-44	-156	506.0	41.8975	-78.7144				
USC00360868	BRADFORD 4 SW RES 5	19960131	51	-106	-222	51	-106	-222	506.0	41.8975	-78.7144				
USC00360868	BRADFORD 4 SW RES 5	19970101	0	39	-117	0	39	-117	506.0	41.8975	-78.7144				
USC00360868	BRADFORD 4 SW RES 5	19970102	0	106	28	0	106	28	506.0	41.8975	-78.7144				
USC00360868	BRADFORD 4 SW RES 5	19970103	0	111	28	0	111	28	506.0	41.8975	-78.7144				
USC00360868	BRADFORD 4 SW RES 5	19970104	0	144	28	0	144	28	506.0	41.8975	-78.7144				
USC00360868	BRADFORD 4 SW RES 5	19970105	0	144	-39	0	144	-39	506.0	41.8975	-78.7144				
USC00360868	BRADFORD 4 SW RES 5	19970106	51	-39	-83	51	-39	-83	506.0	41.8975	-78.7144				
USC00360868	BRADFORD 4 SW RES 5	19970107	76	-67	-89	76	-67	-89	506.0	41.8975	-78.7144				
USC00360868	BRADFORD 4 SW RES 5	19970108	76	-50	-133	76	-50	-133	506.0	41.8975	-78.7144				
USC00360868	BRADFORD 4 SW RES 5	19970109	76	-17	-83	76	-17	-83	506.0	41.8975	-78.7144				
USC00360868	BRADFORD 4 SW RES 5	19970110	102	-39	-156	102	-39	-156	506.0	41.8975	-78.7144				
USC00360868	BRADFORD 4 SW RES 5	19970111	102	-117	-156	102	-117	-156	506.0	41.8975	-78.7144				
USC00360868	BRADFORD 4 SW RES 5	19970112	102	-111	-150	102	-111	-150	506.0	41.8975	-78.7144				
USC00360868	BRADFORD 4 SW RES 5	19970113	102	-94	-139	102	-94	-139	506.0	41.8975	-78.7144				
USC00360868	BRADFORD 4 SW RES 5	19970114	76	-72	-183	76	-72	-183	506.0	41.8975	-78.7144				
USC00360868	BRADFORD 4 SW RES 5	19970115	127	28	-183	127	28	-183	506.0	41.8975	-78.7144				
USC00360868	BRADFORD 4 SW RES 5	19970116	127	-22	-194	127	-22	-194	506.0	41.8975	-78.7144				
USC00360868	BRADFORD 4 SW RES 5	19970117	127	-172	-194	127	-172	-194	506.0	41.8975	-78.7144				
USC00360868	BRADFORD 4 SW RES 5	19970118	127	-150	-250	127	-150	-250	506.0	41.8975	-78.7144				
USC00360868	BRADFORD 4 SW RES 5	19970119	127	-67	-222	127	-67	-222	506.0	41.8975	-78.7144				
USC00360868	BRADFORD 4 SW RES 5	19970120	152	-33	-111	152	-33	-111	506.0	41.8975	-78.7144				
USC00360868	BRADFORD 4 SW RES 5	19970121	76	50	-117	76	50	-117	506.0	41.8975	-78.7144				
USC00360868	BRADFORD 4 SW RES 5	19970122	0	67	-6	0	67	-6	506.0	41.8975	-78.7144				
USC00360868	BRADFORD 4 SW RES 5	19970123	0	-6	-106	0	-6	-106	506.0	41.8975	-78.7144				
USC00360868	BRADFORD 4 SW RES 5	19970124	0	50	-78	0	50	-78	506.0	41.8975	-78.7144				
USC00360868	BRADFORD 4 SW RES 5	19970125	76	33	-111	76	33	-111	506.0	41.8975	-78.7144				
USC00360868	BRADFORD 4 SW RES 5	19970126	127	-78	-156	127	-78	-156	506.0	41.8975	-78.7144				
USC00360868	BRADFORD 4 SW RES 5	19970127	178	6	-78	178	6	-78	506.0	41.8975	-78.7144				
USC00360868	BRADFORD 4 SW RES 5	19970128	127	-61	-150	127	-61	-150	506.0	41.8975	-78.7144				
USC00360868	BRADFORD 4 SW RES 5	19970129	127	-72	-150	127	-72	-150	506.0	41.8975	-78.7144				
USC00360868	BRADFORD 4 SW RES 5	19970130	127	-11	-122	127	-11	-122	506.0	41.8975	-78.7144				
USC00360868	BRADFORD 4 SW RES 5	19970131	51	28	-28	51	28	-28	506.0	41.8975	-78.7144				
USC00360868	BRADFORD 4 SW RES 5	19980101	152	17	-122	152	17	-122	506.0	41.8975	-78.7144				
USC00360868	BRADFORD 4 SW RES 5	19980102	102	72	17	102	72	17	506.0	41.8975	-78.7144				
USC00360868	BRADFORD 4 SW RES 5	19980103	25	72	22	25	72	22	506.0	41.8975	-78.7144				
USC00360868	BRADFORD 4 SW RES 5	19980104	0	61	6	0	61	6	506.0	41.8975	-78.7144				
USC00360868	BRADFORD 4 SW RES 5	19980105	0	144	17	0	144	17	506.0	41.8975	-78.7144				
USC00360868	BRADFORD 4 SW RES 5	19980106	0	122	56	0	122	56	506.0	41.8975	-78.7144				
USC00360868	BRADFORD 4 SW RES 5	19980107	0	178	44	0	178	44	506.0	41.8975	-78.7144				
USC00360868	BRADFORD 4 SW RES 5	19980108	0	83	28	0	83	28	506.0	41.8975	-78.7144				
USC00360868	BRADFORD 4 SW RES 5	19980109	0	72	-6	0	72	-6	506.0	41.8975	-78.7144				
USC00360868	BRADFORD 4 SW RES 5	19980110	0	33	-56	0	33	-56	506.0	41.8975	-78.7144				
USC00360868	BRADFORD 4 SW RES 5	19980111	0	33	-89	0	33	-89	506.0	41.8975	-78.7144				
USC00360868	BRADFORD 4 SW RES 5	19980112	0	39	-78	0	39	-78	506.0	41.8975	-78.7144				
USC00360868	BRADFORD 4 SW RES 5	19980113	51	-11	-133	51	-11	-133	506.0	41.8975	-78.7144				
USC00360868	BRADFORD 4 SW RES 5	19980114	25	-28	-133	25	-28	-133	506.0	41.8975	-78.7144				
USC00360868	BRADFORD 4 SW RES 5	19980115	25	0	-33	25	0	-33	506.0	41.8975	-78.7144				
USC00360868	BRADFORD 4 SW RES 5	19980116	25	-33	-50	25	-33	-50	506.0	41.8975	-78.7144				
USC00360868	BRADFORD 4 SW RES 5	19980117	51	-6	-44	51	-6	-44	506.0	41.8975	-78.7144				
USC00360868	BRADFORD 4 SW RES 5	19980118	76	-17	-94	76	-17	-94	506.0	41.8975	-78.7144				
USC00360868	BRADFORD 4 SW RES 5	19980119	102	-17	-89	102	-17	-89	506.0	41.8975	-78.7144				
USC00360868	BRADFORD 4 SW RES 5	19980120	102	-22	-106	102	-22	-106	506.0	41.8975	-78.7144				
USC00360868	BRADFORD 4 SW RES 5	19980121	102	-33	-106	102	-33	-106	506.0	41.8975	-78.7144				
USC00360868	BRADFORD 4 SW RES 5	19980122	127	0	-61	127	0	-61	506.0	41.8975	-78.7144				
USC00360868	BRADFORD 4 SW RES 5	19980123	127	22	-33	127	22	-33	506.0	41.8975	-78.7144				
USC00360868	BRADFORD 4 SW RES 5	19980124	102	-17	-50	102	-17	-50	506.0	41.8975	-78.7144				
USC00360868	BRADFORD 4 SW RES 5	19980125	102	-33	-50	102	-33	-50	506.0	41.8975	-78.7144				
USC00360868	BRADFORD 4 SW RES 5	19980126	102	11	-83	102	11	-83	506.0	41.8975	-78.7144				
USC00360868	BRADFORD 4 SW RES 5	19980127	76	28	-28	76	28	-28	506.0	41.8975	-78.7144				
USC00360868	BRADFORD 4 SW RES 5	19980128	76	56	-61	76	56	-61	506.0	41.8975	-78.7144				
USC00360868	BRADFORD 4 SW RES 5	19980129	76	61	-56	76	61	-56	506.0	41.8975	-78.7144				
USC00360868	BRADFORD 4 SW RES 5	19980130	0	-11	-50	0	-11	-50	506.0	41.8975	-78.7144				
USC00360868	BRADFORD 4 SW RES 5	19980131	0	-11	-111	0	-11	-111	506.0	41.8975	-78.7144				
USC00360868	BRADFORD 4 SW RES 5	19990101	152	-111	-239	152	-111	-239	506.0	41.8975	-78.7144				
USC00360868	BRADFORD 4 SW RES 5	19990102	203	11	-206	203	11	-206	506.0	41.8975	-78.7144				
USC00360868	BRADFORD 4 SW RES 5	19990103	203	17	-122	203	17	-122	506.0	41.8975	-78.7144				
USC00360868	BRADFORD 4 SW RES 5	19990104	203	-106	-183	203	-106	-183	506.0	41.8975	-78.7144				
USC00360868	BRADFORD 4 SW RES 5	19990105	203	-111	-222	203	-111	-222	506.0	41.8975	-78.7144				
USC00360868	BRADFORD 4 SW RES 5	19990106	279	-44	-128	279	-44	-128	506.0	41.8975	-78.7144				
USC00360868	BRADFORD 4 SW RES 5	19990107	254	-89	-194	254	-89	-194	506.0	41.8975	-78.7144				
USC00360868	BRADFORD 4 SW RES 5	19990108	305	0	-139	305	0	-139	506.0	41.8975	-78.7144				
USC00360868	BRADFORD 4 SW RES 5	19990109	330	-61	-178	330	-61	-178	506.0	41.8975	-78.7144				
USC00360868	BRADFORD 4 SW RES 5	19990110	330	-94	-189	330	-94	-189	506.0	41.8975	-78.7144				
USC00360868	BRADFORD 4 SW RES 5	19990111	406	6	-156	406	6	-156	506.0	41.8975	-78.7144				
USC00360868	BRADFORD 4 SW RES 5	19990112	356	33	-156	356	33	-156	506.0	41.8975	-78.7144				
USC00360868	BRADFORD 4 SW RES 5	19990113	457	22	-167	457	22	-167	506.0	41.8975	-78.7144				
USC00360868	BRADFORD 4 SW RES 5	19990114	584	-44	-161	584	-44	-161	506.0	41.8975	-78.7144				
USC00360868	BRADFORD 4 SW RES 5	19990115	533	-44	-117	533	-44	-117	506.0	41.8975	-78.7144				
USC00360868	BRADFORD 4 SW RES 5	19990116	483	22	-111	483	22	-111	506.0	41.8975	-78.7144				
USC00360868	BRADFORD 4 SW RES 5	19990117	356	67	-106	356	67	-106	506.0	41.8975	-78.7144				
USC00360868	BRADFORD 4 SW RES 5	19990118	305	61	-17	305	61	-17	506.0	41.8975	-78.7144				
USC00360868	BRADFORD 4 SW RES 5	19990119	305	11	-111	305	11	-111	506.0	41.8975	-78.7144				
USC00360868	BRADFORD 4 SW RES 5	19990120	279	50	-72	279	50	-72	506.0	41.8975	-78.7144				
USC00360868	BRADFORD 4 SW RES 5	19990121	203	39	-72	203	39	-72	506.0	41.8975	-78.7144				
USC00360868	BRADFORD 4 SW RES 5	19990122	152	72	72	152	72	72	506.0	41.8975	-78.7144				
USC00360868	BRADFORD 4 SW RES 5	19990123	102	133	17	102	133	17	506.0	41.8975	-78.7144				
USC00360868	BRADFORD 4 SW RES 5	19990124	127	17	-22	127	17	-22	506.0	41.8975	-78.7144				
USC00360868	BRADFORD 4 SW RES 5	19990125	152	0	-28	152	0	-28	506.0	41.8975	-78.7144				
USC00360868	BRADFORD 4 SW RES 5	19990126	127	0	-122	127	0	-122	506.0	41.8975	-78.7144				
USC00360868	BRADFORD 4 SW RES 5	19990127	102	78	-94	102	78	-94	506.0	41.8975	-78.7144				
USC00360868	BRADFORD 4 SW RES 5	19990128	102	22	-61	102	22	-61	506.0	41.8975	-78.7144				
USC00360868	BRADFORD 4 SW RES 5	19990129	102	22	-67	102	22	-67	506.0	41.8975	-78.7144				
USC00360868	BRADFORD 4 SW RES 5	19990130	102	-17	-144	102	-17	-144	506.0	41.8975	-78.7144				
USC00360868	BRADFORD 4 SW RES 5	19990131	102	22	-144	102	22	-144	506.0	41.8975	-78.7144				
USC00360868	BRADFORD 4 SW RES 5	20000101	51	83	-61	51	83	-61	506.0	41.8975	-78.7144				
USC00360868	BRADFORD 4 SW RES 5	20000102	0	139	-61	0	139	-61	506.0	41.8975	-78.7144				
USC00360868	BRADFORD 4 SW RES 5	20000103	0	139	61	0	139	61	506.0	41.8975	-78.7144				
USC00360868	BRADFORD 4 SW RES 5	20000104	0	133	-61	0	133	-61	506.0	41.8975	-78.7144				
USC00360868	BRADFORD 4 SW RES 5	20000105	0	-39	-67	0	-39	-67	506.0	41.8975	-78.7144				
USC00360868	BRADFORD 4 SW RES 5	20000106	25	22	-39	25	22	-39	506.0	41.8975	-78.7144				
USC00360868	BRADFORD 4 SW RES 5	20000107	0	0	-72	0	0	-72	506.0	41.8975	-78.7144				
USC00360868	BRADFORD 4 SW RES 5	20000108	0	28	-72	0	28	-72	506.0	41.8975	-78.7144				
USC00360868	BRADFORD 4 SW RES 5	20000109	0	39	-39	0	39	-39	506.0	41.8975	-78.7144				
USC00360868	BRADFORD 4 SW RES 5	20000110	0	61	0	0	61	0	506.0	41.8975	-78.7144				
USC00360868	BRADFORD 4 SW RES 5	20000111	127	17	-33	127	17	-33	506.0	41.8975	-78.7144				
USC00360868	BRADFORD 4 SW RES 5	20000112	152	0	-39	152	0	-39	506.0	41.8975	-78.7144				
USC00360868	BRADFORD 4 SW RES 5	20000113	178	-39	-161	178	-39	-161	506.0	41.8975	-78.7144				
USC00360868	BRADFORD 4 SW RES 5	20000114	178	-89	-150	178	-89	-150	506.0	41.8975	-78.7144				
USC00360868	BRADFORD 4 SW RES 5	20000115	178	22	-150	178	22	-150	506.0	41.8975	-78.7144				
USC00360868	BRADFORD 4 SW RES 5	20000116	178	22	-200	178	22	-200	506.0	41.8975	-78.7144				
USC00360868	BRADFORD 4 SW RES 5	20000117	178	-133	-211	178	-133	-211	506.0	41.8975	-78.7144				
USC00360868	BRADFORD 4 SW RES 5	20000118	178	-72	-183	178	-72	-183	506.0	41.8975	-78.7144				
USC00360868	BRADFORD 4 SW RES 5	20000119	279	-44	-83	279	-44	-83	506.0	41.8975	-78.7144				
USC00360868	BRADFORD 4 SW RES 5	20000120	330	-44	-222	330	-44	-222	506.0	41.8975	-78.7144				
USC00360868	BRADFORD 4 SW RES 5	20000121	0	-133	-239	0	-133	-239	506.0	41.8975	-78.7144				
USC00360868	BRADFORD 4 SW RES 5	20000122	356	-94	-239	356	-94	-239	506.0	41.8975	-78.7144				
USC00360868	BRADFORD 4 SW RES 5	20000123	356	-33	-111	356	-33	-111	506.0	41.8975	-78.7144				
USC00360868	BRADFORD 4 SW RES 5	20000124	305	-33	-206	305	-33	-206	506.0	41.8975	-78.7144				
USC00360868	BRADFORD 4 SW RES 5	20000125	356	-83	-156	356	-83	-156	506.0	41.8975	-78.7144				
USC00360868	BRADFORD 4 SW RES 5	20000126	305	-78	-178	305	-78	-178	506.0	41.8975	-78.7144				
USC00360868	BRADFORD 4 SW RES 5	20000127	279	-128	-178	279	-128	-178	506.0	41.8975	-78.7144				
USC00360868	BRADFORD 4 SW RES 5	20000128	254	-78	-239	254	-78	-239	506.0	41.8975	-78.7144				
USC00360868	BRADFORD 4 SW RES 5	20000129	254	0	-233	254	0	-233	506.0	41.8975	-78.7144				
USC00360868	BRADFORD 4 SW RES 5	20000130	305	-17	-83	305	-17	-83	506.0	41.8975	-78.7144				
USC00360868	BRADFORD 4 SW RES 5	20000131	305	-17	-83	305	-17	-83	506.0	41.8975	-78.7144				
USC00360868	BRADFORD 4 SW RES 5	20010101	254	-50	-156	254	-50	-156	506.0	41.8975	-78.7144				
USC00360868	BRADFORD 4 SW RES 5	20010102	229	-50	-161	229	-50	-161	506.0	41.8975	-78.7144				
USC00360868	BRADFORD 4 SW RES 5	20010103	229	-50	-94	229	-50	-94	506.0	41.8975	-78.7144				
USC00360868	BRADFORD 4 SW RES 5	20010104	279	-44	-67	279	-44	-67	506.0	41.8975	-78.7144				
USC00360868	BRADFORD 4 SW RES 5	20010105	381	-11	-50	381	-11	-50	506.0	41.8975	-78.7144				
USC00360868	BRADFORD 4 SW RES 5	20010106	381	-22	-67	381	-22	-67	506.0	41.8975	-78.7144				
USC00360868	BRADFORD 4 SW RES 5	20010107	381	0	-33	381	0	-33	506.0	41.8975	-78.7144				
USC00360868	BRADFORD 4 SW RES 5	20010108	330	-11	-150	330	-11	-150	506.0	41.8975	-78.7144				
USC00360868	BRADFORD 4 SW RES 5	20010109	279	-61	-133	279	-61	-133	506.0	41.8975	-78.7144				
USC00360868	BRADFORD 4 SW RES 5	20010110	254	6	-72	254	6	-72	506.0	41.8975	-78.7144				
USC00360868	BRADFORD 4 SW RES 5	20010111	254	17	-144	254	17	-144	506.0	41.8975	-78.7144				
USC00360868	BRADFORD 4 SW RES 5	20010112	254	22	-133	254	22	-133	506.0	41.8975	-78.7144				
USC00360868	BRADFORD 4 SW RES 5	20010113	203	50	-22	203	50	-22	506.0	41.8975	-78.7144				
USC00360868	BRADFORD 4 SW RES 5	20010114	178	44	-11	178	44	-11	506.0	41.8975	-78.7144				
USC00360868	BRADFORD 4 SW RES 5	20010115	152	-6	-22	152	-6	-22	506.0	41.8975	-78.7144				
USC00360868	BRADFORD 4 SW RES 5	20010116	152	-17	-33	152	-17	-33	506.0	41.8975	-78.7144				
USC00360868	BRADFORD 4 SW RES 5	20010117	9999	9999	9999	NA	NA	NA	506.0	41.8975	-78.7144				
USC00360868	BRADFORD 4 SW RES 5	20010118	152	17	-33	152	17	-33	506.0	41.8975	-78.7144				
USC00360868	BRADFORD 4 SW RES 5	20010119	152	0	-78	152	0	-78	506.0	41.8975	-78.7144				
USC00360868	BRADFORD 4 SW RES 5	20010120	152	-61	-144	152	-61	-144	506.0	41.8975	-78.7144				
USC00360868	BRADFORD 4 SW RES 5	20010121	152	-39	-111	152	-39	-111	506.0	41.8975	-78.7144				
USC00360868	BRADFORD 4 SW RES 5	20010122	127	-44	-128	127	-44	-128	506.0	41.8975	-78.7144				
USC00360868	BRADFORD 4 SW RES 5	20010123	127	22	-106	127	22	-106	506.0	41.8975	-78.7144				
USC00360868	BRADFORD 4 SW RES 5	20010124	152	22	-83	152	22	-83	506.0	41.8975	-78.7144				
USC00360868	BRADFORD 4 SW RES 5	20010125	152	-61	-100	152	-61	-100	506.0	41.8975	-78.7144				
USC00360868	BRADFORD 4 SW RES 5	20010126	203	-11	-94	203	-11	-94	506.0	41.8975	-78.7144				
USC00360868	BRADFORD 4 SW RES 5	20010127	254	-28	-94	254	-28	-94	506.0	41.8975	-78.7144				
USC00360868	BRADFORD 4 SW RES 5	20010128	229	-61	-167	229	-61	-167	506.0	41.8975	-78.7144				
USC00360868	BRADFORD 4 SW RES 5	20010129	203	6	-167	203	6	-167	506.0	41.8975	-78.7144				
USC00360868	BRADFORD 4 SW RES 5	20010130	152	50	0	152	50	0	506.0	41.8975	-78.7144				
USC00360868	BRADFORD 4 SW RES 5	20010131	152	6	-11	152	6	-11	506.0	41.8975	-78.7144				
USC00360868	BRADFORD 4 SW RES 5	20020101	76	-56	-144	76	-56	-144	506.0	41.8975	-78.7144				
USC00360868	BRADFORD 4 SW RES 5	20020102	76	-44	-122	76	-44	-122	506.0	41.8975	-78.7144				
USC00360868	BRADFORD 4 SW RES 5	20020103	76	-33	-67	76	-33	-67	506.0	41.8975	-78.7144				
USC00360868	BRADFORD 4 SW RES 5	20020104	76	-6	-61	76	-6	-61	506.0	41.8975	-78.7144				
USC00360868	BRADFORD 4 SW RES 5	20020105	76	22	-56	76	22	-56	506.0	41.8975	-78.7144				
USC00360868	BRADFORD 4 SW RES 5	20020106	178	-11	-28	178	-11	-28	506.0	41.8975	-78.7144				
USC00360868	BRADFORD 4 SW RES 5	20020107	178	-11	-78	178	-11	-78	506.0	41.8975	-78.7144				
USC00360868	BRADFORD 4 SW RES 5	20020108	178	-22	-72	178	-22	-72	506.0	41.8975	-78.7144				
USC00360868	BRADFORD 4 SW RES 5	20020109	152	39	-22	152	39	-22	506.0	41.8975	-78.7144				
USC00360868	BRADFORD 4 SW RES 5	20020110	127	61	-17	127	61	-17	506.0	41.8975	-78.7144				
USC00360868	BRADFORD 4 SW RES 5	20020111	102	6	-22	102	6	-22	506.0	41.8975	-78.7144				
USC00360868	BRADFORD 4 SW RES 5	20020112	102	39	-28	102	39	-28	506.0	41.8975	-78.7144				
USC00360868	BRADFORD 4 SW RES 5	20020113	152	-17	-67	152	-17	-67	506.0	41.8975	-78.7144				
USC00360868	BRADFORD 4 SW RES 5	20020114	102	39	-56	102	39	-56	506.0	41.8975	-78.7144				
USC00360868	BRADFORD 4 SW RES 5	20020115	127	0	-39	127	0	-39	506.0	41.8975	-78.7144				
USC00360868	BRADFORD 4 SW RES 5	20020116	152	6	-44	152	6	-44	506.0	41.8975	-78.7144				
USC00360868	BRADFORD 4 SW RES 5	20020117	152	0	-72	152	0	-72	506.0	41.8975	-78.7144				
USC00360868	BRADFORD 4 SW RES 5	20020118	152	-44	-150	152	-44	-150	506.0	41.8975	-78.7144				
USC00360868	BRADFORD 4 SW RES 5	20020119	279	-28	-144	279	-28	-144	506.0	41.8975	-78.7144				
USC00360868	BRADFORD 4 SW RES 5	20020120	254	-17	-83	254	-17	-83	506.0	41.8975	-78.7144				
USC00360868	BRADFORD 4 SW RES 5	20020121	178	6	-72	178	6	-72	506.0	41.8975	-78.7144				
USC00360868	BRADFORD 4 SW RES 5	20020122	152	72	-78	152	72	-78	506.0	41.8975	-78.7144				
USC00360868	BRADFORD 4 SW RES 5	20020123	76	72	17	76	72	17	506.0	41.8975	-78.7144				
USC00360868	BRADFORD 4 SW RES 5	20020124	51	67	-50	51	67	-50	506.0	41.8975	-78.7144				
USC00360868	BRADFORD 4 SW RES 5	20020125	25	33	-44	25	33	-44	506.0	41.8975	-78.7144				
USC00360868	BRADFORD 4 SW RES 5	20020126	25	89	-44	25	89	-44	506.0	41.8975	-78.7144				
USC00360868	BRADFORD 4 SW RES 5	20020127	0	128	-22	0	128	-22	506.0	41.8975	-78.7144				
USC00360868	BRADFORD 4 SW RES 5	20020128	0	122	-22	0	122	-22	506.0	41.8975	-78.7144				
USC00360868	BRADFORD 4 SW RES 5	20020129	0	133	50	0	133	50	506.0	41.8975	-78.7144				
USC00360868	BRADFORD 4 SW RES 5	20020130	0	56	-11	0	56	-11	506.0	41.8975	-78.7144				
USC00360868	BRADFORD 4 SW RES 5	20020131	0	100	0	0	100	0	506.0	41.8975	-78.7144				
USC00360868	BRADFORD 4 SW RES 5	20030101	0	-6	-83	0	-6	-83	506.0	41.8975	-78.7144				
USC00360868	BRADFORD 4 SW RES 5	20030102	76	-11	-83	76	-11	-83	506.0	41.8975	-78.7144				
USC00360868	BRADFORD 4 SW RES 5	20030103	127	-6	-39	127	-6	-39	506.0	41.8975	-78.7144				
USC00360868	BRADFORD 4 SW RES 5	20030104	127	-28	-67	127	-28	-67	506.0	41.8975	-78.7144				
USC00360868	BRADFORD 4 SW RES 5	20030105	152	-33	-61	152	-33	-61	506.0	41.8975	-78.7144				
USC00360868	BRADFORD 4 SW RES 5	20030106	178	-28	-122	178	-28	-122	506.0	41.8975	-78.7144				
USC00360868	BRADFORD 4 SW RES 5	20030107	178	0	-122	178	0	-122	506.0	41.8975	-78.7144				
USC00360868	BRADFORD 4 SW RES 5	20030108	127	28	0	127	28	0	506.0	41.8975	-78.7144				
USC00360868	BRADFORD 4 SW RES 5	20030109	127	39	-83	127	39	-83	506.0	41.8975	-78.7144				
USC00360868	BRADFORD 4 SW RES 5	20030110	178	-50	-106	178	-50	-106	506.0	41.8975	-78.7144				
USC00360868	BRADFORD 4 SW RES 5	20030111	203	-72	-106	203	-72	-106	506.0	41.8975	-78.7144				
USC00360868	BRADFORD 4 SW RES 5	20030112	203	-61	-122	203	-61	-122	506.0	41.8975	-78.7144				
USC00360868	BRADFORD 4 SW RES 5	20030113	203	-50	-111	203	-50	-111	506.0	41.8975	-78.7144				
USC00360868	BRADFORD 4 SW RES 5	20030114	203	-78	-139	203	-78	-139	506.0	41.8975	-78.7144				
USC00360868	BRADFORD 4 SW RES 5	20030115	203	-89	-122	203	-89	-122	506.0	41.8975	-78.7144				
USC00360868	BRADFORD 4 SW RES 5	20030116	203	-78	-156	203	-78	-156	506.0	41.8975	-78.7144				
USC00360868	BRADFORD 4 SW RES 5	20030117	203	-94	-222	203	-94	-222	506.0	41.8975	-78.7144				
USC00360868	BRADFORD 4 SW RES 5	20030118	203	-67	-206	203	-67	-206	506.0	41.8975	-78.7144				
USC00360868	BRADFORD 4 SW RES 5	20030119	330	-78	-122	330	-78	-122	506.0	41.8975	-78.7144				
USC00360868	BRADFORD 4 SW RES 5	20030120	330	-100	-211	330	-100	-211	506.0	41.8975	-78.7144				
USC00360868	BRADFORD 4 SW RES 5	20030121	330	-100	-200	330	-100	-200	506.0	41.8975	-78.7144				
USC00360868	BRADFORD 4 SW RES 5	20030122	356	-106	-256	356	-106	-256	506.0	41.8975	-78.7144				
USC00360868	BRADFORD 4 SW RES 5	20030123	356	-133	-222	356	-133	-222	506.0	41.8975	-78.7144				
USC00360868	BRADFORD 4 SW RES 5	20030124	330	-94	-217	330	-94	-217	506.0	41.8975	-78.7144				
USC00360868	BRADFORD 4 SW RES 5	20030125	305	-78	-117	305	-78	-117	506.0	41.8975	-78.7144				
USC00360868	BRADFORD 4 SW RES 5	20030126	381	-56	-239	381	-56	-239	506.0	41.8975	-78.7144				
USC00360868	BRADFORD 4 SW RES 5	20030127	356	-111	-239	356	-111	-239	506.0	41.8975	-78.7144				
USC00360868	BRADFORD 4 SW RES 5	20030128	381	-44	-128	381	-44	-128	506.0	41.8975	-78.7144				
USC00360868	BRADFORD 4 SW RES 5	20030129	381	-33	-211	381	-33	-211	506.0	41.8975	-78.7144				
USC00360868	BRADFORD 4 SW RES 5	20030130	381	6	-211	381	6	-211	506.0	41.8975	-78.7144				
USC00360868	BRADFORD 4 SW RES 5	20030131	356	-172	9999	356	-172	NA	506.0	41.8975	-78.7144				
USC00360868	BRADFORD 4 SW RES 5	20040101	0	67	-67	0	67	-67	506.0	41.8975	-78.7144				
USC00360868	BRADFORD 4 SW RES 5	20040102	0	50	-56	0	50	-56	506.0	41.8975	-78.7144				
USC00360868	BRADFORD 4 SW RES 5	20040103	0	117	28	0	117	28	506.0	41.8975	-78.7144				
USC00360868	BRADFORD 4 SW RES 5	20040104	0	150	17	0	150	17	506.0	41.8975	-78.7144				
USC00360868	BRADFORD 4 SW RES 5	20040105	51	17	-22	51	17	-22	506.0	41.8975	-78.7144				
USC00360868	BRADFORD 4 SW RES 5	20040106	51	17	-61	51	17	-61	506.0	41.8975	-78.7144				
USC00360868	BRADFORD 4 SW RES 5	20040107	76	-56	-144	76	-56	-144	506.0	41.8975	-78.7144				
USC00360868	BRADFORD 4 SW RES 5	20040108	203	-94	-139	203	-94	-139	506.0	41.8975	-78.7144				
USC00360868	BRADFORD 4 SW RES 5	20040109	203	-61	-172	203	-61	-172	506.0	41.8975	-78.7144				
USC00360868	BRADFORD 4 SW RES 5	20040110	178	-128	-272	178	-128	-272	506.0	41.8975	-78.7144				
USC00360868	BRADFORD 4 SW RES 5	20040111	178	-122	-261	178	-122	-261	506.0	41.8975	-78.7144				
USC00360868	BRADFORD 4 SW RES 5	20040112	203	-6	-122	203	-6	-122	506.0	41.8975	-78.7144				
USC00360868	BRADFORD 4 SW RES 5	20040113	203	6	-33	203	6	-33	506.0	41.8975	-78.7144				
USC00360868	BRADFORD 4 SW RES 5	20040114	254	-17	-183	254	-17	-183	506.0	41.8975	-78.7144				
USC00360868	BRADFORD 4 SW RES 5	20040115	330	-106	-211	330	-106	-211	506.0	41.8975	-78.7144				
USC00360868	BRADFORD 4 SW RES 5	20040116	330	-144	-222	330	-144	-222	506.0	41.8975	-78.7144				
USC00360868	BRADFORD 4 SW RES 5	20040117	330	-111	-189	330	-111	-189	506.0	41.8975	-78.7144				
USC00360868	BRADFORD 4 SW RES 5	20040118	381	-11	-167	381	-11	-167	506.0	41.8975	-78.7144				
USC00360868	BRADFORD 4 SW RES 5	20040119	432	-28	-106	432	-28	-106	506.0	41.8975	-78.7144				
USC00360868	BRADFORD 4 SW RES 5	20040120	457	-89	-106	457	-89	-106	506.0	41.8975	-78.7144				
USC00360868	BRADFORD 4 SW RES 5	20040121	483	-100	-122	483	-100	-122	506.0	41.8975	-78.7144				
USC00360868	BRADFORD 4 SW RES 5	20040122	483	-28	-122	483	-28	-122	506.0	41.8975	-78.7144				
USC00360868	BRADFORD 4 SW RES 5	20040123	483	-33	-189	483	-33	-189	506.0	41.8975	-78.7144				
USC00360868	BRADFORD 4 SW RES 5	20040124	483	-133	-189	483	-133	-189	506.0	41.8975	-78.7144				
USC00360868	BRADFORD 4 SW RES 5	20040125	483	-106	-267	483	-106	-267	506.0	41.8975	-78.7144				
USC00360868	BRADFORD 4 SW RES 5	20040126	483	-83	-228	483	-83	-228	506.0	41.8975	-78.7144				
USC00360868	BRADFORD 4 SW RES 5	20040127	406	-67	-111	406	-67	-111	506.0	41.8975	-78.7144				
USC00360868	BRADFORD 4 SW RES 5	20040128	483	-44	-94	483	-44	-94	506.0	41.8975	-78.7144				
USC00360868	BRADFORD 4 SW RES 5	20040129	533	-44	-133	533	-44	-133	506.0	41.8975	-78.7144				
USC00360868	BRADFORD 4 SW RES 5	20040130	508	-106	-167	508	-106	-167	506.0	41.8975	-78.7144				
USC00360868	BRADFORD 4 SW RES 5	20040131	508	-122	-156	508	-122	-156	506.0	41.8975	-78.7144				
USC00360868	BRADFORD 4 SW RES 5	20050101	0	106	11	0	106	11	506.0	41.8975	-78.7144				
USC00360868	BRADFORD 4 SW RES 5	20050102	0	56	-44	0	56	-44	506.0	41.8975	-78.7144				
USC00360868	BRADFORD 4 SW RES 5	20050103	0	83	6	0	83	6	506.0	41.8975	-78.7144				
USC00360868	BRADFORD 4 SW RES 5	20050104	0	78	22	0	78	22	506.0	41.8975	-78.7144				
USC00360868	BRADFORD 4 SW RES 5	20050105	51	78	-22	51	78	-22	506.0	41.8975	-78.7144				
USC00360868	BRADFORD 4 SW RES 5	20050106	152	78	-56	152	78	-56	506.0	41.8975	-78.7144				
USC00360868	BRADFORD 4 SW RES 5	20050107	127	33	-50	127	33	-50	506.0	41.8975	-78.7144				
USC00360868	BRADFORD 4 SW RES 5	20050108	178	0	-50	178	0	-50	506.0	41.8975	-78.7144				
USC00360868	BRADFORD 4 SW RES 5	20050109	178	6	-28	178	6	-28	506.0	41.8975	-78.7144				
USC00360868	BRADFORD 4 SW RES 5	20050110	152	17	-28	152	17	-28	506.0	41.8975	-78.7144				
USC00360868	BRADFORD 4 SW RES 5	20050111	152	11	-33	152	11	-33	506.0	41.8975	-78.7144				
USC00360868	BRADFORD 4 SW RES 5	20050112	178	17	-28	178	17	-28	506.0	41.8975	-78.7144				
USC00360868	BRADFORD 4 SW RES 5	20050113	127	56	6	127	56	6	506.0	41.8975	-78.7144				
USC00360868	BRADFORD 4 SW RES 5	20050114	51	150	-11	51	150	-11	506.0	41.8975	-78.7144				
USC00360868	BRADFORD 4 SW RES 5	20050115	51	-11	-122	51	-11	-122	506.0	41.8975	-78.7144				
USC00360868	BRADFORD 4 SW RES 5	20050116	51	-50	-122	51	-50	-122	506.0	41.8975	-78.7144				
USC00360868	BRADFORD 4 SW RES 5	20050117	127	-67	-150	127	-67	-150	506.0	41.8975	-78.7144				
USC00360868	BRADFORD 4 SW RES 5	20050118	152	-111	-194	152	-111	-194	506.0	41.8975	-78.7144				
USC00360868	BRADFORD 4 SW RES 5	20050119	152	-100	-200	152	-100	-200	506.0	41.8975	-78.7144				
USC00360868	BRADFORD 4 SW RES 5	20050120	279	-44	-106	279	-44	-106	506.0	41.8975	-78.7144				
USC00360868	BRADFORD 4 SW RES 5	20050121	254	-83	-267	254	-83	-267	506.0	41.8975	-78.7144				
USC00360868	BRADFORD 4 SW RES 5	20050122	254	-100	-267	254	-100	-267	506.0	41.8975	-78.7144				
USC00360868	BRADFORD 4 SW RES 5	20050123	356	-117	-172	356	-117	-172	506.0	41.8975	-78.7144				
USC00360868	BRADFORD 4 SW RES 5	20050124	356	-117	-300	356	-117	-300	506.0	41.8975	-78.7144				
USC00360868	BRADFORD 4 SW RES 5	20050125	406	-56	-178	406	-56	-178	506.0	41.8975	-78.7144				
USC00360868	BRADFORD 4 SW RES 5	20050126	381	-6	-61	381	-6	-61	506.0	41.8975	-78.7144				
USC00360868	BRADFORD 4 SW RES 5	20050127	381	-11	-239	381	-11	-239	506.0	41.8975	-78.7144				
USC00360868	BRADFORD 4 SW RES 5	20050128	356	-89	-278	356	-89	-278	506.0	41.8975	-78.7144				
USC00360868	BRADFORD 4 SW RES 5	20050129	330	-22	-278	330	-22	-278	506.0	41.8975	-78.7144				
USC00360868	BRADFORD 4 SW RES 5	20050130	305	0	-183	305	0	-183	506.0	41.8975	-78.7144				
USC00360868	BRADFORD 4 SW RES 5	20050131	254	17	-172	254	17	-172	506.0	41.8975	-78.7144				
