STATION	NAME	DATE	SNWD	TMAX	TMIN	SNWD2	TMAX2	TMIN2	ELEV	LAT	LONG
USC00461324	CACAPON	19950101	9999	6	-33	NA	6	-33	289.6	39.5000	-78.3000
USC00461324	CACAPON	19950102	9999	122	-33	NA	122	-33	289.6	39.5000	-78.3000
USC00461324	CACAPON	19950103	9999	-17	-78	NA	-17	-78	289.6	39.5000	-78.3000
USC00461324	CACAPON	19950104	9999	-6	-83	NA	-6	-83	289.6	39.5000	-78.3000
USC00461324	CACAPON	19950105	9999	-33	-139	NA	-33	-139	289.6	39.5000	-78.3000
USC00461324	CACAPON	19950106	9999	-44	-144	NA	-44	-144	289.6	39.5000	-78.3000
USC00461324	CACAPON	19950107	9999	72	-22	NA	72	-22	289.6	39.5000	-78.3000
USC00461324	CACAPON	19950108	9999	78	-22	NA	78	-22	289.6	39.5000	-78.3000
USC00461324	CACAPON	19950109	9999	28	-28	NA	28	-28	289.6	39.5000	-78.3000
USC00461324	CACAPON	19950110	9999	61	-50	NA	61	-50	289.6	39.5000	-78.3000
USC00461324	CACAPON	19950111	9999	-6	-44	NA	-6	-44	289.6	39.5000	-78.3000
USC00461324	CACAPON	19950112	9999	6	-22	NA	6	-22	289.6	39.5000	-78.3000
USC00461324	CACAPON	19950113	9999	89	0	NA	89	0	289.6	39.5000	-78.3000
USC00461324	CACAPON	19950114	9999	183	17	NA	183	17	289.6	39.5000	-78.3000
USC00461324	CACAPON	19950115	9999	189	50	NA	189	50	289.6	39.5000	-78.3000
USC00461324	CACAPON	19950116	9999	161	33	NA	161	33	289.6	39.5000	-78.3000
USC00461324	CACAPON	19950117	9999	67	11	NA	67	11	289.6	39.5000	-78.3000
USC00461324	CACAPON	19950118	9999	56	33	NA	56	33	289.6	39.5000	-78.3000
USC00461324	CACAPON	19950119	9999	89	50	NA	89	50	289.6	39.5000	-78.3000
USC00461324	CACAPON	19950120	9999	61	39	NA	61	39	289.6	39.5000	-78.3000
USC00461324	CACAPON	19950121	9999	61	-94	NA	61	-94	289.6	39.5000	-78.3000
USC00461324	CACAPON	19950122	9999	28	-56	NA	28	-56	289.6	39.5000	-78.3000
USC00461324	CACAPON	19950123	9999	0	-56	NA	0	-56	289.6	39.5000	-78.3000
USC00461324	CACAPON	19950124	9999	28	-56	NA	28	-56	289.6	39.5000	-78.3000
USC00461324	CACAPON	19950125	9999	6	-89	NA	6	-89	289.6	39.5000	-78.3000
USC00461324	CACAPON	19950126	9999	28	-56	NA	28	-56	289.6	39.5000	-78.3000
USC00461324	CACAPON	19950127	9999	0	-83	NA	0	-83	289.6	39.5000	-78.3000
USC00461324	CACAPON	19950128	9999	33	-50	NA	33	-50	289.6	39.5000	-78.3000
USC00461324	CACAPON	19950129	9999	-6	-122	NA	-6	-122	289.6	39.5000	-78.3000
USC00461324	CACAPON	19950130	9999	28	-22	NA	28	-22	289.6	39.5000	-78.3000
USC00461324	CACAPON	19950131	9999	17	-17	NA	17	-17	289.6	39.5000	-78.3000
USC00461324	CACAPON	19960101	9999	83	-22	NA	83	-22	289.6	39.5000	-78.3000
USC00461324	CACAPON	19960102	9999	33	6	NA	33	6	289.6	39.5000	-78.3000
USC00461324	CACAPON	19960103	9999	17	0	NA	17	0	289.6	39.5000	-78.3000
USC00461324	CACAPON	19960104	9999	50	-133	NA	50	-133	289.6	39.5000	-78.3000
USC00461324	CACAPON	19960105	9999	-28	-78	NA	-28	-78	289.6	39.5000	-78.3000
USC00461324	CACAPON	19960106	9999	-17	-94	NA	-17	-94	289.6	39.5000	-78.3000
USC00461324	CACAPON	19960108	9999	9999	9999	NA	NA	NA	289.6	39.5000	-78.3000
USC00461324	CACAPON	19960111	9999	-61	-167	NA	-61	-167	289.6	39.5000	-78.3000
USC00461324	CACAPON	19960112	9999	-39	-139	NA	-39	-139	289.6	39.5000	-78.3000
USC00461324	CACAPON	19960113	9999	-11	-122	NA	-11	-122	289.6	39.5000	-78.3000
USC00461324	CACAPON	19960114	9999	39	-72	NA	39	-72	289.6	39.5000	-78.3000
USC00461324	CACAPON	19960115	9999	128	-67	NA	128	-67	289.6	39.5000	-78.3000
USC00461324	CACAPON	19960116	9999	61	-72	NA	61	-72	289.6	39.5000	-78.3000
USC00461324	CACAPON	19960117	9999	28	-44	NA	28	-44	289.6	39.5000	-78.3000
USC00461324	CACAPON	19960118	9999	67	-11	NA	67	-11	289.6	39.5000	-78.3000
USC00461324	CACAPON	19960119	9999	183	17	NA	183	17	289.6	39.5000	-78.3000
USC00461324	CACAPON	19960120	9999	128	-156	NA	128	-156	289.6	39.5000	-78.3000
USC00461324	CACAPON	19960121	9999	-33	-111	NA	-33	-111	289.6	39.5000	-78.3000
USC00461324	CACAPON	19960122	9999	-6	-106	NA	-6	-106	289.6	39.5000	-78.3000
USC00461324	CACAPON	19960123	9999	61	-100	NA	61	-100	289.6	39.5000	-78.3000
USC00461324	CACAPON	19960124	9999	33	-17	NA	33	-17	289.6	39.5000	-78.3000
USC00461324	CACAPON	19960125	9999	89	-50	NA	89	-50	289.6	39.5000	-78.3000
USC00461324	CACAPON	19960126	9999	11	-72	NA	11	-72	289.6	39.5000	-78.3000
USC00461324	CACAPON	19960127	9999	72	-44	NA	72	-44	289.6	39.5000	-78.3000
USC00461324	CACAPON	19960128	9999	100	-72	NA	100	-72	289.6	39.5000	-78.3000
USC00461324	CACAPON	19960129	9999	-6	-61	NA	-6	-61	289.6	39.5000	-78.3000
USC00461324	CACAPON	19960130	9999	44	-28	NA	44	-28	289.6	39.5000	-78.3000
USC00461324	CACAPON	19960131	9999	72	-44	NA	72	-44	289.6	39.5000	-78.3000
USC00461324	CACAPON	19970101	9999	-22	-61	NA	-22	-61	289.6	39.5000	-78.3000
USC00461324	CACAPON	19970102	9999	56	-33	NA	56	-33	289.6	39.5000	-78.3000
USC00461324	CACAPON	19970103	9999	167	39	NA	167	39	289.6	39.5000	-78.3000
USC00461324	CACAPON	19970104	9999	172	128	NA	172	128	289.6	39.5000	-78.3000
USC00461324	CACAPON	19970105	9999	222	117	NA	222	117	289.6	39.5000	-78.3000
USC00461324	CACAPON	19970106	9999	189	39	NA	189	39	289.6	39.5000	-78.3000
USC00461324	CACAPON	19970107	9999	89	-39	NA	89	-39	289.6	39.5000	-78.3000
USC00461324	CACAPON	19970108	9999	22	-89	NA	22	-89	289.6	39.5000	-78.3000
USC00461324	CACAPON	19970109	9999	17	-78	NA	17	-78	289.6	39.5000	-78.3000
USC00461324	CACAPON	19970110	9999	-78	0	NA	-78	0	289.6	39.5000	-78.3000
USC00461324	CACAPON	19970111	9999	22	-100	NA	22	-100	289.6	39.5000	-78.3000
USC00461324	CACAPON	19970112	9999	-56	-117	NA	-56	-117	289.6	39.5000	-78.3000
USC00461324	CACAPON	19970113	9999	-56	-189	NA	-56	-189	289.6	39.5000	-78.3000
USC00461324	CACAPON	19970114	9999	-33	-133	NA	-33	-133	289.6	39.5000	-78.3000
USC00461324	CACAPON	19970115	9999	0	-128	NA	0	-128	289.6	39.5000	-78.3000
USC00461324	CACAPON	19970116	9999	56	-111	NA	56	-111	289.6	39.5000	-78.3000
USC00461324	CACAPON	19970117	9999	33	-178	NA	33	-178	289.6	39.5000	-78.3000
USC00461324	CACAPON	19970118	9999	-106	-150	NA	-106	-150	289.6	39.5000	-78.3000
USC00461324	CACAPON	19970119	9999	-100	-178	NA	-100	-178	289.6	39.5000	-78.3000
USC00461324	CACAPON	19970120	9999	-11	-161	NA	-11	-161	289.6	39.5000	-78.3000
USC00461324	CACAPON	19970121	9999	39	-56	NA	39	-56	289.6	39.5000	-78.3000
USC00461324	CACAPON	19970122	9999	72	-33	NA	72	-33	289.6	39.5000	-78.3000
USC00461324	CACAPON	19970123	9999	111	17	NA	111	17	289.6	39.5000	-78.3000
USC00461324	CACAPON	19970124	9999	106	-33	NA	106	-33	289.6	39.5000	-78.3000
USC00461324	CACAPON	19970125	9999	6	-28	NA	6	-28	289.6	39.5000	-78.3000
USC00461324	CACAPON	19970126	9999	89	-67	NA	89	-67	289.6	39.5000	-78.3000
USC00461324	CACAPON	19970127	9999	-22	-61	NA	-22	-61	289.6	39.5000	-78.3000
USC00461324	CACAPON	19970128	9999	78	-28	NA	78	-28	289.6	39.5000	-78.3000
USC00461324	CACAPON	19970129	9999	44	-72	NA	44	-72	289.6	39.5000	-78.3000
USC00461324	CACAPON	19970130	9999	9999	9999	NA	NA	NA	289.6	39.5000	-78.3000
USC00461324	CACAPON	19970131	9999	44	-67	NA	44	-67	289.6	39.5000	-78.3000
USC00461324	CACAPON	19980101	9999	-22	-144	NA	-22	-144	289.6	39.5000	-78.3000
USC00461324	CACAPON	19980102	9999	94	-72	NA	94	-72	289.6	39.5000	-78.3000
USC00461324	CACAPON	19980103	9999	144	22	NA	144	22	289.6	39.5000	-78.3000
USC00461324	CACAPON	19980104	9999	194	56	NA	194	56	289.6	39.5000	-78.3000
USC00461324	CACAPON	19980105	9999	189	22	NA	189	22	289.6	39.5000	-78.3000
USC00461324	CACAPON	19980106	9999	172	28	NA	172	28	289.6	39.5000	-78.3000
USC00461324	CACAPON	19980107	9999	167	89	NA	167	89	289.6	39.5000	-78.3000
USC00461324	CACAPON	19980108	9999	189	128	NA	189	128	289.6	39.5000	-78.3000
USC00461324	CACAPON	19980109	9999	189	100	NA	189	100	289.6	39.5000	-78.3000
USC00461324	CACAPON	19980110	9999	122	17	NA	122	17	289.6	39.5000	-78.3000
USC00461324	CACAPON	19980111	9999	100	11	NA	100	11	289.6	39.5000	-78.3000
USC00461324	CACAPON	19980112	9999	83	-17	NA	83	-17	289.6	39.5000	-78.3000
USC00461324	CACAPON	19980113	9999	83	11	NA	83	11	289.6	39.5000	-78.3000
USC00461324	CACAPON	19980114	9999	117	-67	NA	117	-67	289.6	39.5000	-78.3000
USC00461324	CACAPON	19980115	9999	111	-56	NA	111	-56	289.6	39.5000	-78.3000
USC00461324	CACAPON	19980116	9999	11	-28	NA	11	-28	289.6	39.5000	-78.3000
USC00461324	CACAPON	19980117	9999	33	6	NA	33	6	289.6	39.5000	-78.3000
USC00461324	CACAPON	19980118	9999	39	0	NA	39	0	289.6	39.5000	-78.3000
USC00461324	CACAPON	19980119	9999	39	-11	NA	39	-11	289.6	39.5000	-78.3000
USC00461324	CACAPON	19980120	9999	39	-33	NA	39	-33	289.6	39.5000	-78.3000
USC00461324	CACAPON	19980121	9999	33	-67	NA	33	-67	289.6	39.5000	-78.3000
USC00461324	CACAPON	19980122	9999	17	-61	NA	17	-61	289.6	39.5000	-78.3000
USC00461324	CACAPON	19980123	9999	33	-11	NA	33	-11	289.6	39.5000	-78.3000
USC00461324	CACAPON	19980124	9999	39	-6	NA	39	-6	289.6	39.5000	-78.3000
USC00461324	CACAPON	19980125	9999	9999	9999	NA	NA	NA	289.6	39.5000	-78.3000
USC00461324	CACAPON	19980126	9999	44	-44	NA	44	-44	289.6	39.5000	-78.3000
USC00461324	CACAPON	19980127	9999	61	-39	NA	61	-39	289.6	39.5000	-78.3000
USC00461324	CACAPON	19980128	9999	22	-22	NA	22	-22	289.6	39.5000	-78.3000
USC00461324	CACAPON	19980129	9999	56	-6	NA	56	-6	289.6	39.5000	-78.3000
USC00461324	CACAPON	19980130	9999	133	28	NA	133	28	289.6	39.5000	-78.3000
USC00461324	CACAPON	19980131	9999	56	-56	NA	56	-56	289.6	39.5000	-78.3000
USC00461324	CACAPON	19990101	9999	-28	-94	NA	-28	-94	289.6	39.5000	-78.3000
USC00461324	CACAPON	19990102	9999	-39	-111	NA	-39	-111	289.6	39.5000	-78.3000
USC00461324	CACAPON	19990103	9999	-11	-117	NA	-11	-117	289.6	39.5000	-78.3000
USC00461324	CACAPON	19990104	9999	33	-89	NA	33	-89	289.6	39.5000	-78.3000
USC00461324	CACAPON	19990105	9999	-50	-122	NA	-50	-122	289.6	39.5000	-78.3000
USC00461324	CACAPON	19990106	9999	-72	-172	NA	-72	-172	289.6	39.5000	-78.3000
USC00461324	CACAPON	19990107	9999	22	-67	NA	22	-67	289.6	39.5000	-78.3000
USC00461324	CACAPON	19990108	9999	-22	-83	NA	-22	-83	289.6	39.5000	-78.3000
USC00461324	CACAPON	19990109	9999	0	-78	NA	0	-78	289.6	39.5000	-78.3000
USC00461324	CACAPON	19990110	9999	44	-117	NA	44	-117	289.6	39.5000	-78.3000
USC00461324	CACAPON	19990111	9999	44	-117	NA	44	-117	289.6	39.5000	-78.3000
USC00461324	CACAPON	19990112	9999	67	-83	NA	67	-83	289.6	39.5000	-78.3000
USC00461324	CACAPON	19990113	9999	106	33	NA	106	33	289.6	39.5000	-78.3000
USC00461324	CACAPON	19990114	9999	133	-61	NA	133	-61	289.6	39.5000	-78.3000
USC00461324	CACAPON	19990115	9999	0	-72	NA	0	-72	289.6	39.5000	-78.3000
USC00461324	CACAPON	19990116	9999	0	-83	NA	0	-83	289.6	39.5000	-78.3000
USC00461324	CACAPON	19990117	9999	111	-67	NA	111	-67	289.6	39.5000	-78.3000
USC00461324	CACAPON	19990118	9999	122	11	NA	122	11	289.6	39.5000	-78.3000
USC00461324	CACAPON	19990119	9999	122	0	NA	122	0	289.6	39.5000	-78.3000
USC00461324	CACAPON	19990120	9999	117	0	NA	117	0	289.6	39.5000	-78.3000
USC00461324	CACAPON	19990121	9999	89	-28	NA	89	-28	289.6	39.5000	-78.3000
USC00461324	CACAPON	19990122	9999	28	-22	NA	28	-22	289.6	39.5000	-78.3000
USC00461324	CACAPON	19990123	9999	67	-22	NA	67	-22	289.6	39.5000	-78.3000
USC00461324	CACAPON	19990124	9999	161	56	NA	161	56	289.6	39.5000	-78.3000
USC00461324	CACAPON	19990125	9999	117	17	NA	117	17	289.6	39.5000	-78.3000
USC00461324	CACAPON	19990126	9999	39	11	NA	39	11	289.6	39.5000	-78.3000
USC00461324	CACAPON	19990127	9999	83	-44	NA	83	-44	289.6	39.5000	-78.3000
USC00461324	CACAPON	19990128	9999	167	-44	NA	167	-44	289.6	39.5000	-78.3000
USC00461324	CACAPON	19990129	9999	172	28	NA	172	28	289.6	39.5000	-78.3000
USC00461324	CACAPON	19990130	9999	61	-44	NA	61	-44	289.6	39.5000	-78.3000
USC00461324	CACAPON	19990131	9999	83	-83	NA	83	-83	289.6	39.5000	-78.3000
USC00461324	CACAPON	20000101	9999	9999	9999	NA	NA	NA	289.6	39.5000	-78.3000
USC00461324	CACAPON	20000102	9999	122	-44	NA	122	-44	289.6	39.5000	-78.3000
USC00461324	CACAPON	20000103	9999	194	28	NA	194	28	289.6	39.5000	-78.3000
USC00461324	CACAPON	20000104	9999	178	28	NA	178	28	289.6	39.5000	-78.3000
USC00461324	CACAPON	20000105	9999	189	-6	NA	189	-6	289.6	39.5000	-78.3000
USC00461324	CACAPON	20000106	9999	189	-72	NA	189	-72	289.6	39.5000	-78.3000
USC00461324	CACAPON	20000107	9999	189	-72	NA	189	-72	289.6	39.5000	-78.3000
USC00461324	CACAPON	20000108	9999	189	-72	NA	189	-72	289.6	39.5000	-78.3000
USC00461324	CACAPON	20000109	9999	78	-11	NA	78	-11	289.6	39.5000	-78.3000
USC00461324	CACAPON	20000110	9999	78	-22	NA	78	-22	289.6	39.5000	-78.3000
USC00461324	CACAPON	20000111	9999	111	11	NA	111	11	289.6	39.5000	-78.3000
USC00461324	CACAPON	20000112	9999	111	0	NA	111	0	289.6	39.5000	-78.3000
USC00461324	CACAPON	20000113	9999	111	0	NA	111	0	289.6	39.5000	-78.3000
USC00461324	CACAPON	20000114	9999	128	-89	NA	128	-89	289.6	39.5000	-78.3000
USC00461324	CACAPON	20000115	9999	-94	-44	NA	-94	-44	289.6	39.5000	-78.3000
USC00461324	CACAPON	20000116	9999	122	-33	NA	122	-33	289.6	39.5000	-78.3000
USC00461324	CACAPON	20000117	9999	128	-106	NA	128	-106	289.6	39.5000	-78.3000
USC00461324	CACAPON	20000118	9999	-39	-106	NA	-39	-106	289.6	39.5000	-78.3000
USC00461324	CACAPON	20000119	9999	-33	-106	NA	-33	-106	289.6	39.5000	-78.3000
USC00461324	CACAPON	20000120	9999	11	-106	NA	11	-106	289.6	39.5000	-78.3000
USC00461324	CACAPON	20000121	9999	-11	-117	NA	-11	-117	289.6	39.5000	-78.3000
USC00461324	CACAPON	20000122	9999	-11	-178	NA	-11	-178	289.6	39.5000	-78.3000
USC00461324	CACAPON	20000123	9999	-61	-178	NA	-61	-178	289.6	39.5000	-78.3000
USC00461324	CACAPON	20000124	9999	-22	-72	NA	-22	-72	289.6	39.5000	-78.3000
USC00461324	CACAPON	20000125	9999	17	-72	NA	17	-72	289.6	39.5000	-78.3000
USC00461324	CACAPON	20000126	9999	17	-83	NA	17	-83	289.6	39.5000	-78.3000
USC00461324	CACAPON	20000127	9999	-22	-111	NA	-22	-111	289.6	39.5000	-78.3000
USC00461324	CACAPON	20000128	9999	-22	-111	NA	-22	-111	289.6	39.5000	-78.3000
USC00461324	CACAPON	20000129	9999	-22	-111	NA	-22	-111	289.6	39.5000	-78.3000
USC00461324	CACAPON	20000130	9999	17	-72	NA	17	-72	289.6	39.5000	-78.3000
USC00461324	CACAPON	20000131	9999	0	-67	NA	0	-67	289.6	39.5000	-78.3000
USC00461324	CACAPON	20010101	9999	-17	-133	NA	-17	-133	289.6	39.5000	-78.3000
USC00461324	CACAPON	20010102	9999	-17	-128	NA	-17	-128	289.6	39.5000	-78.3000
USC00461324	CACAPON	20010103	9999	-78	-128	NA	-78	-128	289.6	39.5000	-78.3000
USC00461324	CACAPON	20010104	9999	-22	-83	NA	-22	-83	289.6	39.5000	-78.3000
USC00461324	CACAPON	20010105	9999	-11	-83	NA	-11	-83	289.6	39.5000	-78.3000
USC00461324	CACAPON	20010106	9999	28	-83	NA	28	-83	289.6	39.5000	-78.3000
USC00461324	CACAPON	20010107	9999	44	-78	NA	44	-78	289.6	39.5000	-78.3000
USC00461324	CACAPON	20010108	9999	83	-33	NA	83	-33	289.6	39.5000	-78.3000
USC00461324	CACAPON	20010109	9999	83	-61	NA	83	-61	289.6	39.5000	-78.3000
USC00461324	CACAPON	20010110	9999	-33	-72	NA	-33	-72	289.6	39.5000	-78.3000
USC00461324	CACAPON	20010111	9999	50	-72	NA	50	-72	289.6	39.5000	-78.3000
USC00461324	CACAPON	20010112	9999	89	-28	NA	89	-28	289.6	39.5000	-78.3000
USC00461324	CACAPON	20010113	9999	56	-67	NA	56	-67	289.6	39.5000	-78.3000
USC00461324	CACAPON	20010114	9999	72	-72	NA	72	-72	289.6	39.5000	-78.3000
USC00461324	CACAPON	20010115	9999	33	-44	NA	33	-44	289.6	39.5000	-78.3000
USC00461324	CACAPON	20010116	9999	67	-44	NA	67	-44	289.6	39.5000	-78.3000
USC00461324	CACAPON	20010117	9999	67	-44	NA	67	-44	289.6	39.5000	-78.3000
USC00461324	CACAPON	20010118	9999	22	-44	NA	22	-44	289.6	39.5000	-78.3000
USC00461324	CACAPON	20010119	9999	0	-44	NA	0	-44	289.6	39.5000	-78.3000
USC00461324	CACAPON	20010120	9999	17	-44	NA	17	-44	289.6	39.5000	-78.3000
USC00461324	CACAPON	20010121	9999	17	-78	NA	17	-78	289.6	39.5000	-78.3000
USC00461324	CACAPON	20010122	9999	-39	-83	NA	-39	-83	289.6	39.5000	-78.3000
USC00461324	CACAPON	20010123	9999	0	-122	NA	0	-122	289.6	39.5000	-78.3000
USC00461324	CACAPON	20010124	9999	50	-133	NA	50	-133	289.6	39.5000	-78.3000
USC00461324	CACAPON	20010125	9999	61	-133	NA	61	-133	289.6	39.5000	-78.3000
USC00461324	CACAPON	20010126	9999	-6	-28	NA	-6	-28	289.6	39.5000	-78.3000
USC00461324	CACAPON	20010127	9999	44	-67	NA	44	-67	289.6	39.5000	-78.3000
USC00461324	CACAPON	20010128	9999	44	-67	NA	44	-67	289.6	39.5000	-78.3000
USC00461324	CACAPON	20010129	9999	39	-44	NA	39	-44	289.6	39.5000	-78.3000
USC00461324	CACAPON	20010130	9999	50	-44	NA	50	-44	289.6	39.5000	-78.3000
USC00461324	CACAPON	20010131	9999	122	-44	NA	122	-44	289.6	39.5000	-78.3000
USC00461324	CACAPON	20020101	9999	-28	-111	NA	-28	-111	289.6	39.5000	-78.3000
USC00461324	CACAPON	20020102	9999	-28	-111	NA	-28	-111	289.6	39.5000	-78.3000
USC00461324	CACAPON	20020103	9999	-11	-106	NA	-11	-106	289.6	39.5000	-78.3000
USC00461324	CACAPON	20020104	9999	11	-106	NA	11	-106	289.6	39.5000	-78.3000
USC00461324	CACAPON	20020105	9999	11	-106	NA	11	-106	289.6	39.5000	-78.3000
USC00461324	CACAPON	20020106	9999	61	-106	NA	61	-106	289.6	39.5000	-78.3000
USC00461324	CACAPON	20020107	9999	61	-106	NA	61	-106	289.6	39.5000	-78.3000
USC00461324	CACAPON	20020108	9999	17	-100	NA	17	-100	289.6	39.5000	-78.3000
USC00461324	CACAPON	20020109	9999	39	-83	NA	39	-83	289.6	39.5000	-78.3000
USC00461324	CACAPON	20020110	9999	128	6	NA	128	6	289.6	39.5000	-78.3000
USC00461324	CACAPON	20020111	9999	150	6	NA	150	6	289.6	39.5000	-78.3000
USC00461324	CACAPON	20020112	9999	122	11	NA	122	11	289.6	39.5000	-78.3000
USC00461324	CACAPON	20020113	9999	150	6	NA	150	6	289.6	39.5000	-78.3000
USC00461324	CACAPON	20020114	9999	150	-6	NA	150	-6	289.6	39.5000	-78.3000
USC00461324	CACAPON	20020115	9999	150	-6	NA	150	-6	289.6	39.5000	-78.3000
USC00461324	CACAPON	20020116	9999	72	-6	NA	72	-6	289.6	39.5000	-78.3000
USC00461324	CACAPON	20020117	9999	72	-22	NA	72	-22	289.6	39.5000	-78.3000
USC00461324	CACAPON	20020118	9999	89	-22	NA	89	-22	289.6	39.5000	-78.3000
USC00461324	CACAPON	20020119	9999	33	-39	NA	33	-39	289.6	39.5000	-78.3000
USC00461324	CACAPON	20020120	9999	33	-44	NA	33	-44	289.6	39.5000	-78.3000
USC00461324	CACAPON	20020121	9999	33	-44	NA	33	-44	289.6	39.5000	-78.3000
USC00461324	CACAPON	20020122	9999	78	-44	NA	78	-44	289.6	39.5000	-78.3000
USC00461324	CACAPON	20020123	9999	106	-44	NA	106	-44	289.6	39.5000	-78.3000
USC00461324	CACAPON	20020124	9999	156	56	NA	156	56	289.6	39.5000	-78.3000
USC00461324	CACAPON	20020125	9999	161	-6	NA	161	-6	289.6	39.5000	-78.3000
USC00461324	CACAPON	20020126	9999	156	-6	NA	156	-6	289.6	39.5000	-78.3000
USC00461324	CACAPON	20020127	9999	161	-28	NA	161	-28	289.6	39.5000	-78.3000
USC00461324	CACAPON	20020128	9999	194	-28	NA	194	-28	289.6	39.5000	-78.3000
USC00461324	CACAPON	20020129	9999	194	111	NA	194	111	289.6	39.5000	-78.3000
USC00461324	CACAPON	20020130	9999	206	133	NA	206	133	289.6	39.5000	-78.3000
USC00461324	CACAPON	20020131	9999	206	44	NA	206	44	289.6	39.5000	-78.3000
USC00461324	CACAPON	20030101	9999	9999	9999	NA	NA	NA	289.6	39.5000	-78.3000
USC00461324	CACAPON	20030102	9999	122	11	NA	122	11	289.6	39.5000	-78.3000
USC00461324	CACAPON	20030103	9999	122	-150	NA	122	-150	289.6	39.5000	-78.3000
USC00461324	CACAPON	20030107	9999	11	-67	NA	11	-67	289.6	39.5000	-78.3000
USC00461324	CACAPON	20030108	9999	39	22	NA	39	22	289.6	39.5000	-78.3000
USC00461324	CACAPON	20030109	9999	144	72	NA	144	72	289.6	39.5000	-78.3000
USC00461324	CACAPON	20030110	9999	67	28	NA	67	28	289.6	39.5000	-78.3000
USC00461324	CACAPON	20030111	9999	122	-67	NA	122	-67	289.6	39.5000	-78.3000
USC00461324	CACAPON	20030112	9999	11	-89	NA	11	-89	289.6	39.5000	-78.3000
USC00461324	CACAPON	20030113	9999	11	-28	NA	11	-28	289.6	39.5000	-78.3000
USC00461324	CACAPON	20030114	9999	6	-72	NA	6	-72	289.6	39.5000	-78.3000
USC00461324	CACAPON	20030115	9999	0	-72	NA	0	-72	289.6	39.5000	-78.3000
USC00461324	CACAPON	20030116	9999	-6	-111	NA	-6	-111	289.6	39.5000	-78.3000
USC00461324	CACAPON	20030117	9999	122	-111	NA	122	-111	289.6	39.5000	-78.3000
USC00461324	CACAPON	20030118	9999	122	-150	NA	122	-150	289.6	39.5000	-78.3000
USC00461324	CACAPON	20030119	9999	122	-150	NA	122	-150	289.6	39.5000	-78.3000
USC00461324	CACAPON	20030120	9999	-6	-56	NA	-6	-56	289.6	39.5000	-78.3000
USC00461324	CACAPON	20030121	9999	17	-72	NA	17	-72	289.6	39.5000	-78.3000
USC00461324	CACAPON	20030122	9999	-22	-117	NA	-22	-117	289.6	39.5000	-78.3000
USC00461324	CACAPON	20030123	9999	-56	-111	NA	-56	-111	289.6	39.5000	-78.3000
USC00461324	CACAPON	20030124	9999	-78	-100	NA	-78	-100	289.6	39.5000	-78.3000
USC00461324	CACAPON	20030125	9999	-44	-94	NA	-44	-94	289.6	39.5000	-78.3000
USC00461324	CACAPON	20030126	9999	0	-94	NA	0	-94	289.6	39.5000	-78.3000
USC00461324	CACAPON	20030127	9999	6	-139	NA	6	-139	289.6	39.5000	-78.3000
USC00461324	CACAPON	20030128	9999	6	-139	NA	6	-139	289.6	39.5000	-78.3000
USC00461324	CACAPON	20030129	9999	6	-28	NA	6	-28	289.6	39.5000	-78.3000
USC00461324	CACAPON	20030130	9999	28	-28	NA	28	-28	289.6	39.5000	-78.3000
USC00461324	CACAPON	20030131	9999	17	-22	NA	17	-22	289.6	39.5000	-78.3000
USC00461324	CACAPON	20040101	9999	78	-56	NA	78	-56	289.6	39.5000	-78.3000
USC00461324	CACAPON	20040102	9999	122	28	NA	122	28	289.6	39.5000	-78.3000
USC00461324	CACAPON	20040103	9999	133	33	NA	133	33	289.6	39.5000	-78.3000
USC00461324	CACAPON	20040104	9999	167	61	NA	167	61	289.6	39.5000	-78.3000
USC00461324	CACAPON	20040105	9999	111	22	NA	111	22	289.6	39.5000	-78.3000
USC00461324	CACAPON	20040106	9999	11	-17	NA	11	-17	289.6	39.5000	-78.3000
USC00461324	CACAPON	20040107	9999	-6	-106	NA	-6	-106	289.6	39.5000	-78.3000
USC00461324	CACAPON	20040108	9999	-33	-100	NA	-33	-100	289.6	39.5000	-78.3000
USC00461324	CACAPON	20040109	9999	-6	-67	NA	-6	-67	289.6	39.5000	-78.3000
USC00461324	CACAPON	20040110	9999	-6	-161	NA	-6	-161	289.6	39.5000	-78.3000
USC00461324	CACAPON	20040111	9999	-6	-161	NA	-6	-161	289.6	39.5000	-78.3000
USC00461324	CACAPON	20040112	9999	61	-122	NA	61	-122	289.6	39.5000	-78.3000
USC00461324	CACAPON	20040113	9999	83	22	NA	83	22	289.6	39.5000	-78.3000
USC00461324	CACAPON	20040114	9999	78	-50	NA	78	-50	289.6	39.5000	-78.3000
USC00461324	CACAPON	20040115	9999	78	-61	NA	78	-61	289.6	39.5000	-78.3000
USC00461324	CACAPON	20040116	9999	78	-161	NA	78	-161	289.6	39.5000	-78.3000
USC00461324	CACAPON	20040117	9999	78	-167	NA	78	-167	289.6	39.5000	-78.3000
USC00461324	CACAPON	20040118	9999	78	-167	NA	78	-167	289.6	39.5000	-78.3000
USC00461324	CACAPON	20040120	9999	78	-161	NA	78	-161	289.6	39.5000	-78.3000
USC00461324	CACAPON	20040121	9999	78	-161	NA	78	-161	289.6	39.5000	-78.3000
USC00461324	CACAPON	20040122	9999	78	-161	NA	78	-161	289.6	39.5000	-78.3000
USC00461324	CACAPON	20040123	9999	78	-161	NA	78	-161	289.6	39.5000	-78.3000
USC00461324	CACAPON	20040124	9999	78	-167	NA	78	-167	289.6	39.5000	-78.3000
USC00461324	CACAPON	20040125	9999	78	-172	NA	78	-172	289.6	39.5000	-78.3000
USC00461324	CACAPON	20040126	9999	78	-172	NA	78	-172	289.6	39.5000	-78.3000
USC00461324	CACAPON	20040127	9999	-22	-172	NA	-22	-172	289.6	39.5000	-78.3000
USC00461324	CACAPON	20040128	9999	-33	-89	NA	-33	-89	289.6	39.5000	-78.3000
USC00461324	CACAPON	20040129	9999	-33	-89	NA	-33	-89	289.6	39.5000	-78.3000
USC00461324	CACAPON	20040130	9999	-11	-89	NA	-11	-89	289.6	39.5000	-78.3000
USC00461324	CACAPON	20040131	9999	-11	-267	NA	-11	-267	289.6	39.5000	-78.3000
USC00461324	CACAPON	20050101	9999	167	100	NA	167	100	289.6	39.5000	-78.3000
USC00461324	CACAPON	20050102	9999	167	-11	NA	167	-11	289.6	39.5000	-78.3000
USC00461324	CACAPON	20050103	9999	89	22	NA	89	22	289.6	39.5000	-78.3000
USC00461324	CACAPON	20050104	9999	172	111	NA	172	111	289.6	39.5000	-78.3000
USC00461324	CACAPON	20050105	9999	111	44	NA	111	44	289.6	39.5000	-78.3000
USC00461324	CACAPON	20050106	9999	83	28	NA	83	28	289.6	39.5000	-78.3000
USC00461324	CACAPON	20050107	9999	89	11	NA	89	11	289.6	39.5000	-78.3000
USC00461324	CACAPON	20050108	9999	94	17	NA	94	17	289.6	39.5000	-78.3000
USC00461324	CACAPON	20050109	9999	94	-61	NA	94	-61	289.6	39.5000	-78.3000
USC00461324	CACAPON	20050110	9999	106	-39	NA	106	-39	289.6	39.5000	-78.3000
USC00461324	CACAPON	20050111	9999	100	17	NA	100	17	289.6	39.5000	-78.3000
USC00461324	CACAPON	20050112	9999	94	17	NA	94	17	289.6	39.5000	-78.3000
USC00461324	CACAPON	20050113	9999	72	44	NA	72	44	289.6	39.5000	-78.3000
USC00461324	CACAPON	20050114	9999	194	156	NA	194	156	289.6	39.5000	-78.3000
USC00461324	CACAPON	20050115	9999	194	-61	NA	194	-61	289.6	39.5000	-78.3000
USC00461324	CACAPON	20050116	9999	0	-61	NA	0	-61	289.6	39.5000	-78.3000
USC00461324	CACAPON	20050117	9999	-22	-106	NA	-22	-106	289.6	39.5000	-78.3000
USC00461324	CACAPON	20050118	9999	-67	-128	NA	-67	-128	289.6	39.5000	-78.3000
USC00461324	CACAPON	20050119	9999	-83	-128	NA	-83	-128	289.6	39.5000	-78.3000
USC00461324	CACAPON	20050120	9999	0	-28	NA	0	-28	289.6	39.5000	-78.3000
USC00461324	CACAPON	20050121	9999	6	-56	NA	6	-56	289.6	39.5000	-78.3000
USC00461324	CACAPON	20050122	9999	-44	-100	NA	-44	-100	289.6	39.5000	-78.3000
USC00461324	CACAPON	20050123	9999	-94	-144	NA	-94	-144	289.6	39.5000	-78.3000
USC00461324	CACAPON	20050124	9999	-111	-161	NA	-111	-161	289.6	39.5000	-78.3000
USC00461324	CACAPON	20050125	9999	-28	-39	NA	-28	-39	289.6	39.5000	-78.3000
USC00461324	CACAPON	20050126	9999	22	-17	NA	22	-17	289.6	39.5000	-78.3000
USC00461324	CACAPON	20050127	9999	-111	-117	NA	-111	-117	289.6	39.5000	-78.3000
USC00461324	CACAPON	20050128	9999	-50	-128	NA	-50	-128	289.6	39.5000	-78.3000
USC00461324	CACAPON	20050129	9999	-33	-161	NA	-33	-161	289.6	39.5000	-78.3000
USC00461324	CACAPON	20050130	9999	0	-50	NA	0	-50	289.6	39.5000	-78.3000
USC00461324	CACAPON	20050131	9999	22	-83	NA	22	-83	289.6	39.5000	-78.3000
