STATION	NAME	DATE	SNWD	TMAX	TMIN	SNWD2	TMAX2	TMIN2	ELEV	LAT	LONG
USC00181530	CATOCTIN	19950101	9999	128	-11	NA	128	-11	490.7	39.65	-77.48333
USC00181530	CATOCTIN	19950102	9999	-22	-61	NA	-22	-61	490.7	39.65	-77.48333
USC00181530	CATOCTIN	19950103	9999	-33	-117	NA	-33	-117	490.7	39.65	-77.48333
USC00181530	CATOCTIN	19950104	9999	-33	-94	NA	-33	-94	490.7	39.65	-77.48333
USC00181530	CATOCTIN	19950105	9999	-67	-156	NA	-67	-156	490.7	39.65	-77.48333
USC00181530	CATOCTIN	19950106	9999	-11	-111	NA	-11	-111	490.7	39.65	-77.48333
USC00181530	CATOCTIN	19950107	9999	50	-39	NA	50	-39	490.7	39.65	-77.48333
USC00181530	CATOCTIN	19950108	9999	17	-44	NA	17	-44	490.7	39.65	-77.48333
USC00181530	CATOCTIN	19950109	9999	50	-44	NA	50	-44	490.7	39.65	-77.48333
USC00181530	CATOCTIN	19950110	9999	-11	-72	NA	-11	-72	490.7	39.65	-77.48333
USC00181530	CATOCTIN	19950111	9999	-17	-61	NA	-17	-61	490.7	39.65	-77.48333
USC00181530	CATOCTIN	19950112	9999	94	-22	NA	94	-22	490.7	39.65	-77.48333
USC00181530	CATOCTIN	19950113	9999	183	78	NA	183	78	490.7	39.65	-77.48333
USC00181530	CATOCTIN	19950114	9999	183	89	NA	183	89	490.7	39.65	-77.48333
USC00181530	CATOCTIN	19950115	9999	178	83	NA	178	83	490.7	39.65	-77.48333
USC00181530	CATOCTIN	19950116	9999	144	33	NA	144	33	490.7	39.65	-77.48333
USC00181530	CATOCTIN	19950117	9999	50	11	NA	50	11	490.7	39.65	-77.48333
USC00181530	CATOCTIN	19950118	9999	61	22	NA	61	22	490.7	39.65	-77.48333
USC00181530	CATOCTIN	19950119	9999	56	17	NA	56	17	490.7	39.65	-77.48333
USC00181530	CATOCTIN	19950120	9999	61	6	NA	61	6	490.7	39.65	-77.48333
USC00181530	CATOCTIN	19950121	9999	6	-22	NA	6	-22	490.7	39.65	-77.48333
USC00181530	CATOCTIN	19950122	9999	-11	-61	NA	-11	-61	490.7	39.65	-77.48333
USC00181530	CATOCTIN	19950123	9999	0	-72	NA	0	-72	490.7	39.65	-77.48333
USC00181530	CATOCTIN	19950124	9999	6	-67	NA	6	-67	490.7	39.65	-77.48333
USC00181530	CATOCTIN	19950125	9999	11	-44	NA	11	-44	490.7	39.65	-77.48333
USC00181530	CATOCTIN	19950126	9999	22	-78	NA	22	-78	490.7	39.65	-77.48333
USC00181530	CATOCTIN	19950127	9999	11	-89	NA	11	-89	490.7	39.65	-77.48333
USC00181530	CATOCTIN	19950128	9999	0	-44	NA	0	-44	490.7	39.65	-77.48333
USC00181530	CATOCTIN	19950129	9999	33	-106	NA	33	-106	490.7	39.65	-77.48333
USC00181530	CATOCTIN	19950130	9999	6	-56	NA	6	-56	490.7	39.65	-77.48333
USC00181530	CATOCTIN	19950131	9999	61	-56	NA	61	-56	490.7	39.65	-77.48333
USC00181530	CATOCTIN	19960101	9999	33	-6	NA	33	-6	490.7	39.65	-77.48333
USC00181530	CATOCTIN	19960102	9999	11	-6	NA	11	-6	490.7	39.65	-77.48333
USC00181530	CATOCTIN	19960103	9999	11	-56	NA	11	-56	490.7	39.65	-77.48333
USC00181530	CATOCTIN	19960104	9999	-44	-111	NA	-44	-111	490.7	39.65	-77.48333
USC00181530	CATOCTIN	19960105	9999	-39	-94	NA	-39	-94	490.7	39.65	-77.48333
USC00181530	CATOCTIN	19960106	9999	-56	-139	NA	-56	-139	490.7	39.65	-77.48333
USC00181530	CATOCTIN	19960107	9999	-78	-133	NA	-78	-133	490.7	39.65	-77.48333
USC00181530	CATOCTIN	19960108	9999	-44	-117	NA	-44	-117	490.7	39.65	-77.48333
USC00181530	CATOCTIN	19960109	9999	-44	-100	NA	-44	-100	490.7	39.65	-77.48333
USC00181530	CATOCTIN	19960110	9999	-44	-83	NA	-44	-83	490.7	39.65	-77.48333
USC00181530	CATOCTIN	19960111	9999	-56	-156	NA	-56	-156	490.7	39.65	-77.48333
USC00181530	CATOCTIN	19960112	9999	-72	-111	NA	-72	-111	490.7	39.65	-77.48333
USC00181530	CATOCTIN	19960113	9999	6	-89	NA	6	-89	490.7	39.65	-77.48333
USC00181530	CATOCTIN	19960114	9999	50	-39	NA	50	-39	490.7	39.65	-77.48333
USC00181530	CATOCTIN	19960115	9999	94	0	NA	94	0	490.7	39.65	-77.48333
USC00181530	CATOCTIN	19960116	9999	28	-111	NA	28	-111	490.7	39.65	-77.48333
USC00181530	CATOCTIN	19960117	9999	122	-22	NA	122	-22	490.7	39.65	-77.48333
USC00181530	CATOCTIN	19960118	9999	89	22	NA	89	22	490.7	39.65	-77.48333
USC00181530	CATOCTIN	19960119	9999	133	-61	NA	133	-61	490.7	39.65	-77.48333
USC00181530	CATOCTIN	19960120	9999	-33	-144	NA	-33	-144	490.7	39.65	-77.48333
USC00181530	CATOCTIN	19960121	9999	6	-122	NA	6	-122	490.7	39.65	-77.48333
USC00181530	CATOCTIN	19960122	9999	56	-67	NA	56	-67	490.7	39.65	-77.48333
USC00181530	CATOCTIN	19960123	9999	22	-39	NA	22	-39	490.7	39.65	-77.48333
USC00181530	CATOCTIN	19960124	9999	78	-6	NA	78	-6	490.7	39.65	-77.48333
USC00181530	CATOCTIN	19960125	9999	22	-72	NA	22	-72	490.7	39.65	-77.48333
USC00181530	CATOCTIN	19960126	9999	28	-78	NA	28	-78	490.7	39.65	-77.48333
USC00181530	CATOCTIN	19960127	9999	100	-6	NA	100	-6	490.7	39.65	-77.48333
USC00181530	CATOCTIN	19960128	9999	6	-72	NA	6	-72	490.7	39.65	-77.48333
USC00181530	CATOCTIN	19960129	9999	-17	-67	NA	-17	-67	490.7	39.65	-77.48333
USC00181530	CATOCTIN	19960130	9999	56	-44	NA	56	-44	490.7	39.65	-77.48333
USC00181530	CATOCTIN	19960131	9999	39	-94	NA	39	-94	490.7	39.65	-77.48333
USC00181530	CATOCTIN	19970101	9999	61	-67	NA	61	-67	490.7	39.65	-77.48333
USC00181530	CATOCTIN	19970102	9999	122	-50	NA	122	-50	490.7	39.65	-77.48333
USC00181530	CATOCTIN	19970103	9999	183	67	NA	183	67	490.7	39.65	-77.48333
USC00181530	CATOCTIN	19970104	9999	183	122	NA	183	122	490.7	39.65	-77.48333
USC00181530	CATOCTIN	19970105	9999	167	72	NA	167	72	490.7	39.65	-77.48333
USC00181530	CATOCTIN	19970106	9999	139	11	NA	139	11	490.7	39.65	-77.48333
USC00181530	CATOCTIN	19970107	9999	50	-61	NA	50	-61	490.7	39.65	-77.48333
USC00181530	CATOCTIN	19970108	9999	0	-89	NA	0	-89	490.7	39.65	-77.48333
USC00181530	CATOCTIN	19970109	9999	-22	-67	NA	-22	-67	490.7	39.65	-77.48333
USC00181530	CATOCTIN	19970110	9999	17	-56	NA	17	-56	490.7	39.65	-77.48333
USC00181530	CATOCTIN	19970111	9999	-17	-117	NA	-17	-117	490.7	39.65	-77.48333
USC00181530	CATOCTIN	19970112	9999	-67	-100	NA	-67	-100	490.7	39.65	-77.48333
USC00181530	CATOCTIN	19970113	9999	-56	-139	NA	-56	-139	490.7	39.65	-77.48333
USC00181530	CATOCTIN	19970114	9999	-22	-117	NA	-22	-117	490.7	39.65	-77.48333
USC00181530	CATOCTIN	19970115	9999	28	-72	NA	28	-72	490.7	39.65	-77.48333
USC00181530	CATOCTIN	19970116	9999	28	-44	NA	28	-44	490.7	39.65	-77.48333
USC00181530	CATOCTIN	19970117	9999	-39	-183	NA	-39	-183	490.7	39.65	-77.48333
USC00181530	CATOCTIN	19970118	9999	-117	-167	NA	-117	-167	490.7	39.65	-77.48333
USC00181530	CATOCTIN	19970119	9999	-56	-189	NA	-56	-189	490.7	39.65	-77.48333
USC00181530	CATOCTIN	19970120	9999	28	-117	NA	28	-117	490.7	39.65	-77.48333
USC00181530	CATOCTIN	19970121	9999	56	-61	NA	56	-61	490.7	39.65	-77.48333
USC00181530	CATOCTIN	19970122	9999	67	-22	NA	67	-22	490.7	39.65	-77.48333
USC00181530	CATOCTIN	19970123	9999	78	6	NA	78	6	490.7	39.65	-77.48333
USC00181530	CATOCTIN	19970124	9999	11	-61	NA	11	-61	490.7	39.65	-77.48333
USC00181530	CATOCTIN	19970125	9999	61	0	NA	61	0	490.7	39.65	-77.48333
USC00181530	CATOCTIN	19970126	9999	11	-83	NA	11	-83	490.7	39.65	-77.48333
USC00181530	CATOCTIN	19970127	9999	-22	-67	NA	-22	-67	490.7	39.65	-77.48333
USC00181530	CATOCTIN	19970128	9999	50	-28	NA	50	-28	490.7	39.65	-77.48333
USC00181530	CATOCTIN	19970129	9999	-11	-94	NA	-11	-94	490.7	39.65	-77.48333
USC00181530	CATOCTIN	19970130	9999	6	-94	NA	6	-94	490.7	39.65	-77.48333
USC00181530	CATOCTIN	19970131	9999	39	-44	NA	39	-44	490.7	39.65	-77.48333
USC00181530	CATOCTIN	19980101	9999	-33	-133	NA	-33	-133	490.7	39.65	-77.48333
USC00181530	CATOCTIN	19980102	9999	117	-56	NA	117	-56	490.7	39.65	-77.48333
USC00181530	CATOCTIN	19980103	9999	156	56	NA	156	56	490.7	39.65	-77.48333
USC00181530	CATOCTIN	19980104	9999	178	61	NA	178	61	490.7	39.65	-77.48333
USC00181530	CATOCTIN	19980105	9999	178	72	NA	178	72	490.7	39.65	-77.48333
USC00181530	CATOCTIN	19980106	9999	161	139	NA	161	139	490.7	39.65	-77.48333
USC00181530	CATOCTIN	19980107	9999	167	133	NA	167	133	490.7	39.65	-77.48333
USC00181530	CATOCTIN	19980108	9999	183	144	NA	183	144	490.7	39.65	-77.48333
USC00181530	CATOCTIN	19980109	9999	156	72	NA	156	72	490.7	39.65	-77.48333
USC00181530	CATOCTIN	19980110	9999	156	-6	NA	156	-6	490.7	39.65	-77.48333
USC00181530	CATOCTIN	19980111	9999	78	0	NA	78	0	490.7	39.65	-77.48333
USC00181530	CATOCTIN	19980112	9999	50	-22	NA	50	-22	490.7	39.65	-77.48333
USC00181530	CATOCTIN	19980113	9999	89	-17	NA	89	-17	490.7	39.65	-77.48333
USC00181530	CATOCTIN	19980114	9999	17	-78	NA	17	-78	490.7	39.65	-77.48333
USC00181530	CATOCTIN	19980115	9999	0	-61	NA	0	-61	490.7	39.65	-77.48333
USC00181530	CATOCTIN	19980116	9999	22	-11	NA	22	-11	490.7	39.65	-77.48333
USC00181530	CATOCTIN	19980117	9999	28	0	NA	28	0	490.7	39.65	-77.48333
USC00181530	CATOCTIN	19980118	9999	22	-17	NA	22	-17	490.7	39.65	-77.48333
USC00181530	CATOCTIN	19980119	9999	6	-17	NA	6	-17	490.7	39.65	-77.48333
USC00181530	CATOCTIN	19980120	9999	6	-44	NA	6	-44	490.7	39.65	-77.48333
USC00181530	CATOCTIN	19980121	9999	6	-67	NA	6	-67	490.7	39.65	-77.48333
USC00181530	CATOCTIN	19980122	9999	11	-56	NA	11	-56	490.7	39.65	-77.48333
USC00181530	CATOCTIN	19980123	9999	33	-28	NA	33	-28	490.7	39.65	-77.48333
USC00181530	CATOCTIN	19980124	9999	28	-6	NA	28	-6	490.7	39.65	-77.48333
USC00181530	CATOCTIN	19980125	9999	11	-44	NA	11	-44	490.7	39.65	-77.48333
USC00181530	CATOCTIN	19980126	9999	44	-44	NA	44	-44	490.7	39.65	-77.48333
USC00181530	CATOCTIN	19980127	9999	11	-39	NA	11	-39	490.7	39.65	-77.48333
USC00181530	CATOCTIN	19980128	9999	6	-17	NA	6	-17	490.7	39.65	-77.48333
USC00181530	CATOCTIN	19980129	9999	111	0	NA	111	0	490.7	39.65	-77.48333
USC00181530	CATOCTIN	19980130	9999	72	6	NA	72	6	490.7	39.65	-77.48333
USC00181530	CATOCTIN	19980131	9999	28	-33	NA	28	-33	490.7	39.65	-77.48333
USC00181530	CATOCTIN	19990101	9999	-44	-94	NA	-44	-94	490.7	39.65	-77.48333
USC00181530	CATOCTIN	19990102	9999	-78	-133	NA	-78	-133	490.7	39.65	-77.48333
USC00181530	CATOCTIN	19990103	9999	50	-122	NA	50	-122	490.7	39.65	-77.48333
USC00181530	CATOCTIN	19990104	9999	22	-111	NA	22	-111	490.7	39.65	-77.48333
USC00181530	CATOCTIN	19990105	9999	-78	-144	NA	-78	-144	490.7	39.65	-77.48333
USC00181530	CATOCTIN	19990106	9999	-28	-144	NA	-28	-144	490.7	39.65	-77.48333
USC00181530	CATOCTIN	19990107	9999	0	-78	NA	0	-78	490.7	39.65	-77.48333
USC00181530	CATOCTIN	19990108	9999	-67	-94	NA	-67	-94	490.7	39.65	-77.48333
USC00181530	CATOCTIN	19990109	9999	33	-78	NA	33	-78	490.7	39.65	-77.48333
USC00181530	CATOCTIN	19990110	9999	-33	-128	NA	-33	-128	490.7	39.65	-77.48333
USC00181530	CATOCTIN	19990111	9999	-44	-106	NA	-44	-106	490.7	39.65	-77.48333
USC00181530	CATOCTIN	19990112	9999	94	-67	NA	94	-67	490.7	39.65	-77.48333
USC00181530	CATOCTIN	19990113	9999	122	33	NA	122	33	490.7	39.65	-77.48333
USC00181530	CATOCTIN	19990114	9999	39	-89	NA	39	-89	490.7	39.65	-77.48333
USC00181530	CATOCTIN	19990115	9999	-17	-94	NA	-17	-94	490.7	39.65	-77.48333
USC00181530	CATOCTIN	19990116	9999	33	-72	NA	33	-72	490.7	39.65	-77.48333
USC00181530	CATOCTIN	19990117	9999	117	0	NA	117	0	490.7	39.65	-77.48333
USC00181530	CATOCTIN	19990118	9999	83	-11	NA	83	-11	490.7	39.65	-77.48333
USC00181530	CATOCTIN	19990119	9999	78	6	NA	78	6	490.7	39.65	-77.48333
USC00181530	CATOCTIN	19990120	9999	78	22	NA	78	22	490.7	39.65	-77.48333
USC00181530	CATOCTIN	19990121	9999	50	0	NA	50	0	490.7	39.65	-77.48333
USC00181530	CATOCTIN	19990122	9999	50	11	NA	50	11	490.7	39.65	-77.48333
USC00181530	CATOCTIN	19990123	9999	150	28	NA	150	28	490.7	39.65	-77.48333
USC00181530	CATOCTIN	19990124	9999	150	22	NA	150	22	490.7	39.65	-77.48333
USC00181530	CATOCTIN	19990125	9999	33	-17	NA	33	-17	490.7	39.65	-77.48333
USC00181530	CATOCTIN	19990126	9999	78	-11	NA	78	-11	490.7	39.65	-77.48333
USC00181530	CATOCTIN	19990127	9999	133	-6	NA	133	-6	490.7	39.65	-77.48333
USC00181530	CATOCTIN	19990128	9999	167	56	NA	167	56	490.7	39.65	-77.48333
USC00181530	CATOCTIN	19990129	9999	128	11	NA	128	11	490.7	39.65	-77.48333
USC00181530	CATOCTIN	19990130	9999	50	-11	NA	50	-11	490.7	39.65	-77.48333
USC00181530	CATOCTIN	19990131	9999	28	-89	NA	28	-89	490.7	39.65	-77.48333
USC00181530	CATOCTIN	20000101	9999	133	11	NA	133	11	490.7	39.65	-77.48333
USC00181530	CATOCTIN	20000102	9999	172	50	NA	172	50	490.7	39.65	-77.48333
USC00181530	CATOCTIN	20000103	9999	167	100	NA	167	100	490.7	39.65	-77.48333
USC00181530	CATOCTIN	20000104	9999	167	78	NA	167	78	490.7	39.65	-77.48333
USC00181530	CATOCTIN	20000105	9999	83	-28	NA	83	-28	490.7	39.65	-77.48333
USC00181530	CATOCTIN	20000106	9999	50	-56	NA	50	-56	490.7	39.65	-77.48333
USC00181530	CATOCTIN	20000107	9999	67	-11	NA	67	-11	490.7	39.65	-77.48333
USC00181530	CATOCTIN	20000108	9999	39	-50	NA	39	-50	490.7	39.65	-77.48333
USC00181530	CATOCTIN	20000109	9999	72	0	NA	72	0	490.7	39.65	-77.48333
USC00181530	CATOCTIN	20000110	9999	61	6	NA	61	6	490.7	39.65	-77.48333
USC00181530	CATOCTIN	20000111	9999	83	6	NA	83	6	490.7	39.65	-77.48333
USC00181530	CATOCTIN	20000112	9999	67	-22	NA	67	-22	490.7	39.65	-77.48333
USC00181530	CATOCTIN	20000113	9999	94	-22	NA	94	-22	490.7	39.65	-77.48333
USC00181530	CATOCTIN	20000114	9999	-17	-117	NA	-17	-117	490.7	39.65	-77.48333
USC00181530	CATOCTIN	20000115	9999	0	-106	NA	0	-106	490.7	39.65	-77.48333
USC00181530	CATOCTIN	20000116	9999	11	-56	NA	11	-56	490.7	39.65	-77.48333
USC00181530	CATOCTIN	20000117	9999	6	-139	NA	6	-139	490.7	39.65	-77.48333
USC00181530	CATOCTIN	20000118	9999	-72	-133	NA	-72	-133	490.7	39.65	-77.48333
USC00181530	CATOCTIN	20000119	9999	11	-100	NA	11	-100	490.7	39.65	-77.48333
USC00181530	CATOCTIN	20000120	9999	-11	-56	NA	-11	-56	490.7	39.65	-77.48333
USC00181530	CATOCTIN	20000121	9999	-33	-150	NA	-33	-150	490.7	39.65	-77.48333
USC00181530	CATOCTIN	20000122	9999	-94	-156	NA	-94	-156	490.7	39.65	-77.48333
USC00181530	CATOCTIN	20000123	9999	-39	-106	NA	-39	-106	490.7	39.65	-77.48333
USC00181530	CATOCTIN	20000124	9999	17	-61	NA	17	-61	490.7	39.65	-77.48333
USC00181530	CATOCTIN	20000125	9999	-28	-78	NA	-28	-78	490.7	39.65	-77.48333
USC00181530	CATOCTIN	20000126	9999	-28	-100	NA	-28	-100	490.7	39.65	-77.48333
USC00181530	CATOCTIN	20000127	9999	-39	-150	NA	-39	-150	490.7	39.65	-77.48333
USC00181530	CATOCTIN	20000128	9999	-28	-139	NA	-28	-139	490.7	39.65	-77.48333
USC00181530	CATOCTIN	20000129	9999	22	-111	NA	22	-111	490.7	39.65	-77.48333
USC00181530	CATOCTIN	20000130	9999	-39	-78	NA	-39	-78	490.7	39.65	-77.48333
USC00181530	CATOCTIN	20000131	9999	-11	-72	NA	-11	-72	490.7	39.65	-77.48333
USC00181530	CATOCTIN	20010101	9999	-28	-78	NA	-28	-78	490.7	39.65	-77.48333
USC00181530	CATOCTIN	20010102	9999	-33	-100	NA	-33	-100	490.7	39.65	-77.48333
USC00181530	CATOCTIN	20010103	9999	-22	-106	NA	-22	-106	490.7	39.65	-77.48333
USC00181530	CATOCTIN	20010104	9999	-17	-106	NA	-17	-106	490.7	39.65	-77.48333
USC00181530	CATOCTIN	20010105	9999	-28	-72	NA	-28	-72	490.7	39.65	-77.48333
USC00181530	CATOCTIN	20010106	9999	0	-44	NA	0	-44	490.7	39.65	-77.48333
USC00181530	CATOCTIN	20010107	9999	72	-33	NA	72	-33	490.7	39.65	-77.48333
USC00181530	CATOCTIN	20010108	9999	56	-11	NA	56	-11	490.7	39.65	-77.48333
USC00181530	CATOCTIN	20010109	9999	-6	-94	NA	-6	-94	490.7	39.65	-77.48333
USC00181530	CATOCTIN	20010110	9999	33	-94	NA	33	-94	490.7	39.65	-77.48333
USC00181530	CATOCTIN	20010111	9999	83	-94	NA	83	-94	490.7	39.65	-77.48333
USC00181530	CATOCTIN	20010112	9999	72	-100	NA	72	-100	490.7	39.65	-77.48333
USC00181530	CATOCTIN	20010113	9999	78	-39	NA	78	-39	490.7	39.65	-77.48333
USC00181530	CATOCTIN	20010114	9999	61	-22	NA	61	-22	490.7	39.65	-77.48333
USC00181530	CATOCTIN	20010115	9999	56	-11	NA	56	-11	490.7	39.65	-77.48333
USC00181530	CATOCTIN	20010116	9999	50	0	NA	50	0	490.7	39.65	-77.48333
USC00181530	CATOCTIN	20010117	9999	6	-11	NA	6	-11	490.7	39.65	-77.48333
USC00181530	CATOCTIN	20010118	9999	0	-33	NA	0	-33	490.7	39.65	-77.48333
USC00181530	CATOCTIN	20010119	9999	11	-17	NA	11	-17	490.7	39.65	-77.48333
USC00181530	CATOCTIN	20010120	9999	6	-22	NA	6	-22	490.7	39.65	-77.48333
USC00181530	CATOCTIN	20010121	9999	-17	-106	NA	-17	-106	490.7	39.65	-77.48333
USC00181530	CATOCTIN	20010122	9999	-17	-100	NA	-17	-100	490.7	39.65	-77.48333
USC00181530	CATOCTIN	20010123	9999	39	-94	NA	39	-94	490.7	39.65	-77.48333
USC00181530	CATOCTIN	20010124	9999	56	-33	NA	56	-33	490.7	39.65	-77.48333
USC00181530	CATOCTIN	20010125	9999	22	-56	NA	22	-56	490.7	39.65	-77.48333
USC00181530	CATOCTIN	20010126	9999	11	-83	NA	11	-83	490.7	39.65	-77.48333
USC00181530	CATOCTIN	20010127	9999	28	-22	NA	28	-22	490.7	39.65	-77.48333
USC00181530	CATOCTIN	20010128	9999	22	-72	NA	22	-72	490.7	39.65	-77.48333
USC00181530	CATOCTIN	20010129	9999	22	-50	NA	22	-50	490.7	39.65	-77.48333
USC00181530	CATOCTIN	20010130	9999	100	-6	NA	100	-6	490.7	39.65	-77.48333
USC00181530	CATOCTIN	20010131	9999	78	6	NA	78	6	490.7	39.65	-77.48333
USC00181530	CATOCTIN	20020101	9999	-22	-111	NA	-22	-111	490.7	39.65	-77.48333
USC00181530	CATOCTIN	20020102	9999	-6	-94	NA	-6	-94	490.7	39.65	-77.48333
USC00181530	CATOCTIN	20020103	9999	6	-72	NA	6	-72	490.7	39.65	-77.48333
USC00181530	CATOCTIN	20020104	9999	11	-67	NA	11	-67	490.7	39.65	-77.48333
USC00181530	CATOCTIN	20020105	9999	17	-33	NA	17	-33	490.7	39.65	-77.48333
USC00181530	CATOCTIN	20020106	9999	44	-33	NA	44	-33	490.7	39.65	-77.48333
USC00181530	CATOCTIN	20020107	9999	50	-28	NA	50	-28	490.7	39.65	-77.48333
USC00181530	CATOCTIN	20020108	9999	50	-78	NA	50	-78	490.7	39.65	-77.48333
USC00181530	CATOCTIN	20020109	9999	72	-39	NA	72	-39	490.7	39.65	-77.48333
USC00181530	CATOCTIN	20020110	9999	133	39	NA	133	39	490.7	39.65	-77.48333
USC00181530	CATOCTIN	20020111	9999	106	22	NA	106	22	490.7	39.65	-77.48333
USC00181530	CATOCTIN	20020112	9999	89	-17	NA	89	-17	490.7	39.65	-77.48333
USC00181530	CATOCTIN	20020113	9999	44	-6	NA	44	-6	490.7	39.65	-77.48333
USC00181530	CATOCTIN	20020114	9999	100	-6	NA	100	-6	490.7	39.65	-77.48333
USC00181530	CATOCTIN	20020115	9999	72	22	NA	72	22	490.7	39.65	-77.48333
USC00181530	CATOCTIN	20020116	9999	33	-17	NA	33	-17	490.7	39.65	-77.48333
USC00181530	CATOCTIN	20020117	9999	83	-11	NA	83	-11	490.7	39.65	-77.48333
USC00181530	CATOCTIN	20020118	9999	28	-39	NA	28	-39	490.7	39.65	-77.48333
USC00181530	CATOCTIN	20020119	9999	0	-39	NA	0	-39	490.7	39.65	-77.48333
USC00181530	CATOCTIN	20020120	9999	22	-61	NA	22	-61	490.7	39.65	-77.48333
USC00181530	CATOCTIN	20020121	9999	67	-39	NA	67	-39	490.7	39.65	-77.48333
USC00181530	CATOCTIN	20020122	9999	89	-11	NA	89	-11	490.7	39.65	-77.48333
USC00181530	CATOCTIN	20020123	9999	117	22	NA	117	22	490.7	39.65	-77.48333
USC00181530	CATOCTIN	20020124	9999	133	56	NA	133	56	490.7	39.65	-77.48333
USC00181530	CATOCTIN	20020125	9999	133	-28	NA	133	-28	490.7	39.65	-77.48333
USC00181530	CATOCTIN	20020126	9999	122	0	NA	122	0	490.7	39.65	-77.48333
USC00181530	CATOCTIN	20020127	9999	189	50	NA	189	50	490.7	39.65	-77.48333
USC00181530	CATOCTIN	20020128	9999	183	83	NA	183	83	490.7	39.65	-77.48333
USC00181530	CATOCTIN	20020129	9999	206	100	NA	206	100	490.7	39.65	-77.48333
USC00181530	CATOCTIN	20020130	9999	206	106	NA	206	106	490.7	39.65	-77.48333
USC00181530	CATOCTIN	20020131	9999	111	39	NA	111	39	490.7	39.65	-77.48333
USC00181530	CATOCTIN	20030101	9999	100	39	NA	100	39	490.7	39.65	-77.48333
USC00181530	CATOCTIN	20030102	9999	50	6	NA	50	6	490.7	39.65	-77.48333
USC00181530	CATOCTIN	20030103	9999	11	-17	NA	11	-17	490.7	39.65	-77.48333
USC00181530	CATOCTIN	20030104	9999	-6	-39	NA	-6	-39	490.7	39.65	-77.48333
USC00181530	CATOCTIN	20030105	9999	-22	-61	NA	-22	-61	490.7	39.65	-77.48333
USC00181530	CATOCTIN	20030106	9999	-6	-44	NA	-6	-44	490.7	39.65	-77.48333
USC00181530	CATOCTIN	20030107	9999	-22	-100	NA	-22	-100	490.7	39.65	-77.48333
USC00181530	CATOCTIN	20030108	9999	61	-50	NA	61	-50	490.7	39.65	-77.48333
USC00181530	CATOCTIN	20030109	9999	106	28	NA	106	28	490.7	39.65	-77.48333
USC00181530	CATOCTIN	20030110	9999	83	-6	NA	83	-6	490.7	39.65	-77.48333
USC00181530	CATOCTIN	20030111	9999	-6	-89	NA	-6	-89	490.7	39.65	-77.48333
USC00181530	CATOCTIN	20030112	9999	-28	-106	NA	-28	-106	490.7	39.65	-77.48333
USC00181530	CATOCTIN	20030113	9999	28	-72	NA	28	-72	490.7	39.65	-77.48333
USC00181530	CATOCTIN	20030114	9999	11	-122	NA	11	-122	490.7	39.65	-77.48333
USC00181530	CATOCTIN	20030115	9999	22	-139	NA	22	-139	490.7	39.65	-77.48333
USC00181530	CATOCTIN	20030116	9999	0	-128	NA	0	-128	490.7	39.65	-77.48333
USC00181530	CATOCTIN	20030117	9999	-11	-122	NA	-11	-122	490.7	39.65	-77.48333
USC00181530	CATOCTIN	20030118	9999	-44	-161	NA	-44	-161	490.7	39.65	-77.48333
USC00181530	CATOCTIN	20030119	9999	-44	-106	NA	-44	-106	490.7	39.65	-77.48333
USC00181530	CATOCTIN	20030120	9999	-22	-78	NA	-22	-78	490.7	39.65	-77.48333
USC00181530	CATOCTIN	20030121	9999	-39	-100	NA	-39	-100	490.7	39.65	-77.48333
USC00181530	CATOCTIN	20030122	9999	-72	-117	NA	-72	-117	490.7	39.65	-77.48333
USC00181530	CATOCTIN	20030123	9999	-106	-139	NA	-106	-139	490.7	39.65	-77.48333
USC00181530	CATOCTIN	20030124	9999	-39	-156	NA	-39	-156	490.7	39.65	-77.48333
USC00181530	CATOCTIN	20030125	9999	-11	-117	NA	-11	-117	490.7	39.65	-77.48333
USC00181530	CATOCTIN	20030126	9999	11	-39	NA	11	-39	490.7	39.65	-77.48333
USC00181530	CATOCTIN	20030127	9999	-11	-122	NA	-11	-122	490.7	39.65	-77.48333
USC00181530	CATOCTIN	20030128	9999	0	-78	NA	0	-78	490.7	39.65	-77.48333
USC00181530	CATOCTIN	20030129	9999	11	-56	NA	11	-56	490.7	39.65	-77.48333
USC00181530	CATOCTIN	20030130	9999	17	-67	NA	17	-67	490.7	39.65	-77.48333
USC00181530	CATOCTIN	20030131	9999	0	-39	NA	0	-39	490.7	39.65	-77.48333
USC00181530	CATOCTIN	20040101	9999	83	11	NA	83	11	490.7	39.65	-77.48333
USC00181530	CATOCTIN	20040102	9999	111	17	NA	111	17	490.7	39.65	-77.48333
USC00181530	CATOCTIN	20040103	9999	189	56	NA	189	56	490.7	39.65	-77.48333
USC00181530	CATOCTIN	20040104	9999	167	50	NA	167	50	490.7	39.65	-77.48333
USC00181530	CATOCTIN	20040105	9999	83	-39	NA	83	-39	490.7	39.65	-77.48333
USC00181530	CATOCTIN	20040106	9999	22	-67	NA	22	-67	490.7	39.65	-77.48333
USC00181530	CATOCTIN	20040107	9999	-56	-117	NA	-56	-117	490.7	39.65	-77.48333
USC00181530	CATOCTIN	20040108	9999	-22	-94	NA	-22	-94	490.7	39.65	-77.48333
USC00181530	CATOCTIN	20040109	9999	-33	-94	NA	-33	-94	490.7	39.65	-77.48333
USC00181530	CATOCTIN	20040110	9999	-83	-189	NA	-83	-189	490.7	39.65	-77.48333
USC00181530	CATOCTIN	20040111	9999	-22	-150	NA	-22	-150	490.7	39.65	-77.48333
USC00181530	CATOCTIN	20040112	9999	83	-56	NA	83	-56	490.7	39.65	-77.48333
USC00181530	CATOCTIN	20040113	9999	50	-33	NA	50	-33	490.7	39.65	-77.48333
USC00181530	CATOCTIN	20040114	9999	-28	-89	NA	-28	-89	490.7	39.65	-77.48333
USC00181530	CATOCTIN	20040115	9999	-44	-106	NA	-44	-106	490.7	39.65	-77.48333
USC00181530	CATOCTIN	20040116	9999	-67	-178	NA	-67	-178	490.7	39.65	-77.48333
USC00181530	CATOCTIN	20040117	9999	-11	-117	NA	-11	-117	490.7	39.65	-77.48333
USC00181530	CATOCTIN	20040118	9999	17	-61	NA	17	-61	490.7	39.65	-77.48333
USC00181530	CATOCTIN	20040119	9999	-6	-100	NA	-6	-100	490.7	39.65	-77.48333
USC00181530	CATOCTIN	20040120	9999	-61	-106	NA	-61	-106	490.7	39.65	-77.48333
USC00181530	CATOCTIN	20040121	9999	-61	-128	NA	-61	-128	490.7	39.65	-77.48333
USC00181530	CATOCTIN	20040122	9999	17	-100	NA	17	-100	490.7	39.65	-77.48333
USC00181530	CATOCTIN	20040123	9999	-17	-161	NA	-17	-161	490.7	39.65	-77.48333
USC00181530	CATOCTIN	20040124	9999	-67	-117	NA	-67	-117	490.7	39.65	-77.48333
USC00181530	CATOCTIN	20040125	9999	-89	-167	NA	-89	-167	490.7	39.65	-77.48333
USC00181530	CATOCTIN	20040126	9999	-89	-139	NA	-89	-139	490.7	39.65	-77.48333
USC00181530	CATOCTIN	20040127	9999	-50	-106	NA	-50	-106	490.7	39.65	-77.48333
USC00181530	CATOCTIN	20040128	9999	-50	-94	NA	-50	-94	490.7	39.65	-77.48333
USC00181530	CATOCTIN	20040129	9999	-17	-122	NA	-17	-122	490.7	39.65	-77.48333
USC00181530	CATOCTIN	20040130	9999	-67	-117	NA	-67	-117	490.7	39.65	-77.48333
USC00181530	CATOCTIN	20040131	9999	-72	-161	NA	-72	-161	490.7	39.65	-77.48333
USC00181530	CATOCTIN	20050101	9999	161	83	NA	161	83	490.7	39.65	-77.48333
USC00181530	CATOCTIN	20050102	9999	128	11	NA	128	11	490.7	39.65	-77.48333
USC00181530	CATOCTIN	20050103	9999	156	17	NA	156	17	490.7	39.65	-77.48333
USC00181530	CATOCTIN	20050104	9999	117	144	NA	117	144	490.7	39.65	-77.48333
USC00181530	CATOCTIN	20050105	9999	89	11	NA	89	11	490.7	39.65	-77.48333
USC00181530	CATOCTIN	20050106	9999	50	0	NA	50	0	490.7	39.65	-77.48333
USC00181530	CATOCTIN	20050107	9999	83	-6	NA	83	-6	490.7	39.65	-77.48333
USC00181530	CATOCTIN	20050108	9999	78	0	NA	78	0	490.7	39.65	-77.48333
USC00181530	CATOCTIN	20050109	9999	33	-100	NA	33	-100	490.7	39.65	-77.48333
USC00181530	CATOCTIN	20050110	9999	94	-11	NA	94	-11	490.7	39.65	-77.48333
USC00181530	CATOCTIN	20050111	9999	67	6	NA	67	6	490.7	39.65	-77.48333
USC00181530	CATOCTIN	20050112	9999	56	6	NA	56	6	490.7	39.65	-77.48333
USC00181530	CATOCTIN	20050113	9999	172	11	NA	172	11	490.7	39.65	-77.48333
USC00181530	CATOCTIN	20050114	9999	167	0	NA	167	0	490.7	39.65	-77.48333
USC00181530	CATOCTIN	20050115	9999	11	-61	NA	11	-61	490.7	39.65	-77.48333
USC00181530	CATOCTIN	20050116	9999	11	-72	NA	11	-72	490.7	39.65	-77.48333
USC00181530	CATOCTIN	20050117	9999	-33	-117	NA	-33	-117	490.7	39.65	-77.48333
USC00181530	CATOCTIN	20050118	9999	-83	-150	NA	-83	-150	490.7	39.65	-77.48333
USC00181530	CATOCTIN	20050119	9999	-83	-133	NA	-83	-133	490.7	39.65	-77.48333
USC00181530	CATOCTIN	20050120	9999	-22	-128	NA	-22	-128	490.7	39.65	-77.48333
USC00181530	CATOCTIN	20050121	9999	-67	-128	NA	-67	-128	490.7	39.65	-77.48333
USC00181530	CATOCTIN	20050122	9999	-72	-150	NA	-72	-150	490.7	39.65	-77.48333
USC00181530	CATOCTIN	20050123	9999	-78	-156	NA	-78	-156	490.7	39.65	-77.48333
USC00181530	CATOCTIN	20050124	9999	-56	-161	NA	-56	-161	490.7	39.65	-77.48333
USC00181530	CATOCTIN	20050125	9999	-17	-78	NA	-17	-78	490.7	39.65	-77.48333
USC00181530	CATOCTIN	20050126	9999	72	-44	NA	72	-44	490.7	39.65	-77.48333
USC00181530	CATOCTIN	20050127	9999	28	-94	NA	28	-94	490.7	39.65	-77.48333
USC00181530	CATOCTIN	20050128	9999	11	-167	NA	11	-167	490.7	39.65	-77.48333
USC00181530	CATOCTIN	20050129	9999	0	-111	NA	0	-111	490.7	39.65	-77.48333
USC00181530	CATOCTIN	20050130	9999	28	-56	NA	28	-56	490.7	39.65	-77.48333
USC00181530	CATOCTIN	20050131	9999	44	-67	NA	44	-67	490.7	39.65	-77.48333
