STATION	NAME	DATE	SNWD	TMAX	TMIN	SNWD2	TMAX2	TMIN2	ELEV	LAT	LONG
USC00301413	CHEMUNG	19950101	0	9999	9999	0	NA	NA	250.5	42.002	-76.638
USC00301413	CHEMUNG	19950102	0	9999	9999	0	NA	NA	250.5	42.002	-76.638
USC00301413	CHEMUNG	19950103	0	9999	9999	0	NA	NA	250.5	42.002	-76.638
USC00301413	CHEMUNG	19950104	0	9999	9999	0	NA	NA	250.5	42.002	-76.638
USC00301413	CHEMUNG	19950105	0	9999	9999	0	NA	NA	250.5	42.002	-76.638
USC00301413	CHEMUNG	19950106	0	9999	9999	0	NA	NA	250.5	42.002	-76.638
USC00301413	CHEMUNG	19950107	0	9999	9999	0	NA	NA	250.5	42.002	-76.638
USC00301413	CHEMUNG	19950108	0	9999	9999	0	NA	NA	250.5	42.002	-76.638
USC00301413	CHEMUNG	19950109	0	9999	9999	0	NA	NA	250.5	42.002	-76.638
USC00301413	CHEMUNG	19950110	0	9999	9999	0	NA	NA	250.5	42.002	-76.638
USC00301413	CHEMUNG	19950111	0	9999	9999	0	NA	NA	250.5	42.002	-76.638
USC00301413	CHEMUNG	19950112	0	9999	9999	0	NA	NA	250.5	42.002	-76.638
USC00301413	CHEMUNG	19950113	0	9999	9999	0	NA	NA	250.5	42.002	-76.638
USC00301413	CHEMUNG	19950114	0	9999	9999	0	NA	NA	250.5	42.002	-76.638
USC00301413	CHEMUNG	19950115	0	9999	9999	0	NA	NA	250.5	42.002	-76.638
USC00301413	CHEMUNG	19950116	0	9999	9999	0	NA	NA	250.5	42.002	-76.638
USC00301413	CHEMUNG	19950117	0	9999	9999	0	NA	NA	250.5	42.002	-76.638
USC00301413	CHEMUNG	19950118	0	9999	9999	0	NA	NA	250.5	42.002	-76.638
USC00301413	CHEMUNG	19950119	0	9999	9999	0	NA	NA	250.5	42.002	-76.638
USC00301413	CHEMUNG	19950120	0	9999	9999	0	NA	NA	250.5	42.002	-76.638
USC00301413	CHEMUNG	19950121	0	9999	9999	0	NA	NA	250.5	42.002	-76.638
USC00301413	CHEMUNG	19950122	25	9999	9999	25	NA	NA	250.5	42.002	-76.638
USC00301413	CHEMUNG	19950123	25	9999	9999	25	NA	NA	250.5	42.002	-76.638
USC00301413	CHEMUNG	19950124	25	9999	9999	25	NA	NA	250.5	42.002	-76.638
USC00301413	CHEMUNG	19950125	25	9999	9999	25	NA	NA	250.5	42.002	-76.638
USC00301413	CHEMUNG	19950126	51	9999	9999	51	NA	NA	250.5	42.002	-76.638
USC00301413	CHEMUNG	19950127	51	9999	9999	51	NA	NA	250.5	42.002	-76.638
USC00301413	CHEMUNG	19950128	25	9999	9999	25	NA	NA	250.5	42.002	-76.638
USC00301413	CHEMUNG	19950129	25	9999	9999	25	NA	NA	250.5	42.002	-76.638
USC00301413	CHEMUNG	19950130	25	9999	9999	25	NA	NA	250.5	42.002	-76.638
USC00301413	CHEMUNG	19950131	0	9999	9999	0	NA	NA	250.5	42.002	-76.638
USC00301413	CHEMUNG	19960101	178	9999	9999	178	NA	NA	250.5	42.002	-76.638
USC00301413	CHEMUNG	19960102	178	9999	9999	178	NA	NA	250.5	42.002	-76.638
USC00301413	CHEMUNG	19960103	356	9999	9999	356	NA	NA	250.5	42.002	-76.638
USC00301413	CHEMUNG	19960104	356	9999	9999	356	NA	NA	250.5	42.002	-76.638
USC00301413	CHEMUNG	19960105	330	9999	9999	330	NA	NA	250.5	42.002	-76.638
USC00301413	CHEMUNG	19960106	330	9999	9999	330	NA	NA	250.5	42.002	-76.638
USC00301413	CHEMUNG	19960107	330	9999	9999	330	NA	NA	250.5	42.002	-76.638
USC00301413	CHEMUNG	19960108	305	9999	9999	305	NA	NA	250.5	42.002	-76.638
USC00301413	CHEMUNG	19960109	305	9999	9999	305	NA	NA	250.5	42.002	-76.638
USC00301413	CHEMUNG	19960110	330	9999	9999	330	NA	NA	250.5	42.002	-76.638
USC00301413	CHEMUNG	19960111	330	9999	9999	330	NA	NA	250.5	42.002	-76.638
USC00301413	CHEMUNG	19960112	330	9999	9999	330	NA	NA	250.5	42.002	-76.638
USC00301413	CHEMUNG	19960113	356	9999	9999	356	NA	NA	250.5	42.002	-76.638
USC00301413	CHEMUNG	19960114	356	9999	9999	356	NA	NA	250.5	42.002	-76.638
USC00301413	CHEMUNG	19960115	330	9999	9999	330	NA	NA	250.5	42.002	-76.638
USC00301413	CHEMUNG	19960116	330	9999	9999	330	NA	NA	250.5	42.002	-76.638
USC00301413	CHEMUNG	19960117	305	9999	9999	305	NA	NA	250.5	42.002	-76.638
USC00301413	CHEMUNG	19960118	254	9999	9999	254	NA	NA	250.5	42.002	-76.638
USC00301413	CHEMUNG	19960119	0	9999	9999	0	NA	NA	250.5	42.002	-76.638
USC00301413	CHEMUNG	19960120	0	9999	9999	0	NA	NA	250.5	42.002	-76.638
USC00301413	CHEMUNG	19960121	0	9999	9999	0	NA	NA	250.5	42.002	-76.638
USC00301413	CHEMUNG	19960122	0	9999	9999	0	NA	NA	250.5	42.002	-76.638
USC00301413	CHEMUNG	19960123	0	9999	9999	0	NA	NA	250.5	42.002	-76.638
USC00301413	CHEMUNG	19960124	0	9999	9999	0	NA	NA	250.5	42.002	-76.638
USC00301413	CHEMUNG	19960125	0	9999	9999	0	NA	NA	250.5	42.002	-76.638
USC00301413	CHEMUNG	19960126	0	9999	9999	0	NA	NA	250.5	42.002	-76.638
USC00301413	CHEMUNG	19960127	0	9999	9999	0	NA	NA	250.5	42.002	-76.638
USC00301413	CHEMUNG	19960128	0	9999	9999	0	NA	NA	250.5	42.002	-76.638
USC00301413	CHEMUNG	19960129	0	9999	9999	0	NA	NA	250.5	42.002	-76.638
USC00301413	CHEMUNG	19960130	0	9999	9999	0	NA	NA	250.5	42.002	-76.638
USC00301413	CHEMUNG	19960131	25	9999	9999	25	NA	NA	250.5	42.002	-76.638
USC00301413	CHEMUNG	19970101	0	9999	9999	0	NA	NA	250.5	42.002	-76.638
USC00301413	CHEMUNG	19970102	0	9999	9999	0	NA	NA	250.5	42.002	-76.638
USC00301413	CHEMUNG	19970103	0	9999	9999	0	NA	NA	250.5	42.002	-76.638
USC00301413	CHEMUNG	19970104	0	9999	9999	0	NA	NA	250.5	42.002	-76.638
USC00301413	CHEMUNG	19970105	0	9999	9999	0	NA	NA	250.5	42.002	-76.638
USC00301413	CHEMUNG	19970106	0	9999	9999	0	NA	NA	250.5	42.002	-76.638
USC00301413	CHEMUNG	19970107	0	9999	9999	0	NA	NA	250.5	42.002	-76.638
USC00301413	CHEMUNG	19970108	0	9999	9999	0	NA	NA	250.5	42.002	-76.638
USC00301413	CHEMUNG	19970109	0	9999	9999	0	NA	NA	250.5	42.002	-76.638
USC00301413	CHEMUNG	19970110	25	9999	9999	25	NA	NA	250.5	42.002	-76.638
USC00301413	CHEMUNG	19970111	25	9999	9999	25	NA	NA	250.5	42.002	-76.638
USC00301413	CHEMUNG	19970112	25	9999	9999	25	NA	NA	250.5	42.002	-76.638
USC00301413	CHEMUNG	19970113	25	9999	9999	25	NA	NA	250.5	42.002	-76.638
USC00301413	CHEMUNG	19970114	25	9999	9999	25	NA	NA	250.5	42.002	-76.638
USC00301413	CHEMUNG	19970115	0	9999	9999	0	NA	NA	250.5	42.002	-76.638
USC00301413	CHEMUNG	19970116	0	9999	9999	0	NA	NA	250.5	42.002	-76.638
USC00301413	CHEMUNG	19970117	0	9999	9999	0	NA	NA	250.5	42.002	-76.638
USC00301413	CHEMUNG	19970118	0	9999	9999	0	NA	NA	250.5	42.002	-76.638
USC00301413	CHEMUNG	19970119	0	9999	9999	0	NA	NA	250.5	42.002	-76.638
USC00301413	CHEMUNG	19970120	0	9999	9999	0	NA	NA	250.5	42.002	-76.638
USC00301413	CHEMUNG	19970121	0	9999	9999	0	NA	NA	250.5	42.002	-76.638
USC00301413	CHEMUNG	19970122	0	9999	9999	0	NA	NA	250.5	42.002	-76.638
USC00301413	CHEMUNG	19970123	0	9999	9999	0	NA	NA	250.5	42.002	-76.638
USC00301413	CHEMUNG	19970124	0	9999	9999	0	NA	NA	250.5	42.002	-76.638
USC00301413	CHEMUNG	19970125	0	9999	9999	0	NA	NA	250.5	42.002	-76.638
USC00301413	CHEMUNG	19970126	0	9999	9999	0	NA	NA	250.5	42.002	-76.638
USC00301413	CHEMUNG	19970127	0	9999	9999	0	NA	NA	250.5	42.002	-76.638
USC00301413	CHEMUNG	19970128	0	9999	9999	0	NA	NA	250.5	42.002	-76.638
USC00301413	CHEMUNG	19970129	0	9999	9999	0	NA	NA	250.5	42.002	-76.638
USC00301413	CHEMUNG	19970130	0	9999	9999	0	NA	NA	250.5	42.002	-76.638
USC00301413	CHEMUNG	19970131	0	9999	9999	0	NA	NA	250.5	42.002	-76.638
USC00301413	CHEMUNG	19980101	356	9999	9999	356	NA	NA	250.5	42.002	-76.638
USC00301413	CHEMUNG	19980102	330	9999	9999	330	NA	NA	250.5	42.002	-76.638
USC00301413	CHEMUNG	19980103	229	9999	9999	229	NA	NA	250.5	42.002	-76.638
USC00301413	CHEMUNG	19980104	51	9999	9999	51	NA	NA	250.5	42.002	-76.638
USC00301413	CHEMUNG	19980105	0	9999	9999	0	NA	NA	250.5	42.002	-76.638
USC00301413	CHEMUNG	19980106	0	9999	9999	0	NA	NA	250.5	42.002	-76.638
USC00301413	CHEMUNG	19980107	0	9999	9999	0	NA	NA	250.5	42.002	-76.638
USC00301413	CHEMUNG	19980108	0	9999	9999	0	NA	NA	250.5	42.002	-76.638
USC00301413	CHEMUNG	19980109	0	9999	9999	0	NA	NA	250.5	42.002	-76.638
USC00301413	CHEMUNG	19980110	0	9999	9999	0	NA	NA	250.5	42.002	-76.638
USC00301413	CHEMUNG	19980111	0	9999	9999	0	NA	NA	250.5	42.002	-76.638
USC00301413	CHEMUNG	19980112	0	9999	9999	0	NA	NA	250.5	42.002	-76.638
USC00301413	CHEMUNG	19980113	0	9999	9999	0	NA	NA	250.5	42.002	-76.638
USC00301413	CHEMUNG	19980114	0	9999	9999	0	NA	NA	250.5	42.002	-76.638
USC00301413	CHEMUNG	19980115	0	9999	9999	0	NA	NA	250.5	42.002	-76.638
USC00301413	CHEMUNG	19980116	0	9999	9999	0	NA	NA	250.5	42.002	-76.638
USC00301413	CHEMUNG	19980117	25	9999	9999	25	NA	NA	250.5	42.002	-76.638
USC00301413	CHEMUNG	19980118	127	9999	9999	127	NA	NA	250.5	42.002	-76.638
USC00301413	CHEMUNG	19980119	102	9999	9999	102	NA	NA	250.5	42.002	-76.638
USC00301413	CHEMUNG	19980120	102	9999	9999	102	NA	NA	250.5	42.002	-76.638
USC00301413	CHEMUNG	19980121	76	9999	9999	76	NA	NA	250.5	42.002	-76.638
USC00301413	CHEMUNG	19980122	76	9999	9999	76	NA	NA	250.5	42.002	-76.638
USC00301413	CHEMUNG	19980123	152	9999	9999	152	NA	NA	250.5	42.002	-76.638
USC00301413	CHEMUNG	19980124	102	9999	9999	102	NA	NA	250.5	42.002	-76.638
USC00301413	CHEMUNG	19980125	102	9999	9999	102	NA	NA	250.5	42.002	-76.638
USC00301413	CHEMUNG	19980126	76	9999	9999	76	NA	NA	250.5	42.002	-76.638
USC00301413	CHEMUNG	19980127	76	9999	9999	76	NA	NA	250.5	42.002	-76.638
USC00301413	CHEMUNG	19980128	76	9999	9999	76	NA	NA	250.5	42.002	-76.638
USC00301413	CHEMUNG	19980129	76	9999	9999	76	NA	NA	250.5	42.002	-76.638
USC00301413	CHEMUNG	19980130	51	9999	9999	51	NA	NA	250.5	42.002	-76.638
USC00301413	CHEMUNG	19980131	51	9999	9999	51	NA	NA	250.5	42.002	-76.638
USC00301413	CHEMUNG	19990101	0	9999	9999	0	NA	NA	250.5	42.002	-76.638
USC00301413	CHEMUNG	19990102	0	9999	9999	0	NA	NA	250.5	42.002	-76.638
USC00301413	CHEMUNG	19990103	25	9999	9999	25	NA	NA	250.5	42.002	-76.638
USC00301413	CHEMUNG	19990104	0	9999	9999	0	NA	NA	250.5	42.002	-76.638
USC00301413	CHEMUNG	19990105	0	9999	9999	0	NA	NA	250.5	42.002	-76.638
USC00301413	CHEMUNG	19990106	0	9999	9999	0	NA	NA	250.5	42.002	-76.638
USC00301413	CHEMUNG	19990107	0	9999	9999	0	NA	NA	250.5	42.002	-76.638
USC00301413	CHEMUNG	19990108	0	9999	9999	0	NA	NA	250.5	42.002	-76.638
USC00301413	CHEMUNG	19990109	25	9999	9999	25	NA	NA	250.5	42.002	-76.638
USC00301413	CHEMUNG	19990110	76	9999	9999	76	NA	NA	250.5	42.002	-76.638
USC00301413	CHEMUNG	19990111	76	9999	9999	76	NA	NA	250.5	42.002	-76.638
USC00301413	CHEMUNG	19990112	102	9999	9999	102	NA	NA	250.5	42.002	-76.638
USC00301413	CHEMUNG	19990113	76	9999	9999	76	NA	NA	250.5	42.002	-76.638
USC00301413	CHEMUNG	19990114	178	9999	9999	178	NA	NA	250.5	42.002	-76.638
USC00301413	CHEMUNG	19990115	229	9999	9999	229	NA	NA	250.5	42.002	-76.638
USC00301413	CHEMUNG	19990116	279	9999	9999	279	NA	NA	250.5	42.002	-76.638
USC00301413	CHEMUNG	19990117	254	9999	9999	254	NA	NA	250.5	42.002	-76.638
USC00301413	CHEMUNG	19990118	203	9999	9999	203	NA	NA	250.5	42.002	-76.638
USC00301413	CHEMUNG	19990119	178	9999	9999	178	NA	NA	250.5	42.002	-76.638
USC00301413	CHEMUNG	19990120	178	9999	9999	178	NA	NA	250.5	42.002	-76.638
USC00301413	CHEMUNG	19990121	152	9999	9999	152	NA	NA	250.5	42.002	-76.638
USC00301413	CHEMUNG	19990122	152	9999	9999	152	NA	NA	250.5	42.002	-76.638
USC00301413	CHEMUNG	19990123	76	9999	9999	76	NA	NA	250.5	42.002	-76.638
USC00301413	CHEMUNG	19990124	25	9999	9999	25	NA	NA	250.5	42.002	-76.638
USC00301413	CHEMUNG	19990125	0	9999	9999	0	NA	NA	250.5	42.002	-76.638
USC00301413	CHEMUNG	19990126	25	9999	9999	25	NA	NA	250.5	42.002	-76.638
USC00301413	CHEMUNG	19990127	25	9999	9999	25	NA	NA	250.5	42.002	-76.638
USC00301413	CHEMUNG	19990128	0	9999	9999	0	NA	NA	250.5	42.002	-76.638
USC00301413	CHEMUNG	19990129	0	9999	9999	0	NA	NA	250.5	42.002	-76.638
USC00301413	CHEMUNG	19990130	0	9999	9999	0	NA	NA	250.5	42.002	-76.638
USC00301413	CHEMUNG	19990131	0	9999	9999	0	NA	NA	250.5	42.002	-76.638
USC00301413	CHEMUNG	20000101	0	9999	9999	0	NA	NA	250.5	42.002	-76.638
USC00301413	CHEMUNG	20000102	0	9999	9999	0	NA	NA	250.5	42.002	-76.638
USC00301413	CHEMUNG	20000103	0	9999	9999	0	NA	NA	250.5	42.002	-76.638
USC00301413	CHEMUNG	20000104	0	9999	9999	0	NA	NA	250.5	42.002	-76.638
USC00301413	CHEMUNG	20000105	0	9999	9999	0	NA	NA	250.5	42.002	-76.638
USC00301413	CHEMUNG	20000106	0	9999	9999	0	NA	NA	250.5	42.002	-76.638
USC00301413	CHEMUNG	20000107	0	9999	9999	0	NA	NA	250.5	42.002	-76.638
USC00301413	CHEMUNG	20000108	0	9999	9999	0	NA	NA	250.5	42.002	-76.638
USC00301413	CHEMUNG	20000109	0	9999	9999	0	NA	NA	250.5	42.002	-76.638
USC00301413	CHEMUNG	20000110	0	9999	9999	0	NA	NA	250.5	42.002	-76.638
USC00301413	CHEMUNG	20000111	0	9999	9999	0	NA	NA	250.5	42.002	-76.638
USC00301413	CHEMUNG	20000112	0	9999	9999	0	NA	NA	250.5	42.002	-76.638
USC00301413	CHEMUNG	20000113	51	9999	9999	51	NA	NA	250.5	42.002	-76.638
USC00301413	CHEMUNG	20000114	102	9999	9999	102	NA	NA	250.5	42.002	-76.638
USC00301413	CHEMUNG	20000115	102	9999	9999	102	NA	NA	250.5	42.002	-76.638
USC00301413	CHEMUNG	20000116	102	9999	9999	102	NA	NA	250.5	42.002	-76.638
USC00301413	CHEMUNG	20000117	76	9999	9999	76	NA	NA	250.5	42.002	-76.638
USC00301413	CHEMUNG	20000118	51	9999	9999	51	NA	NA	250.5	42.002	-76.638
USC00301413	CHEMUNG	20000119	51	9999	9999	51	NA	NA	250.5	42.002	-76.638
USC00301413	CHEMUNG	20000120	51	9999	9999	51	NA	NA	250.5	42.002	-76.638
USC00301413	CHEMUNG	20000121	152	9999	9999	152	NA	NA	250.5	42.002	-76.638
USC00301413	CHEMUNG	20000122	127	9999	9999	127	NA	NA	250.5	42.002	-76.638
USC00301413	CHEMUNG	20000123	102	9999	9999	102	NA	NA	250.5	42.002	-76.638
USC00301413	CHEMUNG	20000124	102	9999	9999	102	NA	NA	250.5	42.002	-76.638
USC00301413	CHEMUNG	20000125	102	9999	9999	102	NA	NA	250.5	42.002	-76.638
USC00301413	CHEMUNG	20000126	178	9999	9999	178	NA	NA	250.5	42.002	-76.638
USC00301413	CHEMUNG	20000127	178	9999	9999	178	NA	NA	250.5	42.002	-76.638
USC00301413	CHEMUNG	20000128	178	9999	9999	178	NA	NA	250.5	42.002	-76.638
USC00301413	CHEMUNG	20000129	152	9999	9999	152	NA	NA	250.5	42.002	-76.638
USC00301413	CHEMUNG	20000130	127	9999	9999	127	NA	NA	250.5	42.002	-76.638
USC00301413	CHEMUNG	20000131	203	9999	9999	203	NA	NA	250.5	42.002	-76.638
USC00301413	CHEMUNG	20010101	51	9999	9999	51	NA	NA	250.5	42.002	-76.638
USC00301413	CHEMUNG	20010102	51	9999	9999	51	NA	NA	250.5	42.002	-76.638
USC00301413	CHEMUNG	20010103	25	9999	9999	25	NA	NA	250.5	42.002	-76.638
USC00301413	CHEMUNG	20010104	25	9999	9999	25	NA	NA	250.5	42.002	-76.638
USC00301413	CHEMUNG	20010105	25	9999	9999	25	NA	NA	250.5	42.002	-76.638
USC00301413	CHEMUNG	20010106	51	9999	9999	51	NA	NA	250.5	42.002	-76.638
USC00301413	CHEMUNG	20010107	51	9999	9999	51	NA	NA	250.5	42.002	-76.638
USC00301413	CHEMUNG	20010108	25	9999	9999	25	NA	NA	250.5	42.002	-76.638
USC00301413	CHEMUNG	20010109	25	9999	9999	25	NA	NA	250.5	42.002	-76.638
USC00301413	CHEMUNG	20010110	25	9999	9999	25	NA	NA	250.5	42.002	-76.638
USC00301413	CHEMUNG	20010111	25	9999	9999	25	NA	NA	250.5	42.002	-76.638
USC00301413	CHEMUNG	20010112	25	9999	9999	25	NA	NA	250.5	42.002	-76.638
USC00301413	CHEMUNG	20010113	25	9999	9999	25	NA	NA	250.5	42.002	-76.638
USC00301413	CHEMUNG	20010114	0	9999	9999	0	NA	NA	250.5	42.002	-76.638
USC00301413	CHEMUNG	20010115	0	9999	9999	0	NA	NA	250.5	42.002	-76.638
USC00301413	CHEMUNG	20010116	0	9999	9999	0	NA	NA	250.5	42.002	-76.638
USC00301413	CHEMUNG	20010117	0	9999	9999	0	NA	NA	250.5	42.002	-76.638
USC00301413	CHEMUNG	20010118	0	9999	9999	0	NA	NA	250.5	42.002	-76.638
USC00301413	CHEMUNG	20010119	0	9999	9999	0	NA	NA	250.5	42.002	-76.638
USC00301413	CHEMUNG	20010120	51	9999	9999	51	NA	NA	250.5	42.002	-76.638
USC00301413	CHEMUNG	20010121	51	9999	9999	51	NA	NA	250.5	42.002	-76.638
USC00301413	CHEMUNG	20010122	51	9999	9999	51	NA	NA	250.5	42.002	-76.638
USC00301413	CHEMUNG	20010123	25	9999	9999	25	NA	NA	250.5	42.002	-76.638
USC00301413	CHEMUNG	20010124	25	9999	9999	25	NA	NA	250.5	42.002	-76.638
USC00301413	CHEMUNG	20010125	25	9999	9999	25	NA	NA	250.5	42.002	-76.638
USC00301413	CHEMUNG	20010126	25	9999	9999	25	NA	NA	250.5	42.002	-76.638
USC00301413	CHEMUNG	20010127	25	9999	9999	25	NA	NA	250.5	42.002	-76.638
USC00301413	CHEMUNG	20010128	25	9999	9999	25	NA	NA	250.5	42.002	-76.638
USC00301413	CHEMUNG	20010129	25	9999	9999	25	NA	NA	250.5	42.002	-76.638
USC00301413	CHEMUNG	20010130	25	9999	9999	25	NA	NA	250.5	42.002	-76.638
USC00301413	CHEMUNG	20010131	0	9999	9999	0	NA	NA	250.5	42.002	-76.638
USC00301413	CHEMUNG	20020101	0	9999	9999	0	NA	NA	250.5	42.002	-76.638
USC00301413	CHEMUNG	20020102	0	9999	9999	0	NA	NA	250.5	42.002	-76.638
USC00301413	CHEMUNG	20020103	0	9999	9999	0	NA	NA	250.5	42.002	-76.638
USC00301413	CHEMUNG	20020104	0	9999	9999	0	NA	NA	250.5	42.002	-76.638
USC00301413	CHEMUNG	20020105	0	9999	9999	0	NA	NA	250.5	42.002	-76.638
USC00301413	CHEMUNG	20020106	0	9999	9999	0	NA	NA	250.5	42.002	-76.638
USC00301413	CHEMUNG	20020107	152	9999	9999	152	NA	NA	250.5	42.002	-76.638
USC00301413	CHEMUNG	20020108	152	9999	9999	152	NA	NA	250.5	42.002	-76.638
USC00301413	CHEMUNG	20020109	102	9999	9999	102	NA	NA	250.5	42.002	-76.638
USC00301413	CHEMUNG	20020110	76	9999	9999	76	NA	NA	250.5	42.002	-76.638
USC00301413	CHEMUNG	20020111	0	9999	9999	0	NA	NA	250.5	42.002	-76.638
USC00301413	CHEMUNG	20020112	0	9999	9999	0	NA	NA	250.5	42.002	-76.638
USC00301413	CHEMUNG	20020113	0	9999	9999	0	NA	NA	250.5	42.002	-76.638
USC00301413	CHEMUNG	20020114	0	9999	9999	0	NA	NA	250.5	42.002	-76.638
USC00301413	CHEMUNG	20020115	0	9999	9999	0	NA	NA	250.5	42.002	-76.638
USC00301413	CHEMUNG	20020116	0	9999	9999	0	NA	NA	250.5	42.002	-76.638
USC00301413	CHEMUNG	20020117	0	9999	9999	0	NA	NA	250.5	42.002	-76.638
USC00301413	CHEMUNG	20020118	0	9999	9999	0	NA	NA	250.5	42.002	-76.638
USC00301413	CHEMUNG	20020119	0	9999	9999	0	NA	NA	250.5	42.002	-76.638
USC00301413	CHEMUNG	20020120	127	9999	9999	127	NA	NA	250.5	42.002	-76.638
USC00301413	CHEMUNG	20020121	76	9999	9999	76	NA	NA	250.5	42.002	-76.638
USC00301413	CHEMUNG	20020122	76	9999	9999	76	NA	NA	250.5	42.002	-76.638
USC00301413	CHEMUNG	20020123	25	9999	9999	25	NA	NA	250.5	42.002	-76.638
USC00301413	CHEMUNG	20020124	0	9999	9999	0	NA	NA	250.5	42.002	-76.638
USC00301413	CHEMUNG	20020125	0	9999	9999	0	NA	NA	250.5	42.002	-76.638
USC00301413	CHEMUNG	20020126	0	9999	9999	0	NA	NA	250.5	42.002	-76.638
USC00301413	CHEMUNG	20020127	0	9999	9999	0	NA	NA	250.5	42.002	-76.638
USC00301413	CHEMUNG	20020128	0	9999	9999	0	NA	NA	250.5	42.002	-76.638
USC00301413	CHEMUNG	20020129	0	9999	9999	0	NA	NA	250.5	42.002	-76.638
USC00301413	CHEMUNG	20020130	0	9999	9999	0	NA	NA	250.5	42.002	-76.638
USC00301413	CHEMUNG	20020131	0	9999	9999	0	NA	NA	250.5	42.002	-76.638
USC00301413	CHEMUNG	20030101	76	9999	9999	76	NA	NA	250.5	42.002	-76.638
USC00301413	CHEMUNG	20030102	51	9999	9999	51	NA	NA	250.5	42.002	-76.638
USC00301413	CHEMUNG	20030103	76	9999	9999	76	NA	NA	250.5	42.002	-76.638
USC00301413	CHEMUNG	20030104	305	9999	9999	305	NA	NA	250.5	42.002	-76.638
USC00301413	CHEMUNG	20030105	279	9999	9999	279	NA	NA	250.5	42.002	-76.638
USC00301413	CHEMUNG	20030106	279	9999	9999	279	NA	NA	250.5	42.002	-76.638
USC00301413	CHEMUNG	20030107	254	9999	9999	254	NA	NA	250.5	42.002	-76.638
USC00301413	CHEMUNG	20030108	254	9999	9999	254	NA	NA	250.5	42.002	-76.638
USC00301413	CHEMUNG	20030109	178	9999	9999	178	NA	NA	250.5	42.002	-76.638
USC00301413	CHEMUNG	20030110	127	9999	9999	127	NA	NA	250.5	42.002	-76.638
USC00301413	CHEMUNG	20030111	127	9999	9999	127	NA	NA	250.5	42.002	-76.638
USC00301413	CHEMUNG	20030112	102	9999	9999	102	NA	NA	250.5	42.002	-76.638
USC00301413	CHEMUNG	20030113	102	9999	9999	102	NA	NA	250.5	42.002	-76.638
USC00301413	CHEMUNG	20030114	102	9999	9999	102	NA	NA	250.5	42.002	-76.638
USC00301413	CHEMUNG	20030115	102	9999	9999	102	NA	NA	250.5	42.002	-76.638
USC00301413	CHEMUNG	20030116	102	9999	9999	102	NA	NA	250.5	42.002	-76.638
USC00301413	CHEMUNG	20030117	102	9999	9999	102	NA	NA	250.5	42.002	-76.638
USC00301413	CHEMUNG	20030118	102	9999	9999	102	NA	NA	250.5	42.002	-76.638
USC00301413	CHEMUNG	20030119	102	9999	9999	102	NA	NA	250.5	42.002	-76.638
USC00301413	CHEMUNG	20030120	102	9999	9999	102	NA	NA	250.5	42.002	-76.638
USC00301413	CHEMUNG	20030121	102	9999	9999	102	NA	NA	250.5	42.002	-76.638
USC00301413	CHEMUNG	20030122	102	9999	9999	102	NA	NA	250.5	42.002	-76.638
USC00301413	CHEMUNG	20030123	102	9999	9999	102	NA	NA	250.5	42.002	-76.638
USC00301413	CHEMUNG	20030124	102	9999	9999	102	NA	NA	250.5	42.002	-76.638
USC00301413	CHEMUNG	20030125	102	9999	9999	102	NA	NA	250.5	42.002	-76.638
USC00301413	CHEMUNG	20030126	102	9999	9999	102	NA	NA	250.5	42.002	-76.638
USC00301413	CHEMUNG	20030127	127	9999	9999	127	NA	NA	250.5	42.002	-76.638
USC00301413	CHEMUNG	20030128	127	9999	9999	127	NA	NA	250.5	42.002	-76.638
USC00301413	CHEMUNG	20030129	127	9999	9999	127	NA	NA	250.5	42.002	-76.638
USC00301413	CHEMUNG	20030130	127	9999	9999	127	NA	NA	250.5	42.002	-76.638
USC00301413	CHEMUNG	20030131	127	9999	9999	127	NA	NA	250.5	42.002	-76.638
USC00301413	CHEMUNG	20040101	0	9999	9999	0	NA	NA	250.5	42.002	-76.638
USC00301413	CHEMUNG	20040102	0	9999	9999	0	NA	NA	250.5	42.002	-76.638
USC00301413	CHEMUNG	20040103	0	9999	9999	0	NA	NA	250.5	42.002	-76.638
USC00301413	CHEMUNG	20040104	0	9999	9999	0	NA	NA	250.5	42.002	-76.638
USC00301413	CHEMUNG	20040105	25	9999	9999	25	NA	NA	250.5	42.002	-76.638
USC00301413	CHEMUNG	20040106	25	9999	9999	25	NA	NA	250.5	42.002	-76.638
USC00301413	CHEMUNG	20040107	25	9999	9999	25	NA	NA	250.5	42.002	-76.638
USC00301413	CHEMUNG	20040108	51	9999	9999	51	NA	NA	250.5	42.002	-76.638
USC00301413	CHEMUNG	20040109	51	9999	9999	51	NA	NA	250.5	42.002	-76.638
USC00301413	CHEMUNG	20040110	51	9999	9999	51	NA	NA	250.5	42.002	-76.638
USC00301413	CHEMUNG	20040111	25	9999	9999	25	NA	NA	250.5	42.002	-76.638
USC00301413	CHEMUNG	20040112	76	9999	9999	76	NA	NA	250.5	42.002	-76.638
USC00301413	CHEMUNG	20040113	51	9999	9999	51	NA	NA	250.5	42.002	-76.638
USC00301413	CHEMUNG	20040114	51	9999	9999	51	NA	NA	250.5	42.002	-76.638
USC00301413	CHEMUNG	20040115	152	9999	9999	152	NA	NA	250.5	42.002	-76.638
USC00301413	CHEMUNG	20040116	127	9999	9999	127	NA	NA	250.5	42.002	-76.638
USC00301413	CHEMUNG	20040117	102	9999	9999	102	NA	NA	250.5	42.002	-76.638
USC00301413	CHEMUNG	20040118	102	9999	9999	102	NA	NA	250.5	42.002	-76.638
USC00301413	CHEMUNG	20040119	102	9999	9999	102	NA	NA	250.5	42.002	-76.638
USC00301413	CHEMUNG	20040120	102	9999	9999	102	NA	NA	250.5	42.002	-76.638
USC00301413	CHEMUNG	20040121	76	9999	9999	76	NA	NA	250.5	42.002	-76.638
USC00301413	CHEMUNG	20040122	76	9999	9999	76	NA	NA	250.5	42.002	-76.638
USC00301413	CHEMUNG	20040123	76	9999	9999	76	NA	NA	250.5	42.002	-76.638
USC00301413	CHEMUNG	20040124	51	9999	9999	51	NA	NA	250.5	42.002	-76.638
USC00301413	CHEMUNG	20040125	51	9999	9999	51	NA	NA	250.5	42.002	-76.638
USC00301413	CHEMUNG	20040126	51	9999	9999	51	NA	NA	250.5	42.002	-76.638
USC00301413	CHEMUNG	20040127	127	9999	9999	127	NA	NA	250.5	42.002	-76.638
USC00301413	CHEMUNG	20040128	229	9999	9999	229	NA	NA	250.5	42.002	-76.638
USC00301413	CHEMUNG	20040129	229	9999	9999	229	NA	NA	250.5	42.002	-76.638
USC00301413	CHEMUNG	20040130	203	9999	9999	203	NA	NA	250.5	42.002	-76.638
USC00301413	CHEMUNG	20040131	178	9999	9999	178	NA	NA	250.5	42.002	-76.638
USC00301413	CHEMUNG	20050101	0	9999	9999	0	NA	NA	250.5	42.002	-76.638
USC00301413	CHEMUNG	20050102	0	9999	9999	0	NA	NA	250.5	42.002	-76.638
USC00301413	CHEMUNG	20050103	0	9999	9999	0	NA	NA	250.5	42.002	-76.638
USC00301413	CHEMUNG	20050104	0	9999	9999	0	NA	NA	250.5	42.002	-76.638
USC00301413	CHEMUNG	20050105	25	9999	9999	25	NA	NA	250.5	42.002	-76.638
USC00301413	CHEMUNG	20050106	152	9999	9999	152	NA	NA	250.5	42.002	-76.638
USC00301413	CHEMUNG	20050107	102	9999	9999	102	NA	NA	250.5	42.002	-76.638
USC00301413	CHEMUNG	20050108	102	9999	9999	102	NA	NA	250.5	42.002	-76.638
USC00301413	CHEMUNG	20050109	102	9999	9999	102	NA	NA	250.5	42.002	-76.638
USC00301413	CHEMUNG	20050110	102	9999	9999	102	NA	NA	250.5	42.002	-76.638
USC00301413	CHEMUNG	20050111	76	9999	9999	76	NA	NA	250.5	42.002	-76.638
USC00301413	CHEMUNG	20050112	102	9999	9999	102	NA	NA	250.5	42.002	-76.638
USC00301413	CHEMUNG	20050113	51	9999	9999	51	NA	NA	250.5	42.002	-76.638
USC00301413	CHEMUNG	20050114	25	9999	9999	25	NA	NA	250.5	42.002	-76.638
USC00301413	CHEMUNG	20050115	0	9999	9999	0	NA	NA	250.5	42.002	-76.638
USC00301413	CHEMUNG	20050116	0	9999	9999	0	NA	NA	250.5	42.002	-76.638
USC00301413	CHEMUNG	20050117	25	9999	9999	25	NA	NA	250.5	42.002	-76.638
USC00301413	CHEMUNG	20050118	25	9999	9999	25	NA	NA	250.5	42.002	-76.638
USC00301413	CHEMUNG	20050119	25	9999	9999	25	NA	NA	250.5	42.002	-76.638
USC00301413	CHEMUNG	20050120	51	9999	9999	51	NA	NA	250.5	42.002	-76.638
USC00301413	CHEMUNG	20050121	51	9999	9999	51	NA	NA	250.5	42.002	-76.638
USC00301413	CHEMUNG	20050122	51	9999	9999	51	NA	NA	250.5	42.002	-76.638
USC00301413	CHEMUNG	20050123	127	9999	9999	127	NA	NA	250.5	42.002	-76.638
USC00301413	CHEMUNG	20050124	127	9999	9999	127	NA	NA	250.5	42.002	-76.638
USC00301413	CHEMUNG	20050125	127	9999	9999	127	NA	NA	250.5	42.002	-76.638
USC00301413	CHEMUNG	20050126	152	9999	9999	152	NA	NA	250.5	42.002	-76.638
USC00301413	CHEMUNG	20050127	152	9999	9999	152	NA	NA	250.5	42.002	-76.638
USC00301413	CHEMUNG	20050128	152	9999	9999	152	NA	NA	250.5	42.002	-76.638
USC00301413	CHEMUNG	20050129	152	9999	9999	152	NA	NA	250.5	42.002	-76.638
USC00301413	CHEMUNG	20050130	152	9999	9999	152	NA	NA	250.5	42.002	-76.638
USC00301413	CHEMUNG	20050131	127	9999	9999	127	NA	NA	250.5	42.002	-76.638
