STATION	NAME	DATE	SNWD	TMAX	TMIN	SNWD2	TMAX2	TMIN2	ELEV	LAT	LONG
USC00361485	CLARION	19950101	9999	39	-56	NA	39	-56	317	41.1922	-79.4361
USC00361485	CLARION	19950102	9999	67	-67	NA	67	-67	317	41.1922	-79.4361
USC00361485	CLARION	19950103	9999	-61	-94	NA	-61	-94	317	41.1922	-79.4361
USC00361485	CLARION	19950104	9999	-33	-122	NA	-33	-122	317	41.1922	-79.4361
USC00361485	CLARION	19950105	9999	-94	-167	NA	-94	-167	317	41.1922	-79.4361
USC00361485	CLARION	19950106	9999	-94	-156	NA	-94	-156	317	41.1922	-79.4361
USC00361485	CLARION	19950107	9999	6	-156	NA	6	-156	317	41.1922	-79.4361
USC00361485	CLARION	19950108	9999	39	-61	NA	39	-61	317	41.1922	-79.4361
USC00361485	CLARION	19950109	9999	-17	-61	NA	-17	-61	317	41.1922	-79.4361
USC00361485	CLARION	19950110	9999	-22	-128	NA	-22	-128	317	41.1922	-79.4361
USC00361485	CLARION	19950111	9999	-22	-106	NA	-22	-106	317	41.1922	-79.4361
USC00361485	CLARION	19950112	9999	17	-39	NA	17	-39	317	41.1922	-79.4361
USC00361485	CLARION	19950113	9999	67	-39	NA	67	-39	317	41.1922	-79.4361
USC00361485	CLARION	19950114	9999	167	0	NA	167	0	317	41.1922	-79.4361
USC00361485	CLARION	19950115	9999	172	6	NA	172	6	317	41.1922	-79.4361
USC00361485	CLARION	19950116	9999	172	6	NA	172	6	317	41.1922	-79.4361
USC00361485	CLARION	19950117	9999	17	6	NA	17	6	317	41.1922	-79.4361
USC00361485	CLARION	19950118	9999	28	6	NA	28	6	317	41.1922	-79.4361
USC00361485	CLARION	19950119	9999	128	-17	NA	128	-17	317	41.1922	-79.4361
USC00361485	CLARION	19950120	9999	106	39	NA	106	39	317	41.1922	-79.4361
USC00361485	CLARION	19950121	9999	56	0	NA	56	0	317	41.1922	-79.4361
USC00361485	CLARION	19950122	9999	6	-61	NA	6	-61	317	41.1922	-79.4361
USC00361485	CLARION	19950123	9999	-39	-83	NA	-39	-83	317	41.1922	-79.4361
USC00361485	CLARION	19950124	9999	-44	-83	NA	-44	-83	317	41.1922	-79.4361
USC00361485	CLARION	19950125	9999	-6	-50	NA	-6	-50	317	41.1922	-79.4361
USC00361485	CLARION	19950126	9999	-50	-67	NA	-50	-67	317	41.1922	-79.4361
USC00361485	CLARION	19950127	9999	-22	-100	NA	-22	-100	317	41.1922	-79.4361
USC00361485	CLARION	19950128	9999	0	-94	NA	0	-94	317	41.1922	-79.4361
USC00361485	CLARION	19950129	9999	-6	-122	NA	-6	-122	317	41.1922	-79.4361
USC00361485	CLARION	19950130	9999	11	-139	NA	11	-139	317	41.1922	-79.4361
USC00361485	CLARION	19950131	9999	33	-128	NA	33	-128	317	41.1922	-79.4361
USC00361485	CLARION	19960101	9999	44	-72	NA	44	-72	317	41.1922	-79.4361
USC00361485	CLARION	19960102	9999	17	-67	NA	17	-67	317	41.1922	-79.4361
USC00361485	CLARION	19960103	9999	17	-67	NA	17	-67	317	41.1922	-79.4361
USC00361485	CLARION	19960104	9999	-50	-206	NA	-50	-206	317	41.1922	-79.4361
USC00361485	CLARION	19960105	9999	-72	-206	NA	-72	-206	317	41.1922	-79.4361
USC00361485	CLARION	19960106	9999	-72	-211	NA	-72	-211	317	41.1922	-79.4361
USC00361485	CLARION	19960107	9999	-72	-222	NA	-72	-222	317	41.1922	-79.4361
USC00361485	CLARION	19960108	9999	-100	-117	NA	-100	-117	317	41.1922	-79.4361
USC00361485	CLARION	19960109	9999	-56	-133	NA	-56	-133	317	41.1922	-79.4361
USC00361485	CLARION	19960110	9999	-50	-139	NA	-50	-139	317	41.1922	-79.4361
USC00361485	CLARION	19960111	9999	-72	-200	NA	-72	-200	317	41.1922	-79.4361
USC00361485	CLARION	19960112	9999	-72	-172	NA	-72	-172	317	41.1922	-79.4361
USC00361485	CLARION	19960113	9999	-44	-83	NA	-44	-83	317	41.1922	-79.4361
USC00361485	CLARION	19960114	9999	-17	-83	NA	-17	-83	317	41.1922	-79.4361
USC00361485	CLARION	19960115	9999	83	-22	NA	83	-22	317	41.1922	-79.4361
USC00361485	CLARION	19960116	9999	83	-122	NA	83	-122	317	41.1922	-79.4361
USC00361485	CLARION	19960117	9999	56	-72	NA	56	-72	317	41.1922	-79.4361
USC00361485	CLARION	19960118	9999	83	-17	NA	83	-17	317	41.1922	-79.4361
USC00361485	CLARION	19960119	9999	133	-17	NA	133	-17	317	41.1922	-79.4361
USC00361485	CLARION	19960120	9999	83	-117	NA	83	-117	317	41.1922	-79.4361
USC00361485	CLARION	19960121	9999	-50	-122	NA	-50	-122	317	41.1922	-79.4361
USC00361485	CLARION	19960122	9999	17	-100	NA	17	-100	317	41.1922	-79.4361
USC00361485	CLARION	19960123	9999	56	-100	NA	56	-100	317	41.1922	-79.4361
USC00361485	CLARION	19960124	9999	56	-11	NA	56	-11	317	41.1922	-79.4361
USC00361485	CLARION	19960125	9999	67	-89	NA	67	-89	317	41.1922	-79.4361
USC00361485	CLARION	19960126	9999	-39	-94	NA	-39	-94	317	41.1922	-79.4361
USC00361485	CLARION	19960127	9999	72	-94	NA	72	-94	317	41.1922	-79.4361
USC00361485	CLARION	19960128	9999	78	-72	NA	78	-72	317	41.1922	-79.4361
USC00361485	CLARION	19960129	9999	-28	-100	NA	-28	-100	317	41.1922	-79.4361
USC00361485	CLARION	19960130	9999	39	-94	NA	39	-94	317	41.1922	-79.4361
USC00361485	CLARION	19960131	9999	-22	-122	NA	-22	-122	317	41.1922	-79.4361
USC00361485	CLARION	19970101	9999	39	-67	NA	39	-67	317	41.1922	-79.4361
USC00361485	CLARION	19970102	9999	33	-50	NA	33	-50	317	41.1922	-79.4361
USC00361485	CLARION	19970103	9999	106	28	NA	106	28	317	41.1922	-79.4361
USC00361485	CLARION	19970104	9999	144	72	NA	144	72	317	41.1922	-79.4361
USC00361485	CLARION	19970105	9999	178	72	NA	178	72	317	41.1922	-79.4361
USC00361485	CLARION	19970106	9999	144	-6	NA	144	-6	317	41.1922	-79.4361
USC00361485	CLARION	19970107	9999	-6	-67	NA	-6	-67	317	41.1922	-79.4361
USC00361485	CLARION	19970108	9999	-56	-72	NA	-56	-72	317	41.1922	-79.4361
USC00361485	CLARION	19970109	9999	-33	-78	NA	-33	-78	317	41.1922	-79.4361
USC00361485	CLARION	19970110	9999	0	-61	NA	0	-61	317	41.1922	-79.4361
USC00361485	CLARION	19970111	9999	-22	-139	NA	-22	-139	317	41.1922	-79.4361
USC00361485	CLARION	19970112	9999	-106	-150	NA	-106	-150	317	41.1922	-79.4361
USC00361485	CLARION	19970113	9999	-106	-161	NA	-106	-161	317	41.1922	-79.4361
USC00361485	CLARION	19970114	9999	-78	-156	NA	-78	-156	317	41.1922	-79.4361
USC00361485	CLARION	19970115	9999	-72	-178	NA	-72	-178	317	41.1922	-79.4361
USC00361485	CLARION	19970116	9999	44	-178	NA	44	-178	317	41.1922	-79.4361
USC00361485	CLARION	19970117	9999	11	-189	NA	11	-189	317	41.1922	-79.4361
USC00361485	CLARION	19970118	9999	-150	-194	NA	-150	-194	317	41.1922	-79.4361
USC00361485	CLARION	19970119	9999	-128	-256	NA	-128	-256	317	41.1922	-79.4361
USC00361485	CLARION	19970120	9999	-50	-261	NA	-50	-261	317	41.1922	-79.4361
USC00361485	CLARION	19970121	9999	44	-117	NA	44	-117	317	41.1922	-79.4361
USC00361485	CLARION	19970122	9999	28	-139	NA	28	-139	317	41.1922	-79.4361
USC00361485	CLARION	19970123	9999	83	-139	NA	83	-139	317	41.1922	-79.4361
USC00361485	CLARION	19970124	9999	22	-61	NA	22	-61	317	41.1922	-79.4361
USC00361485	CLARION	19970125	9999	56	-61	NA	56	-61	317	41.1922	-79.4361
USC00361485	CLARION	19970126	9999	56	-94	NA	56	-94	317	41.1922	-79.4361
USC00361485	CLARION	19970127	9999	-50	-83	NA	-50	-83	317	41.1922	-79.4361
USC00361485	CLARION	19970128	9999	17	-78	NA	17	-78	317	41.1922	-79.4361
USC00361485	CLARION	19970129	9999	17	-128	NA	17	-128	317	41.1922	-79.4361
USC00361485	CLARION	19970130	9999	-67	-117	NA	-67	-117	317	41.1922	-79.4361
USC00361485	CLARION	19970131	9999	22	-117	NA	22	-117	317	41.1922	-79.4361
USC00361485	CLARION	19980101	9999	-72	-161	NA	-72	-161	317	41.1922	-79.4361
USC00361485	CLARION	19980102	9999	0	-156	NA	0	-156	317	41.1922	-79.4361
USC00361485	CLARION	19980103	9999	72	-33	NA	72	-33	317	41.1922	-79.4361
USC00361485	CLARION	19980104	9999	106	11	NA	106	11	317	41.1922	-79.4361
USC00361485	CLARION	19980105	9999	89	0	NA	89	0	317	41.1922	-79.4361
USC00361485	CLARION	19980106	9999	150	-11	NA	150	-11	317	41.1922	-79.4361
USC00361485	CLARION	19980107	9999	133	67	NA	133	67	317	41.1922	-79.4361
USC00361485	CLARION	19980108	9999	167	56	NA	167	56	317	41.1922	-79.4361
USC00361485	CLARION	19980109	9999	161	83	NA	161	83	317	41.1922	-79.4361
USC00361485	CLARION	19980110	9999	161	11	NA	161	11	317	41.1922	-79.4361
USC00361485	CLARION	19980111	9999	161	-39	NA	161	-39	317	41.1922	-79.4361
USC00361485	CLARION	19980112	9999	17	-72	NA	17	-72	317	41.1922	-79.4361
USC00361485	CLARION	19980113	9999	72	-72	NA	72	-72	317	41.1922	-79.4361
USC00361485	CLARION	19980114	9999	72	-94	NA	72	-94	317	41.1922	-79.4361
USC00361485	CLARION	19980115	9999	-6	-111	NA	-6	-111	317	41.1922	-79.4361
USC00361485	CLARION	19980116	9999	17	-6	NA	17	-6	317	41.1922	-79.4361
USC00361485	CLARION	19980117	9999	11	-6	NA	11	-6	317	41.1922	-79.4361
USC00361485	CLARION	19980118	9999	17	-22	NA	17	-22	317	41.1922	-79.4361
USC00361485	CLARION	19980119	9999	-6	-50	NA	-6	-50	317	41.1922	-79.4361
USC00361485	CLARION	19980120	9999	-6	-44	NA	-6	-44	317	41.1922	-79.4361
USC00361485	CLARION	19980121	9999	-6	-122	NA	-6	-122	317	41.1922	-79.4361
USC00361485	CLARION	19980122	9999	-28	-122	NA	-28	-122	317	41.1922	-79.4361
USC00361485	CLARION	19980123	9999	11	-28	NA	11	-28	317	41.1922	-79.4361
USC00361485	CLARION	19980124	9999	22	-11	NA	22	-11	317	41.1922	-79.4361
USC00361485	CLARION	19980125	9999	-6	-33	NA	-6	-33	317	41.1922	-79.4361
USC00361485	CLARION	19980126	9999	-11	-33	NA	-11	-33	317	41.1922	-79.4361
USC00361485	CLARION	19980127	9999	33	-28	NA	33	-28	317	41.1922	-79.4361
USC00361485	CLARION	19980128	9999	39	-11	NA	39	-11	317	41.1922	-79.4361
USC00361485	CLARION	19980129	9999	72	-39	NA	72	-39	317	41.1922	-79.4361
USC00361485	CLARION	19980130	9999	83	-22	NA	83	-22	317	41.1922	-79.4361
USC00361485	CLARION	19980131	9999	11	-17	NA	11	-17	317	41.1922	-79.4361
USC00361485	CLARION	19990101	9999	-67	-111	NA	-67	-111	317	41.1922	-79.4361
USC00361485	CLARION	19990102	9999	-78	-178	NA	-78	-178	317	41.1922	-79.4361
USC00361485	CLARION	19990103	9999	-6	-178	NA	-6	-178	317	41.1922	-79.4361
USC00361485	CLARION	19990104	9999	6	-111	NA	6	-111	317	41.1922	-79.4361
USC00361485	CLARION	19990105	9999	-100	-167	NA	-100	-167	317	41.1922	-79.4361
USC00361485	CLARION	19990106	9999	-117	-194	NA	-117	-194	317	41.1922	-79.4361
USC00361485	CLARION	19990107	9999	-22	-156	NA	-22	-156	317	41.1922	-79.4361
USC00361485	CLARION	19990108	9999	-78	-206	NA	-78	-206	317	41.1922	-79.4361
USC00361485	CLARION	19990109	9999	6	-167	NA	6	-167	317	41.1922	-79.4361
USC00361485	CLARION	19990110	9999	-17	-150	NA	-17	-150	317	41.1922	-79.4361
USC00361485	CLARION	19990111	9999	-78	-156	NA	-78	-156	317	41.1922	-79.4361
USC00361485	CLARION	19990112	9999	11	-172	NA	11	-172	317	41.1922	-79.4361
USC00361485	CLARION	19990113	9999	33	0	NA	33	0	317	41.1922	-79.4361
USC00361485	CLARION	19990114	9999	28	-111	NA	28	-111	317	41.1922	-79.4361
USC00361485	CLARION	19990115	9999	-17	-106	NA	-17	-106	317	41.1922	-79.4361
USC00361485	CLARION	19990116	9999	-56	-100	NA	-56	-100	317	41.1922	-79.4361
USC00361485	CLARION	19990117	9999	33	-72	NA	33	-72	317	41.1922	-79.4361
USC00361485	CLARION	19990118	9999	89	-72	NA	89	-72	317	41.1922	-79.4361
USC00361485	CLARION	19990119	9999	44	0	NA	44	0	317	41.1922	-79.4361
USC00361485	CLARION	19990120	9999	33	-22	NA	33	-22	317	41.1922	-79.4361
USC00361485	CLARION	19990121	9999	67	-56	NA	67	-56	317	41.1922	-79.4361
USC00361485	CLARION	19990122	9999	44	-44	NA	44	-44	317	41.1922	-79.4361
USC00361485	CLARION	19990123	9999	94	33	NA	94	33	317	41.1922	-79.4361
USC00361485	CLARION	19990124	9999	150	22	NA	150	22	317	41.1922	-79.4361
USC00361485	CLARION	19990125	9999	56	-6	NA	56	-6	317	41.1922	-79.4361
USC00361485	CLARION	19990126	9999	11	-22	NA	11	-22	317	41.1922	-79.4361
USC00361485	CLARION	19990127	9999	39	-67	NA	39	-67	317	41.1922	-79.4361
USC00361485	CLARION	19990128	9999	100	-67	NA	100	-67	317	41.1922	-79.4361
USC00361485	CLARION	19990129	9999	100	-67	NA	100	-67	317	41.1922	-79.4361
USC00361485	CLARION	19990130	9999	100	-83	NA	100	-83	317	41.1922	-79.4361
USC00361485	CLARION	19990131	9999	100	-89	NA	100	-89	317	41.1922	-79.4361
USC00361485	CLARION	20000101	9999	44	-78	NA	44	-78	317	41.1922	-79.4361
USC00361485	CLARION	20000102	9999	100	-83	NA	100	-83	317	41.1922	-79.4361
USC00361485	CLARION	20000103	9999	150	6	NA	150	6	317	41.1922	-79.4361
USC00361485	CLARION	20000104	9999	150	6	NA	150	6	317	41.1922	-79.4361
USC00361485	CLARION	20000105	9999	133	-22	NA	133	-22	317	41.1922	-79.4361
USC00361485	CLARION	20000106	9999	-17	-72	NA	-17	-72	317	41.1922	-79.4361
USC00361485	CLARION	20000107	9999	50	-39	NA	50	-39	317	41.1922	-79.4361
USC00361485	CLARION	20000108	9999	28	-56	NA	28	-56	317	41.1922	-79.4361
USC00361485	CLARION	20000109	9999	33	-67	NA	33	-67	317	41.1922	-79.4361
USC00361485	CLARION	20000110	9999	94	-11	NA	94	-11	317	41.1922	-79.4361
USC00361485	CLARION	20000111	9999	100	17	NA	100	17	317	41.1922	-79.4361
USC00361485	CLARION	20000112	9999	56	-6	NA	56	-6	317	41.1922	-79.4361
USC00361485	CLARION	20000113	9999	28	-17	NA	28	-17	317	41.1922	-79.4361
USC00361485	CLARION	20000114	9999	28	-122	NA	28	-122	317	41.1922	-79.4361
USC00361485	CLARION	20000115	9999	28	-122	NA	28	-122	317	41.1922	-79.4361
USC00361485	CLARION	20000116	9999	11	-117	NA	11	-117	317	41.1922	-79.4361
USC00361485	CLARION	20000117	9999	50	-144	NA	50	-144	317	41.1922	-79.4361
USC00361485	CLARION	20000118	9999	-89	-161	NA	-89	-161	317	41.1922	-79.4361
USC00361485	CLARION	20000119	9999	-44	-133	NA	-44	-133	317	41.1922	-79.4361
USC00361485	CLARION	20000120	9999	-28	-61	NA	-28	-61	317	41.1922	-79.4361
USC00361485	CLARION	20000121	9999	-28	-156	NA	-28	-156	317	41.1922	-79.4361
USC00361485	CLARION	20000122	9999	-94	-194	NA	-94	-194	317	41.1922	-79.4361
USC00361485	CLARION	20000123	9999	-83	-200	NA	-83	-200	317	41.1922	-79.4361
USC00361485	CLARION	20000124	9999	-17	-89	NA	-17	-89	317	41.1922	-79.4361
USC00361485	CLARION	20000125	9999	-22	-156	NA	-22	-156	317	41.1922	-79.4361
USC00361485	CLARION	20000126	9999	-61	-133	NA	-61	-133	317	41.1922	-79.4361
USC00361485	CLARION	20000127	9999	-44	-156	NA	-44	-156	317	41.1922	-79.4361
USC00361485	CLARION	20000128	9999	-89	-172	NA	-89	-172	317	41.1922	-79.4361
USC00361485	CLARION	20000129	9999	-39	-178	NA	-39	-178	317	41.1922	-79.4361
USC00361485	CLARION	20000130	9999	17	-183	NA	17	-183	317	41.1922	-79.4361
USC00361485	CLARION	20000131	9999	6	-61	NA	6	-61	317	41.1922	-79.4361
USC00361485	CLARION	20010101	9999	-67	-72	NA	-67	-72	317	41.1922	-79.4361
USC00361485	CLARION	20010102	9999	-28	-139	NA	-28	-139	317	41.1922	-79.4361
USC00361485	CLARION	20010103	9999	-44	-139	NA	-44	-139	317	41.1922	-79.4361
USC00361485	CLARION	20010104	9999	-33	-122	NA	-33	-122	317	41.1922	-79.4361
USC00361485	CLARION	20010105	9999	-28	-56	NA	-28	-56	317	41.1922	-79.4361
USC00361485	CLARION	20010106	9999	0	-44	NA	0	-44	317	41.1922	-79.4361
USC00361485	CLARION	20010107	9999	-11	-44	NA	-11	-44	317	41.1922	-79.4361
USC00361485	CLARION	20010108	9999	39	-11	NA	39	-11	317	41.1922	-79.4361
USC00361485	CLARION	20010109	9999	11	-128	NA	11	-128	317	41.1922	-79.4361
USC00361485	CLARION	20010110	9999	-61	-139	NA	-61	-139	317	41.1922	-79.4361
USC00361485	CLARION	20010111	9999	17	-83	NA	17	-83	317	41.1922	-79.4361
USC00361485	CLARION	20010112	9999	44	-94	NA	44	-94	317	41.1922	-79.4361
USC00361485	CLARION	20010113	9999	56	-106	NA	56	-106	317	41.1922	-79.4361
USC00361485	CLARION	20010114	9999	61	-111	NA	61	-111	317	41.1922	-79.4361
USC00361485	CLARION	20010115	9999	61	-61	NA	61	-61	317	41.1922	-79.4361
USC00361485	CLARION	20010116	9999	39	0	NA	39	0	317	41.1922	-79.4361
USC00361485	CLARION	20010117	9999	6	-11	NA	6	-11	317	41.1922	-79.4361
USC00361485	CLARION	20010118	9999	0	-22	NA	0	-22	317	41.1922	-79.4361
USC00361485	CLARION	20010119	9999	33	-22	NA	33	-22	317	41.1922	-79.4361
USC00361485	CLARION	20010120	9999	11	-44	NA	11	-44	317	41.1922	-79.4361
USC00361485	CLARION	20010121	9999	-17	-122	NA	-17	-122	317	41.1922	-79.4361
USC00361485	CLARION	20010122	9999	-44	-128	NA	-44	-128	317	41.1922	-79.4361
USC00361485	CLARION	20010123	9999	-22	-167	NA	-22	-167	317	41.1922	-79.4361
USC00361485	CLARION	20010124	9999	6	-172	NA	6	-172	317	41.1922	-79.4361
USC00361485	CLARION	20010125	9999	0	-44	NA	0	-44	317	41.1922	-79.4361
USC00361485	CLARION	20010126	9999	-33	-106	NA	-33	-106	317	41.1922	-79.4361
USC00361485	CLARION	20010127	9999	0	-94	NA	0	-94	317	41.1922	-79.4361
USC00361485	CLARION	20010128	9999	-6	-94	NA	-6	-94	317	41.1922	-79.4361
USC00361485	CLARION	20010129	9999	-39	-150	NA	-39	-150	317	41.1922	-79.4361
USC00361485	CLARION	20010130	9999	22	-150	NA	22	-150	317	41.1922	-79.4361
USC00361485	CLARION	20010131	9999	94	0	NA	94	0	317	41.1922	-79.4361
USC00361485	CLARION	20020101	9999	-67	-111	NA	-67	-111	317	41.1922	-79.4361
USC00361485	CLARION	20020102	9999	-50	-128	NA	-50	-128	317	41.1922	-79.4361
USC00361485	CLARION	20020103	9999	-28	-122	NA	-28	-122	317	41.1922	-79.4361
USC00361485	CLARION	20020104	9999	-11	-122	NA	-11	-122	317	41.1922	-79.4361
USC00361485	CLARION	20020105	9999	-6	-61	NA	-6	-61	317	41.1922	-79.4361
USC00361485	CLARION	20020106	9999	33	-67	NA	33	-67	317	41.1922	-79.4361
USC00361485	CLARION	20020107	9999	0	-22	NA	0	-22	317	41.1922	-79.4361
USC00361485	CLARION	20020108	9999	-6	-72	NA	-6	-72	317	41.1922	-79.4361
USC00361485	CLARION	20020109	9999	-11	-72	NA	-11	-72	317	41.1922	-79.4361
USC00361485	CLARION	20020110	9999	56	-17	NA	56	-17	317	41.1922	-79.4361
USC00361485	CLARION	20020111	9999	78	-11	NA	78	-11	317	41.1922	-79.4361
USC00361485	CLARION	20020112	9999	22	-11	NA	22	-11	317	41.1922	-79.4361
USC00361485	CLARION	20020113	9999	56	-11	NA	56	-11	317	41.1922	-79.4361
USC00361485	CLARION	20020114	9999	22	-61	NA	22	-61	317	41.1922	-79.4361
USC00361485	CLARION	20020115	9999	56	-61	NA	56	-61	317	41.1922	-79.4361
USC00361485	CLARION	20020116	9999	17	-11	NA	17	-11	317	41.1922	-79.4361
USC00361485	CLARION	20020117	9999	17	-33	NA	17	-33	317	41.1922	-79.4361
USC00361485	CLARION	20020118	9999	11	-50	NA	11	-50	317	41.1922	-79.4361
USC00361485	CLARION	20020119	9999	-17	-100	NA	-17	-100	317	41.1922	-79.4361
USC00361485	CLARION	20020120	9999	-28	-111	NA	-28	-111	317	41.1922	-79.4361
USC00361485	CLARION	20020121	9999	6	-144	NA	6	-144	317	41.1922	-79.4361
USC00361485	CLARION	20020122	9999	28	-56	NA	28	-56	317	41.1922	-79.4361
USC00361485	CLARION	20020123	9999	89	-56	NA	89	-56	317	41.1922	-79.4361
USC00361485	CLARION	20020124	9999	44	-17	NA	44	-17	317	41.1922	-79.4361
USC00361485	CLARION	20020125	9999	83	-28	NA	83	-28	317	41.1922	-79.4361
USC00361485	CLARION	20020126	9999	56	-50	NA	56	-50	317	41.1922	-79.4361
USC00361485	CLARION	20020127	9999	100	-56	NA	100	-56	317	41.1922	-79.4361
USC00361485	CLARION	20020128	9999	144	-61	NA	144	-61	317	41.1922	-79.4361
USC00361485	CLARION	20020129	9999	150	-44	NA	150	-44	317	41.1922	-79.4361
USC00361485	CLARION	20020130	9999	172	-6	NA	172	-6	317	41.1922	-79.4361
USC00361485	CLARION	20020131	9999	94	22	NA	94	22	317	41.1922	-79.4361
USC00361485	CLARION	20030101	9999	106	11	NA	106	11	317	41.1922	-79.4361
USC00361485	CLARION	20030102	9999	28	-17	NA	28	-17	317	41.1922	-79.4361
USC00361485	CLARION	20030103	9999	17	-22	NA	17	-22	317	41.1922	-79.4361
USC00361485	CLARION	20030104	9999	11	-39	NA	11	-39	317	41.1922	-79.4361
USC00361485	CLARION	20030105	9999	-17	-44	NA	-17	-44	317	41.1922	-79.4361
USC00361485	CLARION	20030106	9999	-11	-44	NA	-11	-44	317	41.1922	-79.4361
USC00361485	CLARION	20030107	9999	-11	-111	NA	-11	-111	317	41.1922	-79.4361
USC00361485	CLARION	20030108	9999	11	-83	NA	11	-83	317	41.1922	-79.4361
USC00361485	CLARION	20030109	9999	50	-6	NA	50	-6	317	41.1922	-79.4361
USC00361485	CLARION	20030110	9999	72	-22	NA	72	-22	317	41.1922	-79.4361
USC00361485	CLARION	20030111	9999	-22	-89	NA	-22	-89	317	41.1922	-79.4361
USC00361485	CLARION	20030112	9999	-72	-94	NA	-72	-94	317	41.1922	-79.4361
USC00361485	CLARION	20030113	9999	-39	-100	NA	-39	-100	317	41.1922	-79.4361
USC00361485	CLARION	20030114	9999	-22	-128	NA	-22	-128	317	41.1922	-79.4361
USC00361485	CLARION	20030115	9999	-61	-106	NA	-61	-106	317	41.1922	-79.4361
USC00361485	CLARION	20030116	9999	-78	-144	NA	-78	-144	317	41.1922	-79.4361
USC00361485	CLARION	20030117	9999	-72	-144	NA	-72	-144	317	41.1922	-79.4361
USC00361485	CLARION	20030118	9999	-67	-194	NA	-67	-194	317	41.1922	-79.4361
USC00361485	CLARION	20030119	9999	-72	-200	NA	-72	-200	317	41.1922	-79.4361
USC00361485	CLARION	20030120	9999	-50	-100	NA	-50	-100	317	41.1922	-79.4361
USC00361485	CLARION	20030121	9999	-67	-139	NA	-67	-139	317	41.1922	-79.4361
USC00361485	CLARION	20030122	9999	-83	-211	NA	-83	-211	317	41.1922	-79.4361
USC00361485	CLARION	20030123	9999	-83	-228	NA	-83	-228	317	41.1922	-79.4361
USC00361485	CLARION	20030124	9999	-122	-172	NA	-122	-172	317	41.1922	-79.4361
USC00361485	CLARION	20030125	9999	-72	-172	NA	-72	-172	317	41.1922	-79.4361
USC00361485	CLARION	20030126	9999	-56	-100	NA	-56	-100	317	41.1922	-79.4361
USC00361485	CLARION	20030127	9999	-39	-133	NA	-39	-133	317	41.1922	-79.4361
USC00361485	CLARION	20030128	9999	-244	-106	NA	-244	-106	317	41.1922	-79.4361
USC00361485	CLARION	20030129	9999	-39	-122	NA	-39	-122	317	41.1922	-79.4361
USC00361485	CLARION	20030130	9999	-11	-172	NA	-11	-172	317	41.1922	-79.4361
USC00361485	CLARION	20030131	9999	0	-178	NA	0	-178	317	41.1922	-79.4361
USC00361485	CLARION	20040101	9999	83	-56	NA	83	-56	317	41.1922	-79.4361
USC00361485	CLARION	20040102	9999	83	-56	NA	83	-56	317	41.1922	-79.4361
USC00361485	CLARION	20040103	9999	128	33	NA	128	33	317	41.1922	-79.4361
USC00361485	CLARION	20040104	9999	139	44	NA	139	44	317	41.1922	-79.4361
USC00361485	CLARION	20040105	9999	44	11	NA	44	11	317	41.1922	-79.4361
USC00361485	CLARION	20040106	9999	61	-39	NA	61	-39	317	41.1922	-79.4361
USC00361485	CLARION	20040107	9999	-39	-122	NA	-39	-122	317	41.1922	-79.4361
USC00361485	CLARION	20040108	9999	-72	-122	NA	-72	-122	317	41.1922	-79.4361
USC00361485	CLARION	20040109	9999	-28	-94	NA	-28	-94	317	41.1922	-79.4361
USC00361485	CLARION	20040110	9999	-67	-189	NA	-67	-189	317	41.1922	-79.4361
USC00361485	CLARION	20040111	9999	-111	-194	NA	-111	-194	317	41.1922	-79.4361
USC00361485	CLARION	20040112	9999	17	-117	NA	17	-117	317	41.1922	-79.4361
USC00361485	CLARION	20040113	9999	17	-28	NA	17	-28	317	41.1922	-79.4361
USC00361485	CLARION	20040114	9999	6	-128	NA	6	-128	317	41.1922	-79.4361
USC00361485	CLARION	20040115	9999	-72	-117	NA	-72	-117	317	41.1922	-79.4361
USC00361485	CLARION	20040116	9999	-89	-211	NA	-89	-211	317	41.1922	-79.4361
USC00361485	CLARION	20040117	9999	-89	-206	NA	-89	-206	317	41.1922	-79.4361
USC00361485	CLARION	20040118	9999	0	-200	NA	0	-200	317	41.1922	-79.4361
USC00361485	CLARION	20040119	9999	0	-111	NA	0	-111	317	41.1922	-79.4361
USC00361485	CLARION	20040120	9999	-78	-106	NA	-78	-106	317	41.1922	-79.4361
USC00361485	CLARION	20040121	9999	-78	-139	NA	-78	-139	317	41.1922	-79.4361
USC00361485	CLARION	20040122	9999	-11	-144	NA	-11	-144	317	41.1922	-79.4361
USC00361485	CLARION	20040123	9999	-11	-172	NA	-11	-172	317	41.1922	-79.4361
USC00361485	CLARION	20040124	9999	-117	-178	NA	-117	-178	317	41.1922	-79.4361
USC00361485	CLARION	20040125	9999	-83	-244	NA	-83	-244	317	41.1922	-79.4361
USC00361485	CLARION	20040126	9999	-89	-244	NA	-89	-244	317	41.1922	-79.4361
USC00361485	CLARION	20040127	9999	-44	-111	NA	-44	-111	317	41.1922	-79.4361
USC00361485	CLARION	20040128	9999	-11	-83	NA	-11	-83	317	41.1922	-79.4361
USC00361485	CLARION	20040129	9999	-72	-106	NA	-72	-106	317	41.1922	-79.4361
USC00361485	CLARION	20040130	9999	-67	-150	NA	-67	-150	317	41.1922	-79.4361
USC00361485	CLARION	20040131	9999	-106	-156	NA	-106	-156	317	41.1922	-79.4361
USC00361485	CLARION	20050101	9999	111	61	NA	111	61	317	41.1922	-79.4361
USC00361485	CLARION	20050102	9999	78	-17	NA	78	-17	317	41.1922	-79.4361
USC00361485	CLARION	20050103	9999	139	28	NA	139	28	317	41.1922	-79.4361
USC00361485	CLARION	20050104	9999	122	50	NA	122	50	317	41.1922	-79.4361
USC00361485	CLARION	20050105	9999	72	17	NA	72	17	317	41.1922	-79.4361
USC00361485	CLARION	20050106	9999	17	0	NA	17	0	317	41.1922	-79.4361
USC00361485	CLARION	20050107	9999	83	-22	NA	83	-22	317	41.1922	-79.4361
USC00361485	CLARION	20050108	9999	11	-22	NA	11	-22	317	41.1922	-79.4361
USC00361485	CLARION	20050109	9999	22	-22	NA	22	-22	317	41.1922	-79.4361
USC00361485	CLARION	20050110	9999	33	-22	NA	33	-22	317	41.1922	-79.4361
USC00361485	CLARION	20050111	9999	28	-17	NA	28	-17	317	41.1922	-79.4361
USC00361485	CLARION	20050112	9999	28	-6	NA	28	-6	317	41.1922	-79.4361
USC00361485	CLARION	20050113	9999	139	22	NA	139	22	317	41.1922	-79.4361
USC00361485	CLARION	20050114	9999	206	0	NA	206	0	317	41.1922	-79.4361
USC00361485	CLARION	20050115	9999	6	-100	NA	6	-100	317	41.1922	-79.4361
USC00361485	CLARION	20050116	9999	-28	-100	NA	-28	-100	317	41.1922	-79.4361
USC00361485	CLARION	20050117	9999	-39	-128	NA	-39	-128	317	41.1922	-79.4361
USC00361485	CLARION	20050118	9999	-100	-156	NA	-100	-156	317	41.1922	-79.4361
USC00361485	CLARION	20050119	9999	-89	-172	NA	-89	-172	317	41.1922	-79.4361
USC00361485	CLARION	20050120	9999	-22	-94	NA	-22	-94	317	41.1922	-79.4361
USC00361485	CLARION	20050121	9999	-50	-172	NA	-50	-172	317	41.1922	-79.4361
USC00361485	CLARION	20050122	9999	-89	-189	NA	-89	-189	317	41.1922	-79.4361
USC00361485	CLARION	20050123	9999	-67	-150	NA	-67	-150	317	41.1922	-79.4361
USC00361485	CLARION	20050124	9999	-94	-250	NA	-94	-250	317	41.1922	-79.4361
USC00361485	CLARION	20050125	9999	-56	-244	NA	-56	-244	317	41.1922	-79.4361
USC00361485	CLARION	20050126	9999	-6	-61	NA	-6	-61	317	41.1922	-79.4361
USC00361485	CLARION	20050127	9999	17	-172	NA	17	-172	317	41.1922	-79.4361
USC00361485	CLARION	20050128	9999	-72	-222	NA	-72	-222	317	41.1922	-79.4361
USC00361485	CLARION	20050129	9999	-33	-228	NA	-33	-228	317	41.1922	-79.4361
USC00361485	CLARION	20050130	9999	11	-161	NA	11	-161	317	41.1922	-79.4361
USC00361485	CLARION	20050131	9999	50	-133	NA	50	-133	317	41.1922	-79.4361
