STATION	NAME	DATE	SNWD	TMAX	TMIN	SNWD2	TMAX2	TMIN2	ELEV	LAT	LONG
USC00361705	CONFLUENCE	19950101	0	61	-11	0	61	-11	454.2	39.7994	-79.3665
USC00361705	CONFLUENCE	19950102	25	89	-122	25	89	-122	454.2	39.7994	-79.3665
USC00361705	CONFLUENCE	19950103	25	-50	-117	25	-50	-117	454.2	39.7994	-79.3665
USC00361705	CONFLUENCE	19950104	25	-22	-161	25	-22	-161	454.2	39.7994	-79.3665
USC00361705	CONFLUENCE	19950105	25	-67	-211	25	-67	-211	454.2	39.7994	-79.3665
USC00361705	CONFLUENCE	19950106	25	-67	-217	25	-67	-217	454.2	39.7994	-79.3665
USC00361705	CONFLUENCE	19950107	0	56	-183	0	56	-183	454.2	39.7994	-79.3665
USC00361705	CONFLUENCE	19950108	25	39	-94	25	39	-94	454.2	39.7994	-79.3665
USC00361705	CONFLUENCE	19950109	25	0	-111	25	0	-111	454.2	39.7994	-79.3665
USC00361705	CONFLUENCE	19950110	25	28	-100	25	28	-100	454.2	39.7994	-79.3665
USC00361705	CONFLUENCE	19950111	76	0	-100	76	0	-100	454.2	39.7994	-79.3665
USC00361705	CONFLUENCE	19950112	51	22	-67	51	22	-67	454.2	39.7994	-79.3665
USC00361705	CONFLUENCE	19950113	0	61	-17	0	61	-17	454.2	39.7994	-79.3665
USC00361705	CONFLUENCE	19950114	0	172	-44	0	172	-44	454.2	39.7994	-79.3665
USC00361705	CONFLUENCE	19950115	0	178	17	0	178	17	454.2	39.7994	-79.3665
USC00361705	CONFLUENCE	19950116	0	178	-39	0	178	-39	454.2	39.7994	-79.3665
USC00361705	CONFLUENCE	19950117	0	28	-50	0	28	-50	454.2	39.7994	-79.3665
USC00361705	CONFLUENCE	19950118	0	28	-61	0	28	-61	454.2	39.7994	-79.3665
USC00361705	CONFLUENCE	19950119	0	133	-56	0	133	-56	454.2	39.7994	-79.3665
USC00361705	CONFLUENCE	19950120	0	94	-61	0	94	-61	454.2	39.7994	-79.3665
USC00361705	CONFLUENCE	19950121	0	39	-72	0	39	-72	454.2	39.7994	-79.3665
USC00361705	CONFLUENCE	19950122	102	-6	-117	102	-6	-117	454.2	39.7994	-79.3665
USC00361705	CONFLUENCE	19950123	152	-22	-111	152	-22	-111	454.2	39.7994	-79.3665
USC00361705	CONFLUENCE	19950124	178	-11	-117	178	-11	-117	454.2	39.7994	-79.3665
USC00361705	CONFLUENCE	19950125	152	-33	-128	152	-33	-128	454.2	39.7994	-79.3665
USC00361705	CONFLUENCE	19950126	127	-6	-144	127	-6	-144	454.2	39.7994	-79.3665
USC00361705	CONFLUENCE	19950127	127	-22	-133	127	-22	-133	454.2	39.7994	-79.3665
USC00361705	CONFLUENCE	19950128	102	11	-72	102	11	-72	454.2	39.7994	-79.3665
USC00361705	CONFLUENCE	19950129	102	11	-161	102	11	-161	454.2	39.7994	-79.3665
USC00361705	CONFLUENCE	19950130	102	39	-167	102	39	-167	454.2	39.7994	-79.3665
USC00361705	CONFLUENCE	19950131	102	28	-111	102	28	-111	454.2	39.7994	-79.3665
USC00361705	CONFLUENCE	19960101	51	50	-44	51	50	-44	454.2	39.7994	-79.3665
USC00361705	CONFLUENCE	19960102	51	50	-167	51	50	-167	454.2	39.7994	-79.3665
USC00361705	CONFLUENCE	19960103	51	44	-22	51	44	-22	454.2	39.7994	-79.3665
USC00361705	CONFLUENCE	19960104	76	28	-117	76	28	-117	454.2	39.7994	-79.3665
USC00361705	CONFLUENCE	19960105	76	-44	-117	76	-44	-117	454.2	39.7994	-79.3665
USC00361705	CONFLUENCE	19960106	76	-44	-139	76	-44	-139	454.2	39.7994	-79.3665
USC00361705	CONFLUENCE	19960107	203	-28	-133	203	-28	-133	454.2	39.7994	-79.3665
USC00361705	CONFLUENCE	19960108	508	-89	-144	508	-89	-144	454.2	39.7994	-79.3665
USC00361705	CONFLUENCE	19960109	457	-50	-144	457	-50	-144	454.2	39.7994	-79.3665
USC00361705	CONFLUENCE	19960110	533	-28	-122	533	-28	-122	454.2	39.7994	-79.3665
USC00361705	CONFLUENCE	19960111	533	-44	-267	533	-44	-267	454.2	39.7994	-79.3665
USC00361705	CONFLUENCE	19960112	483	-33	-239	483	-33	-239	454.2	39.7994	-79.3665
USC00361705	CONFLUENCE	19960113	533	-28	-111	533	-28	-111	454.2	39.7994	-79.3665
USC00361705	CONFLUENCE	19960114	457	0	-89	457	0	-89	454.2	39.7994	-79.3665
USC00361705	CONFLUENCE	19960115	305	117	-78	305	117	-78	454.2	39.7994	-79.3665
USC00361705	CONFLUENCE	19960116	305	22	-122	305	22	-122	454.2	39.7994	-79.3665
USC00361705	CONFLUENCE	19960117	254	83	-106	254	83	-106	454.2	39.7994	-79.3665
USC00361705	CONFLUENCE	19960118	152	89	-22	152	89	-22	454.2	39.7994	-79.3665
USC00361705	CONFLUENCE	19960119	51	150	-11	51	150	-11	454.2	39.7994	-79.3665
USC00361705	CONFLUENCE	19960120	25	83	-161	25	83	-161	454.2	39.7994	-79.3665
USC00361705	CONFLUENCE	19960121	25	-11	-133	25	-11	-133	454.2	39.7994	-79.3665
USC00361705	CONFLUENCE	19960122	25	17	-156	25	17	-156	454.2	39.7994	-79.3665
USC00361705	CONFLUENCE	19960123	25	78	-122	25	78	-122	454.2	39.7994	-79.3665
USC00361705	CONFLUENCE	19960124	0	50	-50	0	50	-50	454.2	39.7994	-79.3665
USC00361705	CONFLUENCE	19960125	76	100	-100	76	100	-100	454.2	39.7994	-79.3665
USC00361705	CONFLUENCE	19960126	51	-11	-144	51	-11	-144	454.2	39.7994	-79.3665
USC00361705	CONFLUENCE	19960127	0	94	-144	0	94	-144	454.2	39.7994	-79.3665
USC00361705	CONFLUENCE	19960128	25	106	-94	25	106	-94	454.2	39.7994	-79.3665
USC00361705	CONFLUENCE	19960129	25	-11	-106	25	-11	-106	454.2	39.7994	-79.3665
USC00361705	CONFLUENCE	19960130	0	56	-50	0	56	-50	454.2	39.7994	-79.3665
USC00361705	CONFLUENCE	19960131	51	50	-122	51	50	-122	454.2	39.7994	-79.3665
USC00361705	CONFLUENCE	19970101	0	122	6	0	122	6	454.2	39.7994	-79.3665
USC00361705	CONFLUENCE	19970102	0	100	6	0	100	6	454.2	39.7994	-79.3665
USC00361705	CONFLUENCE	19970103	0	139	89	0	139	89	454.2	39.7994	-79.3665
USC00361705	CONFLUENCE	19970104	0	150	83	0	150	83	454.2	39.7994	-79.3665
USC00361705	CONFLUENCE	19970105	0	206	94	0	206	94	454.2	39.7994	-79.3665
USC00361705	CONFLUENCE	19970106	0	167	11	0	167	11	454.2	39.7994	-79.3665
USC00361705	CONFLUENCE	19970107	0	50	-61	0	50	-61	454.2	39.7994	-79.3665
USC00361705	CONFLUENCE	19970108	0	-6	-94	0	-6	-94	454.2	39.7994	-79.3665
USC00361705	CONFLUENCE	19970109	25	-6	-89	25	-6	-89	454.2	39.7994	-79.3665
USC00361705	CONFLUENCE	19970110	51	22	-39	51	22	-39	454.2	39.7994	-79.3665
USC00361705	CONFLUENCE	19970111	76	-6	-133	76	-6	-133	454.2	39.7994	-79.3665
USC00361705	CONFLUENCE	19970112	76	-89	-144	76	-89	-144	454.2	39.7994	-79.3665
USC00361705	CONFLUENCE	19970113	76	-100	-161	76	-100	-161	454.2	39.7994	-79.3665
USC00361705	CONFLUENCE	19970114	76	-61	-161	76	-61	-161	454.2	39.7994	-79.3665
USC00361705	CONFLUENCE	19970115	76	-11	-150	76	-11	-150	454.2	39.7994	-79.3665
USC00361705	CONFLUENCE	19970116	51	61	-150	51	61	-150	454.2	39.7994	-79.3665
USC00361705	CONFLUENCE	19970117	76	33	-189	76	33	-189	454.2	39.7994	-79.3665
USC00361705	CONFLUENCE	19970118	76	-128	-189	76	-128	-189	454.2	39.7994	-79.3665
USC00361705	CONFLUENCE	19970119	102	-128	-211	102	-128	-211	454.2	39.7994	-79.3665
USC00361705	CONFLUENCE	19970120	102	-33	-217	102	-33	-217	454.2	39.7994	-79.3665
USC00361705	CONFLUENCE	19970121	102	17	-89	102	17	-89	454.2	39.7994	-79.3665
USC00361705	CONFLUENCE	19970122	76	89	-94	76	89	-94	454.2	39.7994	-79.3665
USC00361705	CONFLUENCE	19970123	25	122	-22	25	122	-22	454.2	39.7994	-79.3665
USC00361705	CONFLUENCE	19970124	25	56	-11	25	56	-11	454.2	39.7994	-79.3665
USC00361705	CONFLUENCE	19970125	25	78	-17	25	78	-17	454.2	39.7994	-79.3665
USC00361705	CONFLUENCE	19970126	51	78	-100	51	78	-100	454.2	39.7994	-79.3665
USC00361705	CONFLUENCE	19970127	51	-28	-94	51	-28	-94	454.2	39.7994	-79.3665
USC00361705	CONFLUENCE	19970128	25	78	-39	25	78	-39	454.2	39.7994	-79.3665
USC00361705	CONFLUENCE	19970129	25	11	-94	25	11	-94	454.2	39.7994	-79.3665
USC00361705	CONFLUENCE	19970130	25	17	-94	25	17	-94	454.2	39.7994	-79.3665
USC00361705	CONFLUENCE	19970131	25	61	-94	25	61	-94	454.2	39.7994	-79.3665
USC00361705	CONFLUENCE	19980101	279	-39	-189	279	-39	-189	454.2	39.7994	-79.3665
USC00361705	CONFLUENCE	19980102	178	67	-183	178	67	-183	454.2	39.7994	-79.3665
USC00361705	CONFLUENCE	19980103	51	106	50	51	106	50	454.2	39.7994	-79.3665
USC00361705	CONFLUENCE	19980104	0	156	78	0	156	78	454.2	39.7994	-79.3665
USC00361705	CONFLUENCE	19980105	0	178	0	0	178	0	454.2	39.7994	-79.3665
USC00361705	CONFLUENCE	19980106	0	167	-6	0	167	-6	454.2	39.7994	-79.3665
USC00361705	CONFLUENCE	19980107	0	144	67	0	144	67	454.2	39.7994	-79.3665
USC00361705	CONFLUENCE	19980108	0	189	61	0	189	61	454.2	39.7994	-79.3665
USC00361705	CONFLUENCE	19980109	0	161	-50	0	161	-50	454.2	39.7994	-79.3665
USC00361705	CONFLUENCE	19980110	0	83	0	0	83	0	454.2	39.7994	-79.3665
USC00361705	CONFLUENCE	19980111	0	67	-33	0	67	-33	454.2	39.7994	-79.3665
USC00361705	CONFLUENCE	19980112	0	61	-44	0	61	-44	454.2	39.7994	-79.3665
USC00361705	CONFLUENCE	19980113	0	89	-22	0	89	-22	454.2	39.7994	-79.3665
USC00361705	CONFLUENCE	19980114	0	94	-100	0	94	-100	454.2	39.7994	-79.3665
USC00361705	CONFLUENCE	19980115	0	39	-106	0	39	-106	454.2	39.7994	-79.3665
USC00361705	CONFLUENCE	19980116	0	39	11	0	39	11	454.2	39.7994	-79.3665
USC00361705	CONFLUENCE	19980117	0	44	-11	0	44	-11	454.2	39.7994	-79.3665
USC00361705	CONFLUENCE	19980118	51	39	-33	51	39	-33	454.2	39.7994	-79.3665
USC00361705	CONFLUENCE	19980119	25	6	-33	25	6	-33	454.2	39.7994	-79.3665
USC00361705	CONFLUENCE	19980120	51	44	-50	51	44	-50	454.2	39.7994	-79.3665
USC00361705	CONFLUENCE	19980121	25	0	-61	25	0	-61	454.2	39.7994	-79.3665
USC00361705	CONFLUENCE	19980122	0	0	-67	0	0	-67	454.2	39.7994	-79.3665
USC00361705	CONFLUENCE	19980123	0	56	-39	0	56	-39	454.2	39.7994	-79.3665
USC00361705	CONFLUENCE	19980124	0	39	-11	0	39	-11	454.2	39.7994	-79.3665
USC00361705	CONFLUENCE	19980125	0	11	-39	0	11	-39	454.2	39.7994	-79.3665
USC00361705	CONFLUENCE	19980126	0	17	-61	0	17	-61	454.2	39.7994	-79.3665
USC00361705	CONFLUENCE	19980127	0	61	-50	0	61	-50	454.2	39.7994	-79.3665
USC00361705	CONFLUENCE	19980128	51	39	-11	51	39	-11	454.2	39.7994	-79.3665
USC00361705	CONFLUENCE	19980129	25	39	-6	25	39	-6	454.2	39.7994	-79.3665
USC00361705	CONFLUENCE	19980130	0	117	-11	0	117	-11	454.2	39.7994	-79.3665
USC00361705	CONFLUENCE	19980131	0	17	-33	0	17	-33	454.2	39.7994	-79.3665
USC00361705	CONFLUENCE	19990101	102	-44	-122	102	-44	-122	454.2	39.7994	-79.3665
USC00361705	CONFLUENCE	19990102	102	-56	-150	102	-56	-150	454.2	39.7994	-79.3665
USC00361705	CONFLUENCE	19990103	178	11	-111	178	11	-111	454.2	39.7994	-79.3665
USC00361705	CONFLUENCE	19990104	203	28	-111	203	28	-111	454.2	39.7994	-79.3665
USC00361705	CONFLUENCE	19990105	229	-83	-156	229	-83	-156	454.2	39.7994	-79.3665
USC00361705	CONFLUENCE	19990106	203	-83	-233	203	-83	-233	454.2	39.7994	-79.3665
USC00361705	CONFLUENCE	19990107	279	6	-194	279	6	-194	454.2	39.7994	-79.3665
USC00361705	CONFLUENCE	19990108	305	-39	-156	305	-39	-156	454.2	39.7994	-79.3665
USC00361705	CONFLUENCE	19990109	254	44	-100	254	44	-100	454.2	39.7994	-79.3665
USC00361705	CONFLUENCE	19990110	305	28	-150	305	28	-150	454.2	39.7994	-79.3665
USC00361705	CONFLUENCE	19990111	330	-39	-150	330	-39	-150	454.2	39.7994	-79.3665
USC00361705	CONFLUENCE	19990112	229	72	-139	229	72	-139	454.2	39.7994	-79.3665
USC00361705	CONFLUENCE	19990113	178	89	11	178	89	11	454.2	39.7994	-79.3665
USC00361705	CONFLUENCE	19990114	127	72	-22	127	72	-22	454.2	39.7994	-79.3665
USC00361705	CONFLUENCE	19990115	178	11	-44	178	11	-44	454.2	39.7994	-79.3665
USC00361705	CONFLUENCE	19990116	178	-28	-89	178	-28	-89	454.2	39.7994	-79.3665
USC00361705	CONFLUENCE	19990117	127	94	-72	127	94	-72	454.2	39.7994	-79.3665
USC00361705	CONFLUENCE	19990118	102	122	-61	102	122	-61	454.2	39.7994	-79.3665
USC00361705	CONFLUENCE	19990119	102	117	-44	102	117	-44	454.2	39.7994	-79.3665
USC00361705	CONFLUENCE	19990120	76	67	0	76	67	0	454.2	39.7994	-79.3665
USC00361705	CONFLUENCE	19990121	51	61	-17	51	61	-17	454.2	39.7994	-79.3665
USC00361705	CONFLUENCE	19990122	51	39	-11	51	39	-11	454.2	39.7994	-79.3665
USC00361705	CONFLUENCE	19990123	25	139	6	25	139	6	454.2	39.7994	-79.3665
USC00361705	CONFLUENCE	19990124	0	194	72	0	194	72	454.2	39.7994	-79.3665
USC00361705	CONFLUENCE	19990125	0	94	0	0	94	0	454.2	39.7994	-79.3665
USC00361705	CONFLUENCE	19990126	0	33	0	0	33	0	454.2	39.7994	-79.3665
USC00361705	CONFLUENCE	19990127	0	72	-44	0	72	-44	454.2	39.7994	-79.3665
USC00361705	CONFLUENCE	19990128	0	172	-28	0	172	-28	454.2	39.7994	-79.3665
USC00361705	CONFLUENCE	19990129	0	144	6	0	144	6	454.2	39.7994	-79.3665
USC00361705	CONFLUENCE	19990130	0	72	-72	0	72	-72	454.2	39.7994	-79.3665
USC00361705	CONFLUENCE	19990131	0	78	-72	0	78	-72	454.2	39.7994	-79.3665
USC00361705	CONFLUENCE	20000101	0	94	-89	0	94	-89	454.2	39.7994	-79.3665
USC00361705	CONFLUENCE	20000102	0	78	-94	0	78	-94	454.2	39.7994	-79.3665
USC00361705	CONFLUENCE	20000103	0	211	6	0	211	6	454.2	39.7994	-79.3665
USC00361705	CONFLUENCE	20000104	0	178	67	0	178	67	454.2	39.7994	-79.3665
USC00361705	CONFLUENCE	20000105	51	189	-44	51	189	-44	454.2	39.7994	-79.3665
USC00361705	CONFLUENCE	20000106	25	11	-122	25	11	-122	454.2	39.7994	-79.3665
USC00361705	CONFLUENCE	20000107	25	78	-122	25	78	-122	454.2	39.7994	-79.3665
USC00361705	CONFLUENCE	20000108	0	56	-106	0	56	-106	454.2	39.7994	-79.3665
USC00361705	CONFLUENCE	20000109	0	50	-94	0	50	-94	454.2	39.7994	-79.3665
USC00361705	CONFLUENCE	20000110	0	83	-100	0	83	-100	454.2	39.7994	-79.3665
USC00361705	CONFLUENCE	20000111	0	133	11	0	133	11	454.2	39.7994	-79.3665
USC00361705	CONFLUENCE	20000112	0	89	-39	0	89	-39	454.2	39.7994	-79.3665
USC00361705	CONFLUENCE	20000113	0	111	-44	0	111	-44	454.2	39.7994	-79.3665
USC00361705	CONFLUENCE	20000114	0	106	-117	0	106	-117	454.2	39.7994	-79.3665
USC00361705	CONFLUENCE	20000115	0	-44	-156	0	-44	-156	454.2	39.7994	-79.3665
USC00361705	CONFLUENCE	20000116	0	94	-156	0	94	-156	454.2	39.7994	-79.3665
USC00361705	CONFLUENCE	20000117	0	106	-156	0	106	-156	454.2	39.7994	-79.3665
USC00361705	CONFLUENCE	20000118	0	-44	-156	0	-44	-156	454.2	39.7994	-79.3665
USC00361705	CONFLUENCE	20000119	51	-22	-106	51	-22	-106	454.2	39.7994	-79.3665
USC00361705	CONFLUENCE	20000120	127	0	-67	127	0	-67	454.2	39.7994	-79.3665
USC00361705	CONFLUENCE	20000121	229	-17	-150	229	-17	-150	454.2	39.7994	-79.3665
USC00361705	CONFLUENCE	20000122	279	-94	-178	279	-94	-178	454.2	39.7994	-79.3665
USC00361705	CONFLUENCE	20000123	279	-61	-144	279	-61	-144	454.2	39.7994	-79.3665
USC00361705	CONFLUENCE	20000124	254	11	-94	254	11	-94	454.2	39.7994	-79.3665
USC00361705	CONFLUENCE	20000125	229	6	-111	229	6	-111	454.2	39.7994	-79.3665
USC00361705	CONFLUENCE	20000126	229	-56	-122	229	-56	-122	454.2	39.7994	-79.3665
USC00361705	CONFLUENCE	20000127	229	-33	-156	229	-33	-156	454.2	39.7994	-79.3665
USC00361705	CONFLUENCE	20000128	279	-83	-172	279	-83	-172	454.2	39.7994	-79.3665
USC00361705	CONFLUENCE	20000129	279	-61	-211	279	-61	-211	454.2	39.7994	-79.3665
USC00361705	CONFLUENCE	20000130	203	50	-172	203	50	-172	454.2	39.7994	-79.3665
USC00361705	CONFLUENCE	20000131	254	6	-94	254	6	-94	454.2	39.7994	-79.3665
USC00361705	CONFLUENCE	20010101	254	-33	-94	254	-33	-94	454.2	39.7994	-79.3665
USC00361705	CONFLUENCE	20010102	203	-39	-94	203	-39	-94	454.2	39.7994	-79.3665
USC00361705	CONFLUENCE	20010103	203	-44	-139	203	-44	-139	454.2	39.7994	-79.3665
USC00361705	CONFLUENCE	20010104	152	-33	-167	152	-33	-167	454.2	39.7994	-79.3665
USC00361705	CONFLUENCE	20010105	178	-22	-133	178	-22	-133	454.2	39.7994	-79.3665
USC00361705	CONFLUENCE	20010106	152	17	-61	152	17	-61	454.2	39.7994	-79.3665
USC00361705	CONFLUENCE	20010107	152	11	-72	152	11	-72	454.2	39.7994	-79.3665
USC00361705	CONFLUENCE	20010108	127	78	-83	127	78	-83	454.2	39.7994	-79.3665
USC00361705	CONFLUENCE	20010109	127	6	-111	127	6	-111	454.2	39.7994	-79.3665
USC00361705	CONFLUENCE	20010110	127	-50	-111	127	-50	-111	454.2	39.7994	-79.3665
USC00361705	CONFLUENCE	20010111	127	33	-78	127	33	-78	454.2	39.7994	-79.3665
USC00361705	CONFLUENCE	20010112	127	72	-111	127	72	-111	454.2	39.7994	-79.3665
USC00361705	CONFLUENCE	20010113	127	100	-100	127	100	-100	454.2	39.7994	-79.3665
USC00361705	CONFLUENCE	20010114	102	111	-83	102	111	-83	454.2	39.7994	-79.3665
USC00361705	CONFLUENCE	20010115	76	39	-56	76	39	-56	454.2	39.7994	-79.3665
USC00361705	CONFLUENCE	20010116	76	67	-100	76	67	-100	454.2	39.7994	-79.3665
USC00361705	CONFLUENCE	20010117	76	22	-11	76	22	-11	454.2	39.7994	-79.3665
USC00361705	CONFLUENCE	20010118	76	11	-22	76	11	-22	454.2	39.7994	-79.3665
USC00361705	CONFLUENCE	20010119	76	22	-17	76	22	-17	454.2	39.7994	-79.3665
USC00361705	CONFLUENCE	20010120	102	33	-17	102	33	-17	454.2	39.7994	-79.3665
USC00361705	CONFLUENCE	20010121	203	6	-94	203	6	-94	454.2	39.7994	-79.3665
USC00361705	CONFLUENCE	20010122	203	-33	-133	203	-33	-133	454.2	39.7994	-79.3665
USC00361705	CONFLUENCE	20010123	178	28	-156	178	28	-156	454.2	39.7994	-79.3665
USC00361705	CONFLUENCE	20010124	178	56	-161	178	56	-161	454.2	39.7994	-79.3665
USC00361705	CONFLUENCE	20010125	178	39	-106	178	39	-106	454.2	39.7994	-79.3665
USC00361705	CONFLUENCE	20010126	178	-22	-150	178	-22	-150	454.2	39.7994	-79.3665
USC00361705	CONFLUENCE	20010127	152	44	-150	152	44	-150	454.2	39.7994	-79.3665
USC00361705	CONFLUENCE	20010128	229	17	-61	229	17	-61	454.2	39.7994	-79.3665
USC00361705	CONFLUENCE	20010129	229	33	-83	229	33	-83	454.2	39.7994	-79.3665
USC00361705	CONFLUENCE	20010130	203	89	-56	203	89	-56	454.2	39.7994	-79.3665
USC00361705	CONFLUENCE	20010131	127	100	11	127	100	11	454.2	39.7994	-79.3665
USC00361705	CONFLUENCE	20020101	102	-67	-106	102	-67	-106	454.2	39.7994	-79.3665
USC00361705	CONFLUENCE	20020102	102	-50	-156	102	-50	-156	454.2	39.7994	-79.3665
USC00361705	CONFLUENCE	20020103	102	-22	-139	102	-22	-139	454.2	39.7994	-79.3665
USC00361705	CONFLUENCE	20020104	51	0	-128	51	0	-128	454.2	39.7994	-79.3665
USC00361705	CONFLUENCE	20020105	51	-22	-67	51	-22	-67	454.2	39.7994	-79.3665
USC00361705	CONFLUENCE	20020106	51	33	-50	51	33	-50	454.2	39.7994	-79.3665
USC00361705	CONFLUENCE	20020107	279	0	-28	279	0	-28	454.2	39.7994	-79.3665
USC00361705	CONFLUENCE	20020108	305	6	-72	305	6	-72	454.2	39.7994	-79.3665
USC00361705	CONFLUENCE	20020109	305	6	-89	305	6	-89	454.2	39.7994	-79.3665
USC00361705	CONFLUENCE	20020110	203	67	6	203	67	6	454.2	39.7994	-79.3665
USC00361705	CONFLUENCE	20020111	51	89	6	51	89	6	454.2	39.7994	-79.3665
USC00361705	CONFLUENCE	20020112	25	28	-6	25	28	-6	454.2	39.7994	-79.3665
USC00361705	CONFLUENCE	20020113	25	78	-22	25	78	-22	454.2	39.7994	-79.3665
USC00361705	CONFLUENCE	20020114	25	39	-44	25	39	-44	454.2	39.7994	-79.3665
USC00361705	CONFLUENCE	20020115	25	106	-33	25	106	-33	454.2	39.7994	-79.3665
USC00361705	CONFLUENCE	20020116	25	33	-11	25	33	-11	454.2	39.7994	-79.3665
USC00361705	CONFLUENCE	20020117	0	56	-17	0	56	-17	454.2	39.7994	-79.3665
USC00361705	CONFLUENCE	20020118	0	56	-39	0	56	-39	454.2	39.7994	-79.3665
USC00361705	CONFLUENCE	20020119	0	6	-61	0	6	-61	454.2	39.7994	-79.3665
USC00361705	CONFLUENCE	20020120	76	-6	-61	76	-6	-61	454.2	39.7994	-79.3665
USC00361705	CONFLUENCE	20020121	76	-11	-67	76	-11	-67	454.2	39.7994	-79.3665
USC00361705	CONFLUENCE	20020122	25	56	-44	25	56	-44	454.2	39.7994	-79.3665
USC00361705	CONFLUENCE	20020123	25	89	-17	25	89	-17	454.2	39.7994	-79.3665
USC00361705	CONFLUENCE	20020124	0	128	0	0	128	0	454.2	39.7994	-79.3665
USC00361705	CONFLUENCE	20020125	0	128	-22	0	128	-22	454.2	39.7994	-79.3665
USC00361705	CONFLUENCE	20020126	0	67	-44	0	67	-44	454.2	39.7994	-79.3665
USC00361705	CONFLUENCE	20020127	0	106	-50	0	106	-50	454.2	39.7994	-79.3665
USC00361705	CONFLUENCE	20020128	0	150	-50	0	150	-50	454.2	39.7994	-79.3665
USC00361705	CONFLUENCE	20020129	0	172	-39	0	172	-39	454.2	39.7994	-79.3665
USC00361705	CONFLUENCE	20020130	0	183	83	0	183	83	454.2	39.7994	-79.3665
USC00361705	CONFLUENCE	20020131	0	111	61	0	111	61	454.2	39.7994	-79.3665
USC00361705	CONFLUENCE	20030101	0	139	11	0	139	11	454.2	39.7994	-79.3665
USC00361705	CONFLUENCE	20030102	0	67	-6	0	67	-6	454.2	39.7994	-79.3665
USC00361705	CONFLUENCE	20030103	25	28	-6	25	28	-6	454.2	39.7994	-79.3665
USC00361705	CONFLUENCE	20030104	51	11	-44	51	11	-44	454.2	39.7994	-79.3665
USC00361705	CONFLUENCE	20030105	51	-22	-44	51	-22	-44	454.2	39.7994	-79.3665
USC00361705	CONFLUENCE	20030106	76	-17	-44	76	-17	-44	454.2	39.7994	-79.3665
USC00361705	CONFLUENCE	20030107	178	-11	-100	178	-11	-100	454.2	39.7994	-79.3665
USC00361705	CONFLUENCE	20030108	152	17	-100	152	17	-100	454.2	39.7994	-79.3665
USC00361705	CONFLUENCE	20030109	127	78	11	127	78	11	454.2	39.7994	-79.3665
USC00361705	CONFLUENCE	20030110	102	94	0	102	94	0	454.2	39.7994	-79.3665
USC00361705	CONFLUENCE	20030111	127	44	-89	127	44	-89	454.2	39.7994	-79.3665
USC00361705	CONFLUENCE	20030112	127	-44	-106	127	-44	-106	454.2	39.7994	-79.3665
USC00361705	CONFLUENCE	20030113	127	-39	-122	127	-39	-122	454.2	39.7994	-79.3665
USC00361705	CONFLUENCE	20030114	127	-6	-106	127	-6	-106	454.2	39.7994	-79.3665
USC00361705	CONFLUENCE	20030115	152	-6	-106	152	-6	-106	454.2	39.7994	-79.3665
USC00361705	CONFLUENCE	20030116	178	-72	-172	178	-72	-172	454.2	39.7994	-79.3665
USC00361705	CONFLUENCE	20030117	229	-50	-172	229	-50	-172	454.2	39.7994	-79.3665
USC00361705	CONFLUENCE	20030118	229	-56	-206	229	-56	-206	454.2	39.7994	-79.3665
USC00361705	CONFLUENCE	20030119	229	-56	-200	229	-56	-200	454.2	39.7994	-79.3665
USC00361705	CONFLUENCE	20030120	305	33	-94	305	33	-94	454.2	39.7994	-79.3665
USC00361705	CONFLUENCE	20030121	305	-28	-94	305	-28	-94	454.2	39.7994	-79.3665
USC00361705	CONFLUENCE	20030122	305	-28	-217	305	-28	-217	454.2	39.7994	-79.3665
USC00361705	CONFLUENCE	20030123	305	-106	-206	305	-106	-206	454.2	39.7994	-79.3665
USC00361705	CONFLUENCE	20030124	279	-106	-178	279	-106	-178	454.2	39.7994	-79.3665
USC00361705	CONFLUENCE	20030125	279	-78	-111	279	-78	-111	454.2	39.7994	-79.3665
USC00361705	CONFLUENCE	20030126	254	-22	-111	254	-22	-111	454.2	39.7994	-79.3665
USC00361705	CONFLUENCE	20030127	254	-28	-172	254	-28	-172	454.2	39.7994	-79.3665
USC00361705	CONFLUENCE	20030128	254	-111	-172	254	-111	-172	454.2	39.7994	-79.3665
USC00361705	CONFLUENCE	20030129	229	6	-122	229	6	-122	454.2	39.7994	-79.3665
USC00361705	CONFLUENCE	20030130	203	17	-39	203	17	-39	454.2	39.7994	-79.3665
USC00361705	CONFLUENCE	20030131	178	17	-44	178	17	-44	454.2	39.7994	-79.3665
USC00361705	CONFLUENCE	20040101	0	100	-56	0	100	-56	454.2	39.7994	-79.3665
USC00361705	CONFLUENCE	20040102	0	100	-11	0	100	-11	454.2	39.7994	-79.3665
USC00361705	CONFLUENCE	20040103	0	150	56	0	150	56	454.2	39.7994	-79.3665
USC00361705	CONFLUENCE	20040104	0	183	83	0	183	83	454.2	39.7994	-79.3665
USC00361705	CONFLUENCE	20040105	0	83	50	0	83	50	454.2	39.7994	-79.3665
USC00361705	CONFLUENCE	20040106	0	106	-33	0	106	-33	454.2	39.7994	-79.3665
USC00361705	CONFLUENCE	20040107	0	-33	-122	0	-33	-122	454.2	39.7994	-79.3665
USC00361705	CONFLUENCE	20040108	0	-72	-117	0	-72	-117	454.2	39.7994	-79.3665
USC00361705	CONFLUENCE	20040109	25	-33	-83	25	-33	-83	454.2	39.7994	-79.3665
USC00361705	CONFLUENCE	20040110	25	-33	-161	25	-33	-161	454.2	39.7994	-79.3665
USC00361705	CONFLUENCE	20040111	25	-94	-172	25	-94	-172	454.2	39.7994	-79.3665
USC00361705	CONFLUENCE	20040112	0	44	-161	0	44	-161	454.2	39.7994	-79.3665
USC00361705	CONFLUENCE	20040113	0	33	6	0	33	6	454.2	39.7994	-79.3665
USC00361705	CONFLUENCE	20040114	25	11	-67	25	11	-67	454.2	39.7994	-79.3665
USC00361705	CONFLUENCE	20040115	25	33	-67	25	33	-67	454.2	39.7994	-79.3665
USC00361705	CONFLUENCE	20040116	25	-56	-156	25	-56	-156	454.2	39.7994	-79.3665
USC00361705	CONFLUENCE	20040117	25	-78	-161	25	-78	-161	454.2	39.7994	-79.3665
USC00361705	CONFLUENCE	20040118	76	44	-144	76	44	-144	454.2	39.7994	-79.3665
USC00361705	CONFLUENCE	20040119	76	39	-100	76	39	-100	454.2	39.7994	-79.3665
USC00361705	CONFLUENCE	20040120	102	-78	-111	102	-78	-111	454.2	39.7994	-79.3665
USC00361705	CONFLUENCE	20040121	102	-67	-206	102	-67	-206	454.2	39.7994	-79.3665
USC00361705	CONFLUENCE	20040122	102	-11	-200	102	-11	-200	454.2	39.7994	-79.3665
USC00361705	CONFLUENCE	20040123	102	0	-161	102	0	-161	454.2	39.7994	-79.3665
USC00361705	CONFLUENCE	20040124	203	-50	-161	203	-50	-161	454.2	39.7994	-79.3665
USC00361705	CONFLUENCE	20040125	229	-61	-228	229	-61	-228	454.2	39.7994	-79.3665
USC00361705	CONFLUENCE	20040126	279	-100	-217	279	-100	-217	454.2	39.7994	-79.3665
USC00361705	CONFLUENCE	20040127	229	-22	-100	229	-22	-100	454.2	39.7994	-79.3665
USC00361705	CONFLUENCE	20040128	305	-6	-100	305	-6	-100	454.2	39.7994	-79.3665
USC00361705	CONFLUENCE	20040129	356	-61	-100	356	-61	-100	454.2	39.7994	-79.3665
USC00361705	CONFLUENCE	20040130	381	-33	-122	381	-33	-122	454.2	39.7994	-79.3665
USC00361705	CONFLUENCE	20040131	381	-94	-172	381	-94	-172	454.2	39.7994	-79.3665
USC00361705	CONFLUENCE	20050101	0	139	11	0	139	11	454.2	39.7994	-79.3665
USC00361705	CONFLUENCE	20050102	0	150	22	0	150	22	454.2	39.7994	-79.3665
USC00361705	CONFLUENCE	20050103	0	139	39	0	139	39	454.2	39.7994	-79.3665
USC00361705	CONFLUENCE	20050104	0	139	111	0	139	111	454.2	39.7994	-79.3665
USC00361705	CONFLUENCE	20050105	0	111	61	0	111	61	454.2	39.7994	-79.3665
USC00361705	CONFLUENCE	20050106	0	67	28	0	67	28	454.2	39.7994	-79.3665
USC00361705	CONFLUENCE	20050107	0	67	-6	0	67	-6	454.2	39.7994	-79.3665
USC00361705	CONFLUENCE	20050108	0	44	-6	0	44	-6	454.2	39.7994	-79.3665
USC00361705	CONFLUENCE	20050109	0	122	11	0	122	11	454.2	39.7994	-79.3665
USC00361705	CONFLUENCE	20050110	0	89	-17	0	89	-17	454.2	39.7994	-79.3665
USC00361705	CONFLUENCE	20050111	0	78	-6	0	78	-6	454.2	39.7994	-79.3665
USC00361705	CONFLUENCE	20050112	0	106	11	0	106	11	454.2	39.7994	-79.3665
USC00361705	CONFLUENCE	20050113	0	178	56	0	178	56	454.2	39.7994	-79.3665
USC00361705	CONFLUENCE	20050114	0	206	0	0	206	0	454.2	39.7994	-79.3665
USC00361705	CONFLUENCE	20050115	0	11	-72	0	11	-72	454.2	39.7994	-79.3665
USC00361705	CONFLUENCE	20050116	0	17	-72	0	17	-72	454.2	39.7994	-79.3665
USC00361705	CONFLUENCE	20050117	76	17	-133	76	17	-133	454.2	39.7994	-79.3665
USC00361705	CONFLUENCE	20050118	76	-117	-167	76	-117	-167	454.2	39.7994	-79.3665
USC00361705	CONFLUENCE	20050119	76	-89	-161	76	-89	-161	454.2	39.7994	-79.3665
USC00361705	CONFLUENCE	20050120	127	-11	-117	127	-11	-117	454.2	39.7994	-79.3665
USC00361705	CONFLUENCE	20050121	76	-39	-117	76	-39	-117	454.2	39.7994	-79.3665
USC00361705	CONFLUENCE	20050122	76	-50	-150	76	-50	-150	454.2	39.7994	-79.3665
USC00361705	CONFLUENCE	20050123	254	-17	-161	254	-17	-161	454.2	39.7994	-79.3665
USC00361705	CONFLUENCE	20050124	254	-100	-161	254	-100	-161	454.2	39.7994	-79.3665
USC00361705	CONFLUENCE	20050125	254	-44	-206	254	-44	-206	454.2	39.7994	-79.3665
USC00361705	CONFLUENCE	20050126	178	61	-50	178	61	-50	454.2	39.7994	-79.3665
USC00361705	CONFLUENCE	20050127	152	61	-144	152	61	-144	454.2	39.7994	-79.3665
USC00361705	CONFLUENCE	20050128	152	61	-150	152	61	-150	454.2	39.7994	-79.3665
USC00361705	CONFLUENCE	20050129	152	-6	-206	152	-6	-206	454.2	39.7994	-79.3665
USC00361705	CONFLUENCE	20050130	178	17	9999	178	17	NA	454.2	39.7994	-79.3665
USC00361705	CONFLUENCE	20050131	152	33	-106	152	33	-106	454.2	39.7994	-79.3665
