STATION	STATION_NAME	DATE	SNWD	TMAX	TMIN	SNWD2	TMAX2	TMIN2	ELEV	LAT	LONG
USC00301787	CORNING	19950101	0	67	0	0	67	0	349.6	42.134	-77.069
USC00301787	CORNING	19950102	0	33	-56	0	33	-56	349.6	42.134	-77.069
USC00301787	CORNING	19950103	0	-28	-111	0	-28	-111	349.6	42.134	-77.069
USC00301787	CORNING	19950104	0	-44	-139	0	-44	-139	349.6	42.134	-77.069
USC00301787	CORNING	19950105	0	-67	-150	0	-67	-150	349.6	42.134	-77.069
USC00301787	CORNING	19950106	0	0	-139	0	0	-139	349.6	42.134	-77.069
USC00301787	CORNING	19950107	25	-11	-44	25	-11	-44	349.6	42.134	-77.069
USC00301787	CORNING	19950108	0	-6	-78	0	-6	-78	349.6	42.134	-77.069
USC00301787	CORNING	19950109	0	-17	-83	0	-17	-83	349.6	42.134	-77.069
USC00301787	CORNING	19950110	0	-39	-117	0	-39	-117	349.6	42.134	-77.069
USC00301787	CORNING	19950111	0	11	-100	0	11	-100	349.6	42.134	-77.069
USC00301787	CORNING	19950112	0	72	6	0	72	6	349.6	42.134	-77.069
USC00301787	CORNING	19950113	0	172	39	0	172	39	349.6	42.134	-77.069
USC00301787	CORNING	19950114	0	167	28	0	167	28	349.6	42.134	-77.069
USC00301787	CORNING	19950115	0	189	128	0	189	128	349.6	42.134	-77.069
USC00301787	CORNING	19950116	0	139	17	0	139	17	349.6	42.134	-77.069
USC00301787	CORNING	19950117	0	22	-11	0	22	-11	349.6	42.134	-77.069
USC00301787	CORNING	19950118	0	67	-11	0	67	-11	349.6	42.134	-77.069
USC00301787	CORNING	19950119	0	67	39	0	67	39	349.6	42.134	-77.069
USC00301787	CORNING	19950120	0	67	33	0	67	33	349.6	42.134	-77.069
USC00301787	CORNING	19950121	0	44	-17	0	44	-17	349.6	42.134	-77.069
USC00301787	CORNING	19950122	25	-11	-72	25	-11	-72	349.6	42.134	-77.069
USC00301787	CORNING	19950123	51	-17	-89	51	-17	-89	349.6	42.134	-77.069
USC00301787	CORNING	19950124	51	0	-39	51	0	-39	349.6	42.134	-77.069
USC00301787	CORNING	19950125	51	6	-33	51	6	-33	349.6	42.134	-77.069
USC00301787	CORNING	19950126	76	-6	-44	76	-6	-44	349.6	42.134	-77.069
USC00301787	CORNING	19950127	51	-17	-67	51	-17	-67	349.6	42.134	-77.069
USC00301787	CORNING	19950128	51	-44	-150	51	-44	-150	349.6	42.134	-77.069
USC00301787	CORNING	19950129	25	-11	-178	25	-11	-178	349.6	42.134	-77.069
USC00301787	CORNING	19950130	25	17	-150	25	17	-150	349.6	42.134	-77.069
USC00301787	CORNING	19950131	25	44	-72	25	44	-72	349.6	42.134	-77.069
USC00301787	CORNING	19960101	203	6	-33	203	6	-33	349.6	42.134	-77.069
USC00301787	CORNING	19960102	203	-22	-100	203	-22	-100	349.6	42.134	-77.069
USC00301787	CORNING	19960103	457	-83	-133	457	-83	-133	349.6	42.134	-77.069
USC00301787	CORNING	19960104	432	-83	-200	432	-83	-200	349.6	42.134	-77.069
USC00301787	CORNING	19960105	432	-72	-222	432	-72	-222	349.6	42.134	-77.069
USC00301787	CORNING	19960106	406	-111	-278	406	-111	-278	349.6	42.134	-77.069
USC00301787	CORNING	19960107	381	-117	-183	381	-117	-183	349.6	42.134	-77.069
USC00301787	CORNING	19960108	381	-72	-133	381	-72	-133	349.6	42.134	-77.069
USC00301787	CORNING	19960109	381	-61	-167	381	-61	-167	349.6	42.134	-77.069
USC00301787	CORNING	19960110	406	-67	-122	406	-67	-122	349.6	42.134	-77.069
USC00301787	CORNING	19960111	406	-67	-211	406	-67	-211	349.6	42.134	-77.069
USC00301787	CORNING	19960112	381	-50	-100	381	-50	-100	349.6	42.134	-77.069
USC00301787	CORNING	19960113	381	0	-117	381	0	-117	349.6	42.134	-77.069
USC00301787	CORNING	19960114	381	50	-56	381	50	-56	349.6	42.134	-77.069
USC00301787	CORNING	19960115	356	28	-161	356	28	-161	349.6	42.134	-77.069
USC00301787	CORNING	19960116	356	6	-183	356	6	-183	349.6	42.134	-77.069
USC00301787	CORNING	19960117	330	72	-17	330	72	-17	349.6	42.134	-77.069
USC00301787	CORNING	19960118	305	111	0	305	111	0	349.6	42.134	-77.069
USC00301787	CORNING	19960119	76	144	-94	76	144	-94	349.6	42.134	-77.069
USC00301787	CORNING	19960120	25	-39	-106	25	-39	-106	349.6	42.134	-77.069
USC00301787	CORNING	19960121	25	-6	-106	25	-6	-106	349.6	42.134	-77.069
USC00301787	CORNING	19960122	25	33	-111	25	33	-111	349.6	42.134	-77.069
USC00301787	CORNING	19960123	0	33	-39	0	33	-39	349.6	42.134	-77.069
USC00301787	CORNING	19960124	0	44	-39	0	44	-39	349.6	42.134	-77.069
USC00301787	CORNING	19960125	0	-28	-94	0	-28	-94	349.6	42.134	-77.069
USC00301787	CORNING	19960126	0	11	-83	0	11	-83	349.6	42.134	-77.069
USC00301787	CORNING	19960127	0	100	-44	0	100	-44	349.6	42.134	-77.069
USC00301787	CORNING	19960128	0	-28	-94	0	-28	-94	349.6	42.134	-77.069
USC00301787	CORNING	19960129	0	-11	-100	0	-11	-100	349.6	42.134	-77.069
USC00301787	CORNING	19960130	0	22	-89	0	22	-89	349.6	42.134	-77.069
USC00301787	CORNING	19960131	0	-67	-139	0	-67	-139	349.6	42.134	-77.069
USC00301787	CORNING	19970101	0	-39	-144	0	-39	-144	349.6	42.134	-77.069
USC00301787	CORNING	19970102	0	22	-39	0	22	-39	349.6	42.134	-77.069
USC00301787	CORNING	19970103	0	133	17	0	133	17	349.6	42.134	-77.069
USC00301787	CORNING	19970104	0	72	6	0	72	6	349.6	42.134	-77.069
USC00301787	CORNING	19970105	0	122	28	0	122	28	349.6	42.134	-77.069
USC00301787	CORNING	19970106	0	28	-44	0	28	-44	349.6	42.134	-77.069
USC00301787	CORNING	19970107	0	-28	-78	0	-28	-78	349.6	42.134	-77.069
USC00301787	CORNING	19970108	0	-28	-94	0	-28	-94	349.6	42.134	-77.069
USC00301787	CORNING	19970109	0	-11	-111	0	-11	-111	349.6	42.134	-77.069
USC00301787	CORNING	19970110	51	-6	-72	51	-6	-72	349.6	42.134	-77.069
USC00301787	CORNING	19970111	25	-61	-117	25	-61	-117	349.6	42.134	-77.069
USC00301787	CORNING	19970112	25	-61	-122	25	-61	-122	349.6	42.134	-77.069
USC00301787	CORNING	19970113	25	-39	-100	25	-39	-100	349.6	42.134	-77.069
USC00301787	CORNING	19970114	25	-33	-117	25	-33	-117	349.6	42.134	-77.069
USC00301787	CORNING	19970115	25	17	-156	25	17	-156	349.6	42.134	-77.069
USC00301787	CORNING	19970116	0	17	-122	0	17	-122	349.6	42.134	-77.069
USC00301787	CORNING	19970117	25	-122	-178	25	-122	-178	349.6	42.134	-77.069
USC00301787	CORNING	19970118	25	-128	-222	25	-128	-222	349.6	42.134	-77.069
USC00301787	CORNING	19970119	25	-83	-239	25	-83	-239	349.6	42.134	-77.069
USC00301787	CORNING	19970120	25	0	-128	25	0	-128	349.6	42.134	-77.069
USC00301787	CORNING	19970121	51	11	-122	51	11	-122	349.6	42.134	-77.069
USC00301787	CORNING	19970122	25	56	-22	25	56	-22	349.6	42.134	-77.069
USC00301787	CORNING	19970123	0	56	-128	0	56	-128	349.6	42.134	-77.069
USC00301787	CORNING	19970124	0	33	-133	0	33	-133	349.6	42.134	-77.069
USC00301787	CORNING	19970125	0	78	-33	0	78	-33	349.6	42.134	-77.069
USC00301787	CORNING	19970126	25	-33	-133	25	-33	-133	349.6	42.134	-77.069
USC00301787	CORNING	19970127	25	-17	-133	25	-17	-133	349.6	42.134	-77.069
USC00301787	CORNING	19970128	25	11	-89	25	11	-89	349.6	42.134	-77.069
USC00301787	CORNING	19970129	25	-61	-139	25	-61	-139	349.6	42.134	-77.069
USC00301787	CORNING	19970130	25	-11	-139	25	-11	-139	349.6	42.134	-77.069
USC00301787	CORNING	19970131	25	17	-44	25	17	-44	349.6	42.134	-77.069
USC00301787	CORNING	19980101	229	-61	-211	229	-61	-211	349.6	42.134	-77.069
USC00301787	CORNING	19980102	203	78	-78	203	78	-78	349.6	42.134	-77.069
USC00301787	CORNING	19980103	152	89	17	152	89	17	349.6	42.134	-77.069
USC00301787	CORNING	19980104	51	56	6	51	56	6	349.6	42.134	-77.069
USC00301787	CORNING	19980105	25	150	0	25	150	0	349.6	42.134	-77.069
USC00301787	CORNING	19980106	0	150	56	0	150	56	349.6	42.134	-77.069
USC00301787	CORNING	19980107	0	128	56	0	128	56	349.6	42.134	-77.069
USC00301787	CORNING	19980108	0	56	11	0	56	11	349.6	42.134	-77.069
USC00301787	CORNING	19980109	0	100	22	0	100	22	349.6	42.134	-77.069
USC00301787	CORNING	19980110	0	61	-22	0	61	-22	349.6	42.134	-77.069
USC00301787	CORNING	19980111	0	28	-56	0	28	-56	349.6	42.134	-77.069
USC00301787	CORNING	19980112	0	39	-72	0	39	-72	349.6	42.134	-77.069
USC00301787	CORNING	19980113	0	39	-72	0	39	-72	349.6	42.134	-77.069
USC00301787	CORNING	19980114	0	-39	-111	0	-39	-111	349.6	42.134	-77.069
USC00301787	CORNING	19980115	0	11	-83	0	11	-83	349.6	42.134	-77.069
USC00301787	CORNING	19980116	25	6	-44	25	6	-44	349.6	42.134	-77.069
USC00301787	CORNING	19980117	25	-6	-56	25	-6	-56	349.6	42.134	-77.069
USC00301787	CORNING	19980118	76	22	-28	76	22	-28	349.6	42.134	-77.069
USC00301787	CORNING	19980119	76	6	-94	76	6	-94	349.6	42.134	-77.069
USC00301787	CORNING	19980120	76	6	-72	76	6	-72	349.6	42.134	-77.069
USC00301787	CORNING	19980121	76	-22	-94	76	-22	-94	349.6	42.134	-77.069
USC00301787	CORNING	19980122	51	-22	-89	51	-22	-89	349.6	42.134	-77.069
USC00301787	CORNING	19980123	152	11	-39	152	11	-39	349.6	42.134	-77.069
USC00301787	CORNING	19980124	127	6	-22	127	6	-22	349.6	42.134	-77.069
USC00301787	CORNING	19980125	127	6	-67	127	6	-67	349.6	42.134	-77.069
USC00301787	CORNING	19980126	102	11	-94	102	11	-94	349.6	42.134	-77.069
USC00301787	CORNING	19980127	102	22	-72	102	22	-72	349.6	42.134	-77.069
USC00301787	CORNING	19980128	102	33	-22	102	33	-22	349.6	42.134	-77.069
USC00301787	CORNING	19980129	102	89	-83	102	89	-83	349.6	42.134	-77.069
USC00301787	CORNING	19980130	76	28	-17	76	28	-17	349.6	42.134	-77.069
USC00301787	CORNING	19980131	76	22	-72	76	22	-72	349.6	42.134	-77.069
USC00301787	CORNING	19990101	0	-83	-178	0	-83	-178	349.6	42.134	-77.069
USC00301787	CORNING	19990102	0	-78	-200	0	-78	-200	349.6	42.134	-77.069
USC00301787	CORNING	19990103	51	33	-78	51	33	-78	349.6	42.134	-77.069
USC00301787	CORNING	19990104	51	-50	-122	51	-50	-122	349.6	42.134	-77.069
USC00301787	CORNING	19990105	51	-56	-156	51	-56	-156	349.6	42.134	-77.069
USC00301787	CORNING	19990106	51	-39	-167	51	-39	-167	349.6	42.134	-77.069
USC00301787	CORNING	19990107	51	-39	-128	51	-39	-128	349.6	42.134	-77.069
USC00301787	CORNING	19990108	51	-33	-156	51	-33	-156	349.6	42.134	-77.069
USC00301787	CORNING	19990109	76	11	-94	76	11	-94	349.6	42.134	-77.069
USC00301787	CORNING	19990110	102	-56	-183	102	-56	-183	349.6	42.134	-77.069
USC00301787	CORNING	19990111	102	-78	-156	102	-78	-156	349.6	42.134	-77.069
USC00301787	CORNING	19990112	203	-11	-111	203	-11	-111	349.6	42.134	-77.069
USC00301787	CORNING	19990113	203	-33	-172	203	-33	-172	349.6	42.134	-77.069
USC00301787	CORNING	19990114	279	-94	-200	279	-94	-200	349.6	42.134	-77.069
USC00301787	CORNING	19990115	330	-17	-133	330	-17	-133	349.6	42.134	-77.069
USC00301787	CORNING	19990116	356	56	-156	356	56	-156	349.6	42.134	-77.069
USC00301787	CORNING	19990117	305	56	-83	305	56	-83	349.6	42.134	-77.069
USC00301787	CORNING	19990118	279	67	-22	279	67	-22	349.6	42.134	-77.069
USC00301787	CORNING	19990119	254	28	-72	254	28	-72	349.6	42.134	-77.069
USC00301787	CORNING	19990120	229	56	-117	229	56	-117	349.6	42.134	-77.069
USC00301787	CORNING	19990121	229	22	-100	229	22	-100	349.6	42.134	-77.069
USC00301787	CORNING	19990122	203	39	11	203	39	11	349.6	42.134	-77.069
USC00301787	CORNING	19990123	178	133	28	178	133	28	349.6	42.134	-77.069
USC00301787	CORNING	19990124	102	111	-6	102	111	-6	349.6	42.134	-77.069
USC00301787	CORNING	19990125	102	11	-28	102	11	-28	349.6	42.134	-77.069
USC00301787	CORNING	19990126	127	33	-56	127	33	-56	349.6	42.134	-77.069
USC00301787	CORNING	19990127	102	39	-100	102	39	-100	349.6	42.134	-77.069
USC00301787	CORNING	19990128	102	56	-6	102	56	-6	349.6	42.134	-77.069
USC00301787	CORNING	19990129	76	11	-89	76	11	-89	349.6	42.134	-77.069
USC00301787	CORNING	19990130	51	11	-89	51	11	-89	349.6	42.134	-77.069
USC00301787	CORNING	19990131	51	22	-161	51	22	-161	349.6	42.134	-77.069
USC00301787	CORNING	20000101	0	89	-78	0	89	-78	349.6	42.134	-77.069
USC00301787	CORNING	20000102	0	139	-28	0	139	-28	349.6	42.134	-77.069
USC00301787	CORNING	20000103	0	122	33	0	122	33	349.6	42.134	-77.069
USC00301787	CORNING	20000104	0	161	6	0	161	6	349.6	42.134	-77.069
USC00301787	CORNING	20000105	0	6	-83	0	6	-83	349.6	42.134	-77.069
USC00301787	CORNING	20000106	0	22	-89	0	22	-89	349.6	42.134	-77.069
USC00301787	CORNING	20000107	0	44	-44	0	44	-44	349.6	42.134	-77.069
USC00301787	CORNING	20000108	0	50	-83	0	50	-83	349.6	42.134	-77.069
USC00301787	CORNING	20000109	0	78	-33	0	78	-33	349.6	42.134	-77.069
USC00301787	CORNING	20000110	0	61	-28	0	61	-28	349.6	42.134	-77.069
USC00301787	CORNING	20000111	0	67	-11	0	67	-11	349.6	42.134	-77.069
USC00301787	CORNING	20000112	0	33	-28	0	33	-28	349.6	42.134	-77.069
USC00301787	CORNING	20000113	76	-22	-122	76	-22	-122	349.6	42.134	-77.069
USC00301787	CORNING	20000114	152	-89	-178	152	-89	-178	349.6	42.134	-77.069
USC00301787	CORNING	20000115	127	-22	-189	127	-22	-189	349.6	42.134	-77.069
USC00301787	CORNING	20000116	102	33	-133	102	33	-133	349.6	42.134	-77.069
USC00301787	CORNING	20000117	102	-128	-200	102	-128	-200	349.6	42.134	-77.069
USC00301787	CORNING	20000118	102	-106	-222	102	-106	-222	349.6	42.134	-77.069
USC00301787	CORNING	20000119	76	-33	-150	76	-33	-150	349.6	42.134	-77.069
USC00301787	CORNING	20000120	127	-28	-117	127	-28	-117	349.6	42.134	-77.069
USC00301787	CORNING	20000121	203	-117	-189	203	-117	-189	349.6	42.134	-77.069
USC00301787	CORNING	20000122	178	-83	-222	178	-83	-222	349.6	42.134	-77.069
USC00301787	CORNING	20000123	178	-33	-178	178	-33	-178	349.6	42.134	-77.069
USC00301787	CORNING	20000124	178	-6	-61	178	-6	-61	349.6	42.134	-77.069
USC00301787	CORNING	20000125	152	-67	-150	152	-67	-150	349.6	42.134	-77.069
USC00301787	CORNING	20000126	229	-72	-128	229	-72	-128	349.6	42.134	-77.069
USC00301787	CORNING	20000127	229	-111	-183	229	-111	-183	349.6	42.134	-77.069
USC00301787	CORNING	20000128	229	-78	-183	229	-78	-183	349.6	42.134	-77.069
USC00301787	CORNING	20000129	203	-11	-217	203	-11	-217	349.6	42.134	-77.069
USC00301787	CORNING	20000130	178	17	-178	178	17	-178	349.6	42.134	-77.069
USC00301787	CORNING	20000131	305	-6	-89	305	-6	-89	349.6	42.134	-77.069
USC00301787	CORNING	20010101	51	-33	-133	51	-33	-133	349.6	42.134	-77.069
USC00301787	CORNING	20010102	51	-61	-133	51	-61	-133	349.6	42.134	-77.069
USC00301787	CORNING	20010103	51	-11	-106	51	-11	-106	349.6	42.134	-77.069
USC00301787	CORNING	20010104	51	-6	-67	51	-6	-67	349.6	42.134	-77.069
USC00301787	CORNING	20010105	51	-11	-89	51	-11	-89	349.6	42.134	-77.069
USC00301787	CORNING	20010106	76	0	-33	76	0	-33	349.6	42.134	-77.069
USC00301787	CORNING	20010107	51	11	-56	51	11	-56	349.6	42.134	-77.069
USC00301787	CORNING	20010108	51	22	-39	51	22	-39	349.6	42.134	-77.069
USC00301787	CORNING	20010109	51	-39	-100	51	-39	-100	349.6	42.134	-77.069
USC00301787	CORNING	20010110	51	-6	-67	51	-6	-67	349.6	42.134	-77.069
USC00301787	CORNING	20010111	51	44	-67	51	44	-67	349.6	42.134	-77.069
USC00301787	CORNING	20010112	51	17	-72	51	17	-72	349.6	42.134	-77.069
USC00301787	CORNING	20010113	51	56	-94	51	56	-94	349.6	42.134	-77.069
USC00301787	CORNING	20010114	25	22	-44	25	22	-44	349.6	42.134	-77.069
USC00301787	CORNING	20010115	25	39	0	25	39	0	349.6	42.134	-77.069
USC00301787	CORNING	20010116	0	33	11	0	33	11	349.6	42.134	-77.069
USC00301787	CORNING	20010117	0	17	-28	0	17	-28	349.6	42.134	-77.069
USC00301787	CORNING	20010118	0	28	-28	0	28	-28	349.6	42.134	-77.069
USC00301787	CORNING	20010119	0	11	-17	0	11	-17	349.6	42.134	-77.069
USC00301787	CORNING	20010120	51	-17	-100	51	-17	-100	349.6	42.134	-77.069
USC00301787	CORNING	20010121	51	-11	-100	51	-11	-100	349.6	42.134	-77.069
USC00301787	CORNING	20010122	51	6	-100	51	6	-100	349.6	42.134	-77.069
USC00301787	CORNING	20010123	25	39	-117	25	39	-117	349.6	42.134	-77.069
USC00301787	CORNING	20010124	25	28	-33	25	28	-33	349.6	42.134	-77.069
USC00301787	CORNING	20010125	0	-17	-100	0	-17	-100	349.6	42.134	-77.069
USC00301787	CORNING	20010126	0	0	-106	0	0	-106	349.6	42.134	-77.069
USC00301787	CORNING	20010127	0	6	-39	0	6	-39	349.6	42.134	-77.069
USC00301787	CORNING	20010128	0	0	-67	0	0	-67	349.6	42.134	-77.069
USC00301787	CORNING	20010129	0	39	-94	0	39	-94	349.6	42.134	-77.069
USC00301787	CORNING	20010130	0	61	-6	0	61	-6	349.6	42.134	-77.069
USC00301787	CORNING	20010131	0	44	17	0	44	17	349.6	42.134	-77.069
USC00301787	CORNING	20020101	0	-17	-122	0	-17	-122	349.6	42.134	-77.069
USC00301787	CORNING	20020102	0	-6	-128	0	-6	-128	349.6	42.134	-77.069
USC00301787	CORNING	20020103	0	-6	-106	0	-6	-106	349.6	42.134	-77.069
USC00301787	CORNING	20020104	0	6	-89	0	6	-89	349.6	42.134	-77.069
USC00301787	CORNING	20020105	0	39	-11	0	39	-11	349.6	42.134	-77.069
USC00301787	CORNING	20020106	0	11	-22	0	11	-22	349.6	42.134	-77.069
USC00301787	CORNING	20020107	152	-6	-67	152	-6	-67	349.6	42.134	-77.069
USC00301787	CORNING	20020108	152	-17	-111	152	-17	-111	349.6	42.134	-77.069
USC00301787	CORNING	20020109	127	56	-61	127	56	-61	349.6	42.134	-77.069
USC00301787	CORNING	20020110	76	72	6	76	72	6	349.6	42.134	-77.069
USC00301787	CORNING	20020111	51	44	-6	51	44	-6	349.6	42.134	-77.069
USC00301787	CORNING	20020112	51	56	-22	51	56	-22	349.6	42.134	-77.069
USC00301787	CORNING	20020113	25	17	-11	25	17	-11	349.6	42.134	-77.069
USC00301787	CORNING	20020114	0	28	-50	0	28	-50	349.6	42.134	-77.069
USC00301787	CORNING	20020115	0	39	-11	0	39	-11	349.6	42.134	-77.069
USC00301787	CORNING	20020116	0	17	-28	0	17	-28	349.6	42.134	-77.069
USC00301787	CORNING	20020117	25	28	-28	25	28	-28	349.6	42.134	-77.069
USC00301787	CORNING	20020118	0	-6	-94	0	-6	-94	349.6	42.134	-77.069
USC00301787	CORNING	20020119	0	-33	-111	0	-33	-111	349.6	42.134	-77.069
USC00301787	CORNING	20020120	178	0	-144	178	0	-144	349.6	42.134	-77.069
USC00301787	CORNING	20020121	102	33	-61	102	33	-61	349.6	42.134	-77.069
USC00301787	CORNING	20020122	76	72	-28	76	72	-28	349.6	42.134	-77.069
USC00301787	CORNING	20020123	51	83	-11	51	83	-11	349.6	42.134	-77.069
USC00301787	CORNING	20020124	0	72	6	0	72	6	349.6	42.134	-77.069
USC00301787	CORNING	20020125	0	61	-28	0	61	-28	349.6	42.134	-77.069
USC00301787	CORNING	20020126	0	111	-22	0	111	-22	349.6	42.134	-77.069
USC00301787	CORNING	20020127	0	161	-33	0	161	-33	349.6	42.134	-77.069
USC00301787	CORNING	20020128	0	139	-6	0	139	-6	349.6	42.134	-77.069
USC00301787	CORNING	20020129	0	133	6	0	133	6	349.6	42.134	-77.069
USC00301787	CORNING	20020130	0	56	-17	0	56	-17	349.6	42.134	-77.069
USC00301787	CORNING	20020131	25	22	-28	25	22	-28	349.6	42.134	-77.069
USC00301787	CORNING	20030101	51	44	-22	51	44	-22	349.6	42.134	-77.069
USC00301787	CORNING	20030102	102	-22	-72	102	-22	-72	349.6	42.134	-77.069
USC00301787	CORNING	20030103	127	-17	-56	127	-17	-56	349.6	42.134	-77.069
USC00301787	CORNING	20030104	254	0	-33	254	0	-33	349.6	42.134	-77.069
USC00301787	CORNING	20030105	229	-17	-61	229	-17	-61	349.6	42.134	-77.069
USC00301787	CORNING	20030106	229	-11	-50	229	-11	-50	349.6	42.134	-77.069
USC00301787	CORNING	20030107	279	-33	-128	279	-33	-128	349.6	42.134	-77.069
USC00301787	CORNING	20030108	254	22	-39	254	22	-39	349.6	42.134	-77.069
USC00301787	CORNING	20030109	178	56	6	178	56	6	349.6	42.134	-77.069
USC00301787	CORNING	20030110	127	22	-78	127	22	-78	349.6	42.134	-77.069
USC00301787	CORNING	20030111	152	-39	-100	152	-39	-100	349.6	42.134	-77.069
USC00301787	CORNING	20030112	152	-11	-100	152	-11	-100	349.6	42.134	-77.069
USC00301787	CORNING	20030113	152	-17	-111	152	-17	-111	349.6	42.134	-77.069
USC00301787	CORNING	20030114	152	-50	-161	152	-50	-161	349.6	42.134	-77.069
USC00301787	CORNING	20030115	152	-61	-117	152	-61	-117	349.6	42.134	-77.069
USC00301787	CORNING	20030116	127	-50	-111	127	-50	-111	349.6	42.134	-77.069
USC00301787	CORNING	20030117	127	-72	-183	127	-72	-183	349.6	42.134	-77.069
USC00301787	CORNING	20030118	127	-67	-206	127	-67	-206	349.6	42.134	-77.069
USC00301787	CORNING	20030119	127	-39	-133	127	-39	-133	349.6	42.134	-77.069
USC00301787	CORNING	20030120	127	-67	-128	127	-67	-128	349.6	42.134	-77.069
USC00301787	CORNING	20030121	127	-72	-200	127	-72	-200	349.6	42.134	-77.069
USC00301787	CORNING	20030122	127	-100	-189	127	-100	-189	349.6	42.134	-77.069
USC00301787	CORNING	20030123	127	-111	-183	127	-111	-183	349.6	42.134	-77.069
USC00301787	CORNING	20030124	152	-61	-167	152	-61	-167	349.6	42.134	-77.069
USC00301787	CORNING	20030125	152	-39	-122	152	-39	-122	349.6	42.134	-77.069
USC00301787	CORNING	20030126	152	-33	-144	152	-33	-144	349.6	42.134	-77.069
USC00301787	CORNING	20030127	229	-122	-217	229	-122	-217	349.6	42.134	-77.069
USC00301787	CORNING	20030128	203	-50	-222	203	-50	-222	349.6	42.134	-77.069
USC00301787	CORNING	20030129	229	-11	-100	229	-11	-100	349.6	42.134	-77.069
USC00301787	CORNING	20030130	203	0	-189	203	0	-189	349.6	42.134	-77.069
USC00301787	CORNING	20030131	178	22	-139	178	22	-139	349.6	42.134	-77.069
USC00301787	CORNING	20040101	0	44	-28	0	44	-28	349.6	42.134	-77.069
USC00301787	CORNING	20040102	0	67	-17	0	67	-17	349.6	42.134	-77.069
USC00301787	CORNING	20040103	0	167	50	0	167	50	349.6	42.134	-77.069
USC00301787	CORNING	20040104	0	83	-22	0	83	-22	349.6	42.134	-77.069
USC00301787	CORNING	20040105	76	22	-22	76	22	-22	349.6	42.134	-77.069
USC00301787	CORNING	20040106	76	-11	-122	76	-11	-122	349.6	42.134	-77.069
USC00301787	CORNING	20040107	51	-78	-128	51	-78	-128	349.6	42.134	-77.069
USC00301787	CORNING	20040108	102	-44	-111	102	-44	-111	349.6	42.134	-77.069
USC00301787	CORNING	20040109	102	-111	-228	102	-111	-228	349.6	42.134	-77.069
USC00301787	CORNING	20040110	76	-144	-239	76	-144	-239	349.6	42.134	-77.069
USC00301787	CORNING	20040111	76	-28	-217	76	-28	-217	349.6	42.134	-77.069
USC00301787	CORNING	20040112	127	28	-44	127	28	-44	349.6	42.134	-77.069
USC00301787	CORNING	20040113	127	11	-139	127	11	-139	349.6	42.134	-77.069
USC00301787	CORNING	20040114	127	-128	-206	127	-128	-206	349.6	42.134	-77.069
USC00301787	CORNING	20040115	229	-139	-206	229	-139	-206	349.6	42.134	-77.069
USC00301787	CORNING	20040116	203	-89	-217	203	-89	-217	349.6	42.134	-77.069
USC00301787	CORNING	20040117	178	-50	-161	178	-50	-161	349.6	42.134	-77.069
USC00301787	CORNING	20040118	178	0	-78	178	0	-78	349.6	42.134	-77.069
USC00301787	CORNING	20040119	152	-67	-117	152	-67	-117	349.6	42.134	-77.069
USC00301787	CORNING	20040120	152	-67	-111	152	-67	-111	349.6	42.134	-77.069
USC00301787	CORNING	20040121	152	-56	-122	152	-56	-122	349.6	42.134	-77.069
USC00301787	CORNING	20040122	152	-6	-133	152	-6	-133	349.6	42.134	-77.069
USC00301787	CORNING	20040123	152	-106	-183	152	-106	-183	349.6	42.134	-77.069
USC00301787	CORNING	20040124	152	-94	-189	152	-94	-189	349.6	42.134	-77.069
USC00301787	CORNING	20040125	152	-94	-233	152	-94	-233	349.6	42.134	-77.069
USC00301787	CORNING	20040126	152	-94	-150	152	-94	-150	349.6	42.134	-77.069
USC00301787	CORNING	20040127	254	-39	-100	254	-39	-100	349.6	42.134	-77.069
USC00301787	CORNING	20040128	356	-44	-78	356	-44	-78	349.6	42.134	-77.069
USC00301787	CORNING	20040129	305	-67	-139	305	-67	-139	349.6	42.134	-77.069
USC00301787	CORNING	20040130	305	-83	-194	305	-83	-194	349.6	42.134	-77.069
USC00301787	CORNING	20040131	279	-67	-122	279	-67	-122	349.6	42.134	-77.069
USC00301787	CORNING	20050101	0	106	-28	0	106	-28	349.6	42.134	-77.069
USC00301787	CORNING	20050102	0	50	-17	0	50	-17	349.6	42.134	-77.069
USC00301787	CORNING	20050103	0	61	33	0	61	33	349.6	42.134	-77.069
USC00301787	CORNING	20050104	0	39	-11	0	39	-11	349.6	42.134	-77.069
USC00301787	CORNING	20050105	25	6	-50	25	6	-50	349.6	42.134	-77.069
USC00301787	CORNING	20050106	203	28	-56	203	28	-56	349.6	42.134	-77.069
USC00301787	CORNING	20050107	152	17	-39	152	17	-39	349.6	42.134	-77.069
USC00301787	CORNING	20050108	152	17	-39	152	17	-39	349.6	42.134	-77.069
USC00301787	CORNING	20050109	152	0	-33	152	0	-33	349.6	42.134	-77.069
USC00301787	CORNING	20050110	152	33	-28	152	33	-28	349.6	42.134	-77.069
USC00301787	CORNING	20050111	127	0	-28	127	0	-28	349.6	42.134	-77.069
USC00301787	CORNING	20050112	152	33	-6	152	33	-6	349.6	42.134	-77.069
USC00301787	CORNING	20050113	102	156	11	102	156	11	349.6	42.134	-77.069
USC00301787	CORNING	20050114	25	156	-83	25	156	-83	349.6	42.134	-77.069
USC00301787	CORNING	20050115	25	-28	-111	25	-28	-111	349.6	42.134	-77.069
USC00301787	CORNING	20050116	25	-44	-100	25	-44	-100	349.6	42.134	-77.069
USC00301787	CORNING	20050117	76	-67	-128	76	-67	-128	349.6	42.134	-77.069
USC00301787	CORNING	20050118	102	-128	-194	102	-128	-194	349.6	42.134	-77.069
USC00301787	CORNING	20050119	76	-61	-183	76	-61	-183	349.6	42.134	-77.069
USC00301787	CORNING	20050120	102	-44	-150	102	-44	-150	349.6	42.134	-77.069
USC00301787	CORNING	20050121	76	-133	-222	76	-133	-222	349.6	42.134	-77.069
USC00301787	CORNING	20050122	76	-94	-233	76	-94	-233	349.6	42.134	-77.069
USC00301787	CORNING	20050123	229	-122	-178	229	-122	-178	349.6	42.134	-77.069
USC00301787	CORNING	20050124	203	-61	-244	203	-61	-244	349.6	42.134	-77.069
USC00301787	CORNING	20050125	229	-22	-89	229	-22	-89	349.6	42.134	-77.069
USC00301787	CORNING	20050126	229	-28	-128	229	-28	-128	349.6	42.134	-77.069
USC00301787	CORNING	20050127	229	-111	-217	229	-111	-217	349.6	42.134	-77.069
USC00301787	CORNING	20050128	203	-72	-256	203	-72	-256	349.6	42.134	-77.069
USC00301787	CORNING	20050129	203	6	-200	203	6	-200	349.6	42.134	-77.069
USC00301787	CORNING	20050130	178	17	-72	178	17	-72	349.6	42.134	-77.069
USC00301787	CORNING	20050131	178	0	-156	178	0	-156	349.6	42.134	-77.069
