STATION	NAME	DATE	SNWD	TMAX	TMIN	SNWD2	TMAX2	TMIN2	ELEV	LAT	LONG
USC00361838	COWANESQUE	19950101	9999	50	9999	NA	50	NA	350.5	41.9903	-77.1567
USC00361838	COWANESQUE	19950102	9999	-17	-61	NA	-17	-61	350.5	41.9903	-77.1567
USC00361838	COWANESQUE	19950103	9999	-22	-122	NA	-22	-122	350.5	41.9903	-77.1567
USC00361838	COWANESQUE	19950104	9999	-56	-133	NA	-56	-133	350.5	41.9903	-77.1567
USC00361838	COWANESQUE	19950105	9999	-44	-167	NA	-44	-167	350.5	41.9903	-77.1567
USC00361838	COWANESQUE	19950106	9999	0	-161	NA	0	-161	350.5	41.9903	-77.1567
USC00361838	COWANESQUE	19950107	9999	-6	-111	NA	-6	-111	350.5	41.9903	-77.1567
USC00361838	COWANESQUE	19950108	9999	-6	-100	NA	-6	-100	350.5	41.9903	-77.1567
USC00361838	COWANESQUE	19950109	9999	-11	-89	NA	-11	-89	350.5	41.9903	-77.1567
USC00361838	COWANESQUE	19950110	9999	-28	-139	NA	-28	-139	350.5	41.9903	-77.1567
USC00361838	COWANESQUE	19950111	9999	33	-133	NA	33	-133	350.5	41.9903	-77.1567
USC00361838	COWANESQUE	19950112	9999	94	-67	NA	94	-67	350.5	41.9903	-77.1567
USC00361838	COWANESQUE	19950113	9999	178	0	NA	178	0	350.5	41.9903	-77.1567
USC00361838	COWANESQUE	19950114	9999	172	-11	NA	172	-11	350.5	41.9903	-77.1567
USC00361838	COWANESQUE	19950115	9999	189	11	NA	189	11	350.5	41.9903	-77.1567
USC00361838	COWANESQUE	19950116	9999	144	6	NA	144	6	350.5	41.9903	-77.1567
USC00361838	COWANESQUE	19950117	9999	78	-17	NA	78	-17	350.5	41.9903	-77.1567
USC00361838	COWANESQUE	19950118	9999	72	-33	NA	72	-33	350.5	41.9903	-77.1567
USC00361838	COWANESQUE	19950119	9999	67	-22	NA	67	-22	350.5	41.9903	-77.1567
USC00361838	COWANESQUE	19950120	9999	67	17	NA	67	17	350.5	41.9903	-77.1567
USC00361838	COWANESQUE	19950121	9999	33	-22	NA	33	-22	350.5	41.9903	-77.1567
USC00361838	COWANESQUE	19950122	9999	-11	-72	NA	-11	-72	350.5	41.9903	-77.1567
USC00361838	COWANESQUE	19950123	9999	-17	-100	NA	-17	-100	350.5	41.9903	-77.1567
USC00361838	COWANESQUE	19950124	9999	6	-100	NA	6	-100	350.5	41.9903	-77.1567
USC00361838	COWANESQUE	19950125	9999	11	-56	NA	11	-56	350.5	41.9903	-77.1567
USC00361838	COWANESQUE	19950126	9999	0	-72	NA	0	-72	350.5	41.9903	-77.1567
USC00361838	COWANESQUE	19950127	9999	-6	-83	NA	-6	-83	350.5	41.9903	-77.1567
USC00361838	COWANESQUE	19950128	9999	-39	-161	NA	-39	-161	350.5	41.9903	-77.1567
USC00361838	COWANESQUE	19950129	9999	-11	-211	NA	-11	-211	350.5	41.9903	-77.1567
USC00361838	COWANESQUE	19950130	9999	28	-194	NA	28	-194	350.5	41.9903	-77.1567
USC00361838	COWANESQUE	19950131	9999	61	-172	NA	61	-172	350.5	41.9903	-77.1567
USC00361838	COWANESQUE	19960101	9999	39	-89	NA	39	-89	350.5	41.9903	-77.1567
USC00361838	COWANESQUE	19960102	9999	17	-78	NA	17	-78	350.5	41.9903	-77.1567
USC00361838	COWANESQUE	19960103	9999	-50	-133	NA	-50	-133	350.5	41.9903	-77.1567
USC00361838	COWANESQUE	19960104	9999	-78	-256	NA	-78	-256	350.5	41.9903	-77.1567
USC00361838	COWANESQUE	19960105	9999	-56	-267	NA	-56	-267	350.5	41.9903	-77.1567
USC00361838	COWANESQUE	19960106	9999	-78	-328	NA	-78	-328	350.5	41.9903	-77.1567
USC00361838	COWANESQUE	19960107	9999	-111	-322	NA	-111	-322	350.5	41.9903	-77.1567
USC00361838	COWANESQUE	19960108	9999	-111	-183	NA	-111	-183	350.5	41.9903	-77.1567
USC00361838	COWANESQUE	19960109	9999	-72	-206	NA	-72	-206	350.5	41.9903	-77.1567
USC00361838	COWANESQUE	19960110	9999	-56	-206	NA	-56	-206	350.5	41.9903	-77.1567
USC00361838	COWANESQUE	19960111	9999	-56	-250	NA	-56	-250	350.5	41.9903	-77.1567
USC00361838	COWANESQUE	19960112	9999	-78	-239	NA	-78	-239	350.5	41.9903	-77.1567
USC00361838	COWANESQUE	19960113	9999	-39	-161	NA	-39	-161	350.5	41.9903	-77.1567
USC00361838	COWANESQUE	19960114	9999	0	-156	NA	0	-156	350.5	41.9903	-77.1567
USC00361838	COWANESQUE	19960115	9999	44	-56	NA	44	-56	350.5	41.9903	-77.1567
USC00361838	COWANESQUE	19960116	9999	-56	-206	NA	-56	-206	350.5	41.9903	-77.1567
USC00361838	COWANESQUE	19960117	9999	28	-189	NA	28	-189	350.5	41.9903	-77.1567
USC00361838	COWANESQUE	19960118	9999	67	6	NA	67	6	350.5	41.9903	-77.1567
USC00361838	COWANESQUE	19960119	9999	144	33	NA	144	33	350.5	41.9903	-77.1567
USC00361838	COWANESQUE	19960120	9999	100	-111	NA	100	-111	350.5	41.9903	-77.1567
USC00361838	COWANESQUE	19960121	9999	-28	-117	NA	-28	-117	350.5	41.9903	-77.1567
USC00361838	COWANESQUE	19960122	9999	-6	-106	NA	-6	-106	350.5	41.9903	-77.1567
USC00361838	COWANESQUE	19960123	9999	44	-106	NA	44	-106	350.5	41.9903	-77.1567
USC00361838	COWANESQUE	19960124	9999	33	-11	NA	33	-11	350.5	41.9903	-77.1567
USC00361838	COWANESQUE	19960125	9999	56	-78	NA	56	-78	350.5	41.9903	-77.1567
USC00361838	COWANESQUE	19960126	9999	-39	-94	NA	-39	-94	350.5	41.9903	-77.1567
USC00361838	COWANESQUE	19960127	9999	89	-56	NA	89	-56	350.5	41.9903	-77.1567
USC00361838	COWANESQUE	19960128	9999	100	-72	NA	100	-72	350.5	41.9903	-77.1567
USC00361838	COWANESQUE	19960129	9999	-17	-111	NA	-17	-111	350.5	41.9903	-77.1567
USC00361838	COWANESQUE	19960130	9999	-11	-61	NA	-11	-61	350.5	41.9903	-77.1567
USC00361838	COWANESQUE	19960131	9999	22	-144	NA	22	-144	350.5	41.9903	-77.1567
USC00361838	COWANESQUE	19970101	9999	-33	-144	NA	-33	-144	350.5	41.9903	-77.1567
USC00361838	COWANESQUE	19970102	9999	11	-122	NA	11	-122	350.5	41.9903	-77.1567
USC00361838	COWANESQUE	19970103	9999	100	-11	NA	100	-11	350.5	41.9903	-77.1567
USC00361838	COWANESQUE	19970104	9999	150	6	NA	150	6	350.5	41.9903	-77.1567
USC00361838	COWANESQUE	19970105	9999	106	6	NA	106	6	350.5	41.9903	-77.1567
USC00361838	COWANESQUE	19970106	9999	117	6	NA	117	6	350.5	41.9903	-77.1567
USC00361838	COWANESQUE	19970107	9999	-6	-78	NA	-6	-78	350.5	41.9903	-77.1567
USC00361838	COWANESQUE	19970108	9999	-11	-100	NA	-11	-100	350.5	41.9903	-77.1567
USC00361838	COWANESQUE	19970109	9999	-11	-122	NA	-11	-122	350.5	41.9903	-77.1567
USC00361838	COWANESQUE	19970110	9999	0	-94	NA	0	-94	350.5	41.9903	-77.1567
USC00361838	COWANESQUE	19970111	9999	6	-117	NA	6	-117	350.5	41.9903	-77.1567
USC00361838	COWANESQUE	19970112	9999	-56	-133	NA	-56	-133	350.5	41.9903	-77.1567
USC00361838	COWANESQUE	19970113	9999	-50	-128	NA	-50	-128	350.5	41.9903	-77.1567
USC00361838	COWANESQUE	19970114	9999	-22	-111	NA	-22	-111	350.5	41.9903	-77.1567
USC00361838	COWANESQUE	19970115	9999	-22	-144	NA	-22	-144	350.5	41.9903	-77.1567
USC00361838	COWANESQUE	19970116	9999	28	-133	NA	28	-133	350.5	41.9903	-77.1567
USC00361838	COWANESQUE	19970117	9999	17	-172	NA	17	-172	350.5	41.9903	-77.1567
USC00361838	COWANESQUE	19970118	9999	-122	-200	NA	-122	-200	350.5	41.9903	-77.1567
USC00361838	COWANESQUE	19970119	9999	-111	-267	NA	-111	-267	350.5	41.9903	-77.1567
USC00361838	COWANESQUE	19970120	9999	-50	-267	NA	-50	-267	350.5	41.9903	-77.1567
USC00361838	COWANESQUE	19970121	9999	6	-122	NA	6	-122	350.5	41.9903	-77.1567
USC00361838	COWANESQUE	19970122	9999	28	-122	NA	28	-122	350.5	41.9903	-77.1567
USC00361838	COWANESQUE	19970123	9999	61	0	NA	61	0	350.5	41.9903	-77.1567
USC00361838	COWANESQUE	19970124	9999	28	-139	NA	28	-139	350.5	41.9903	-77.1567
USC00361838	COWANESQUE	19970125	9999	56	-139	NA	56	-139	350.5	41.9903	-77.1567
USC00361838	COWANESQUE	19970126	9999	67	-89	NA	67	-89	350.5	41.9903	-77.1567
USC00361838	COWANESQUE	19970127	9999	-39	-139	NA	-39	-139	350.5	41.9903	-77.1567
USC00361838	COWANESQUE	19970128	9999	22	-106	NA	22	-106	350.5	41.9903	-77.1567
USC00361838	COWANESQUE	19970129	9999	-6	-150	NA	-6	-150	350.5	41.9903	-77.1567
USC00361838	COWANESQUE	19970130	9999	-39	-150	NA	-39	-150	350.5	41.9903	-77.1567
USC00361838	COWANESQUE	19970131	9999	6	-122	NA	6	-122	350.5	41.9903	-77.1567
USC00361838	COWANESQUE	19980101	9999	9999	9999	NA	NA	NA	350.5	41.9903	-77.1567
USC00361838	COWANESQUE	19980102	9999	0	-178	NA	0	-178	350.5	41.9903	-77.1567
USC00361838	COWANESQUE	19980103	9999	89	0	NA	89	0	350.5	41.9903	-77.1567
USC00361838	COWANESQUE	19980104	9999	78	11	NA	78	11	350.5	41.9903	-77.1567
USC00361838	COWANESQUE	19980105	9999	50	-6	NA	50	-6	350.5	41.9903	-77.1567
USC00361838	COWANESQUE	19980106	9999	172	-6	NA	172	-6	350.5	41.9903	-77.1567
USC00361838	COWANESQUE	19980107	9999	150	56	NA	150	56	350.5	41.9903	-77.1567
USC00361838	COWANESQUE	19980108	9999	156	50	NA	156	50	350.5	41.9903	-77.1567
USC00361838	COWANESQUE	19980109	9999	67	22	NA	67	22	350.5	41.9903	-77.1567
USC00361838	COWANESQUE	19980110	9999	111	0	NA	111	0	350.5	41.9903	-77.1567
USC00361838	COWANESQUE	19980111	9999	67	-44	NA	67	-44	350.5	41.9903	-77.1567
USC00361838	COWANESQUE	19980112	9999	44	-67	NA	44	-67	350.5	41.9903	-77.1567
USC00361838	COWANESQUE	19980113	9999	44	-56	NA	44	-56	350.5	41.9903	-77.1567
USC00361838	COWANESQUE	19980114	9999	39	-117	NA	39	-117	350.5	41.9903	-77.1567
USC00361838	COWANESQUE	19980115	9999	-28	-111	NA	-28	-111	350.5	41.9903	-77.1567
USC00361838	COWANESQUE	19980116	9999	11	-39	NA	11	-39	350.5	41.9903	-77.1567
USC00361838	COWANESQUE	19980117	9999	-11	-50	NA	-11	-50	350.5	41.9903	-77.1567
USC00361838	COWANESQUE	19980118	9999	0	-56	NA	0	-56	350.5	41.9903	-77.1567
USC00361838	COWANESQUE	19980119	9999	39	-117	NA	39	-117	350.5	41.9903	-77.1567
USC00361838	COWANESQUE	19980120	9999	17	-111	NA	17	-111	350.5	41.9903	-77.1567
USC00361838	COWANESQUE	19980121	9999	22	-111	NA	22	-111	350.5	41.9903	-77.1567
USC00361838	COWANESQUE	19980122	9999	-11	-111	NA	-11	-111	350.5	41.9903	-77.1567
USC00361838	COWANESQUE	19980123	9999	-11	-94	NA	-11	-94	350.5	41.9903	-77.1567
USC00361838	COWANESQUE	19980124	9999	28	-28	NA	28	-28	350.5	41.9903	-77.1567
USC00361838	COWANESQUE	19980125	9999	11	-44	NA	11	-44	350.5	41.9903	-77.1567
USC00361838	COWANESQUE	19980126	9999	11	-106	NA	11	-106	350.5	41.9903	-77.1567
USC00361838	COWANESQUE	19980127	9999	11	-111	NA	11	-111	350.5	41.9903	-77.1567
USC00361838	COWANESQUE	19980128	9999	17	-72	NA	17	-72	350.5	41.9903	-77.1567
USC00361838	COWANESQUE	19980129	9999	39	-89	NA	39	-89	350.5	41.9903	-77.1567
USC00361838	COWANESQUE	19980130	9999	106	-72	NA	106	-72	350.5	41.9903	-77.1567
USC00361838	COWANESQUE	19980131	9999	33	-33	NA	33	-33	350.5	41.9903	-77.1567
USC00361838	COWANESQUE	19990101	9999	-39	-117	NA	-39	-117	350.5	41.9903	-77.1567
USC00361838	COWANESQUE	19990102	9999	-67	-189	NA	-67	-189	350.5	41.9903	-77.1567
USC00361838	COWANESQUE	19990103	9999	22	-94	NA	22	-94	350.5	41.9903	-77.1567
USC00361838	COWANESQUE	19990104	9999	44	-122	NA	44	-122	350.5	41.9903	-77.1567
USC00361838	COWANESQUE	19990105	9999	-44	-167	NA	-44	-167	350.5	41.9903	-77.1567
USC00361838	COWANESQUE	19990106	9999	-44	-161	NA	-44	-161	350.5	41.9903	-77.1567
USC00361838	COWANESQUE	19990107	9999	-22	-139	NA	-22	-139	350.5	41.9903	-77.1567
USC00361838	COWANESQUE	19990108	9999	-39	-161	NA	-39	-161	350.5	41.9903	-77.1567
USC00361838	COWANESQUE	19990109	9999	17	-133	NA	17	-133	350.5	41.9903	-77.1567
USC00361838	COWANESQUE	19990110	9999	-6	-194	NA	-6	-194	350.5	41.9903	-77.1567
USC00361838	COWANESQUE	19990111	9999	-39	-172	NA	-39	-172	350.5	41.9903	-77.1567
USC00361838	COWANESQUE	19990112	9999	-11	-150	NA	-11	-150	350.5	41.9903	-77.1567
USC00361838	COWANESQUE	19990113	9999	11	-78	NA	11	-78	350.5	41.9903	-77.1567
USC00361838	COWANESQUE	19990114	9999	-56	-89	NA	-56	-89	350.5	41.9903	-77.1567
USC00361838	COWANESQUE	19990115	9999	0	-89	NA	0	-89	350.5	41.9903	-77.1567
USC00361838	COWANESQUE	19990116	9999	-6	-189	NA	-6	-189	350.5	41.9903	-77.1567
USC00361838	COWANESQUE	19990117	9999	61	-94	NA	61	-94	350.5	41.9903	-77.1567
USC00361838	COWANESQUE	19990118	9999	72	-78	NA	72	-78	350.5	41.9903	-77.1567
USC00361838	COWANESQUE	19990119	9999	67	-17	NA	67	-17	350.5	41.9903	-77.1567
USC00361838	COWANESQUE	19990120	9999	44	-117	NA	44	-117	350.5	41.9903	-77.1567
USC00361838	COWANESQUE	19990121	9999	72	-111	NA	72	-111	350.5	41.9903	-77.1567
USC00361838	COWANESQUE	19990122	9999	50	-94	NA	50	-94	350.5	41.9903	-77.1567
USC00361838	COWANESQUE	19990123	9999	78	11	NA	78	11	350.5	41.9903	-77.1567
USC00361838	COWANESQUE	19990124	9999	144	100	NA	144	100	350.5	41.9903	-77.1567
USC00361838	COWANESQUE	19990125	9999	189	6	NA	189	6	350.5	41.9903	-77.1567
USC00361838	COWANESQUE	19990126	9999	28	-28	NA	28	-28	350.5	41.9903	-77.1567
USC00361838	COWANESQUE	19990127	9999	50	-89	NA	50	-89	350.5	41.9903	-77.1567
USC00361838	COWANESQUE	19990128	9999	72	-78	NA	72	-78	350.5	41.9903	-77.1567
USC00361838	COWANESQUE	19990129	9999	67	-56	NA	67	-56	350.5	41.9903	-77.1567
USC00361838	COWANESQUE	19990130	9999	6	-78	NA	6	-78	350.5	41.9903	-77.1567
USC00361838	COWANESQUE	19990131	9999	28	-144	NA	28	-144	350.5	41.9903	-77.1567
USC00361838	COWANESQUE	20000101	9999	72	-78	NA	72	-78	350.5	41.9903	-77.1567
USC00361838	COWANESQUE	20000102	9999	100	-50	NA	100	-50	350.5	41.9903	-77.1567
USC00361838	COWANESQUE	20000103	9999	144	0	NA	144	0	350.5	41.9903	-77.1567
USC00361838	COWANESQUE	20000104	9999	150	44	NA	150	44	350.5	41.9903	-77.1567
USC00361838	COWANESQUE	20000105	9999	150	-56	NA	150	-56	350.5	41.9903	-77.1567
USC00361838	COWANESQUE	20000106	9999	0	-89	NA	0	-89	350.5	41.9903	-77.1567
USC00361838	COWANESQUE	20000107	9999	28	-44	NA	28	-44	350.5	41.9903	-77.1567
USC00361838	COWANESQUE	20000108	9999	61	-78	NA	61	-78	350.5	41.9903	-77.1567
USC00361838	COWANESQUE	20000109	9999	44	-56	NA	44	-56	350.5	41.9903	-77.1567
USC00361838	COWANESQUE	20000110	9999	100	-39	NA	100	-39	350.5	41.9903	-77.1567
USC00361838	COWANESQUE	20000111	9999	67	11	NA	67	11	350.5	41.9903	-77.1567
USC00361838	COWANESQUE	20000112	9999	72	-11	NA	72	-11	350.5	41.9903	-77.1567
USC00361838	COWANESQUE	20000113	9999	33	-39	NA	33	-39	350.5	41.9903	-77.1567
USC00361838	COWANESQUE	20000114	9999	-28	-189	NA	-28	-189	350.5	41.9903	-77.1567
USC00361838	COWANESQUE	20000115	9999	-61	-189	NA	-61	-189	350.5	41.9903	-77.1567
USC00361838	COWANESQUE	20000116	9999	-22	-161	NA	-22	-161	350.5	41.9903	-77.1567
USC00361838	COWANESQUE	20000117	9999	33	-194	NA	33	-194	350.5	41.9903	-77.1567
USC00361838	COWANESQUE	20000118	9999	-111	-217	NA	-111	-217	350.5	41.9903	-77.1567
USC00361838	COWANESQUE	20000119	9999	-94	-217	NA	-94	-217	350.5	41.9903	-77.1567
USC00361838	COWANESQUE	20000120	9999	-11	-133	NA	-11	-133	350.5	41.9903	-77.1567
USC00361838	COWANESQUE	20000121	9999	-56	-211	NA	-56	-211	350.5	41.9903	-77.1567
USC00361838	COWANESQUE	20000122	9999	-100	-244	NA	-100	-244	350.5	41.9903	-77.1567
USC00361838	COWANESQUE	20000123	9999	-89	-200	NA	-89	-200	350.5	41.9903	-77.1567
USC00361838	COWANESQUE	20000124	9999	-33	-150	NA	-33	-150	350.5	41.9903	-77.1567
USC00361838	COWANESQUE	20000125	9999	17	-167	NA	17	-167	350.5	41.9903	-77.1567
USC00361838	COWANESQUE	20000126	9999	-61	-144	NA	-61	-144	350.5	41.9903	-77.1567
USC00361838	COWANESQUE	20000127	9999	-56	-206	NA	-56	-206	350.5	41.9903	-77.1567
USC00361838	COWANESQUE	20000128	9999	-89	-206	NA	-89	-206	350.5	41.9903	-77.1567
USC00361838	COWANESQUE	20000129	9999	-61	-233	NA	-61	-233	350.5	41.9903	-77.1567
USC00361838	COWANESQUE	20000130	9999	0	-211	NA	0	-211	350.5	41.9903	-77.1567
USC00361838	COWANESQUE	20000131	9999	22	-167	NA	22	-167	350.5	41.9903	-77.1567
USC00361838	COWANESQUE	20010101	9999	-28	-117	NA	-28	-117	350.5	41.9903	-77.1567
USC00361838	COWANESQUE	20010102	9999	0	-156	NA	0	-156	350.5	41.9903	-77.1567
USC00361838	COWANESQUE	20010103	9999	-44	-117	NA	-44	-117	350.5	41.9903	-77.1567
USC00361838	COWANESQUE	20010104	9999	11	-117	NA	11	-117	350.5	41.9903	-77.1567
USC00361838	COWANESQUE	20010105	9999	-6	-100	NA	-6	-100	350.5	41.9903	-77.1567
USC00361838	COWANESQUE	20010106	9999	0	-56	NA	0	-56	350.5	41.9903	-77.1567
USC00361838	COWANESQUE	20010107	9999	6	-61	NA	6	-61	350.5	41.9903	-77.1567
USC00361838	COWANESQUE	20010108	9999	17	-28	NA	17	-28	350.5	41.9903	-77.1567
USC00361838	COWANESQUE	20010109	9999	17	-122	NA	17	-122	350.5	41.9903	-77.1567
USC00361838	COWANESQUE	20010110	9999	-22	-122	NA	-22	-122	350.5	41.9903	-77.1567
USC00361838	COWANESQUE	20010111	9999	-6	-72	NA	-6	-72	350.5	41.9903	-77.1567
USC00361838	COWANESQUE	20010112	9999	56	-94	NA	56	-94	350.5	41.9903	-77.1567
USC00361838	COWANESQUE	20010113	9999	44	-106	NA	44	-106	350.5	41.9903	-77.1567
USC00361838	COWANESQUE	20010114	9999	89	-111	NA	89	-111	350.5	41.9903	-77.1567
USC00361838	COWANESQUE	20010115	9999	33	-61	NA	33	-61	350.5	41.9903	-77.1567
USC00361838	COWANESQUE	20010116	9999	44	-61	NA	44	-61	350.5	41.9903	-77.1567
USC00361838	COWANESQUE	20010117	9999	39	-61	NA	39	-61	350.5	41.9903	-77.1567
USC00361838	COWANESQUE	20010118	9999	11	-89	NA	11	-89	350.5	41.9903	-77.1567
USC00361838	COWANESQUE	20010119	9999	39	-22	NA	39	-22	350.5	41.9903	-77.1567
USC00361838	COWANESQUE	20010120	9999	17	-67	NA	17	-67	350.5	41.9903	-77.1567
USC00361838	COWANESQUE	20010121	9999	-44	-117	NA	-44	-117	350.5	41.9903	-77.1567
USC00361838	COWANESQUE	20010122	9999	0	-144	NA	0	-144	350.5	41.9903	-77.1567
USC00361838	COWANESQUE	20010123	9999	33	-150	NA	33	-150	350.5	41.9903	-77.1567
USC00361838	COWANESQUE	20010124	9999	50	-139	NA	50	-139	350.5	41.9903	-77.1567
USC00361838	COWANESQUE	20010125	9999	50	-56	NA	50	-56	350.5	41.9903	-77.1567
USC00361838	COWANESQUE	20010126	9999	-6	-122	NA	-6	-122	350.5	41.9903	-77.1567
USC00361838	COWANESQUE	20010127	9999	17	-122	NA	17	-122	350.5	41.9903	-77.1567
USC00361838	COWANESQUE	20010128	9999	17	-89	NA	17	-89	350.5	41.9903	-77.1567
USC00361838	COWANESQUE	20010129	9999	0	-94	NA	0	-94	350.5	41.9903	-77.1567
USC00361838	COWANESQUE	20010130	9999	61	-89	NA	61	-89	350.5	41.9903	-77.1567
USC00361838	COWANESQUE	20010131	9999	67	-6	NA	67	-6	350.5	41.9903	-77.1567
USC00361838	COWANESQUE	20020101	9999	-28	-122	NA	-28	-122	350.5	41.9903	-77.1567
USC00361838	COWANESQUE	20020102	9999	-22	-133	NA	-22	-133	350.5	41.9903	-77.1567
USC00361838	COWANESQUE	20020103	9999	-6	-133	NA	-6	-133	350.5	41.9903	-77.1567
USC00361838	COWANESQUE	20020104	9999	0	-100	NA	0	-100	350.5	41.9903	-77.1567
USC00361838	COWANESQUE	20020105	9999	11	-78	NA	11	-78	350.5	41.9903	-77.1567
USC00361838	COWANESQUE	20020106	9999	39	-22	NA	39	-22	350.5	41.9903	-77.1567
USC00361838	COWANESQUE	20020107	9999	17	-22	NA	17	-22	350.5	41.9903	-77.1567
USC00361838	COWANESQUE	20020108	9999	-11	-106	NA	-11	-106	350.5	41.9903	-77.1567
USC00361838	COWANESQUE	20020109	9999	-11	-100	NA	-11	-100	350.5	41.9903	-77.1567
USC00361838	COWANESQUE	20020110	9999	50	-17	NA	50	-17	350.5	41.9903	-77.1567
USC00361838	COWANESQUE	20020111	9999	67	-17	NA	67	-17	350.5	41.9903	-77.1567
USC00361838	COWANESQUE	20020112	9999	44	-22	NA	44	-22	350.5	41.9903	-77.1567
USC00361838	COWANESQUE	20020113	9999	44	-22	NA	44	-22	350.5	41.9903	-77.1567
USC00361838	COWANESQUE	20020114	9999	11	-50	NA	11	-50	350.5	41.9903	-77.1567
USC00361838	COWANESQUE	20020115	9999	44	-50	NA	44	-50	350.5	41.9903	-77.1567
USC00361838	COWANESQUE	20020116	9999	39	-17	NA	39	-17	350.5	41.9903	-77.1567
USC00361838	COWANESQUE	20020117	9999	17	-28	NA	17	-28	350.5	41.9903	-77.1567
USC00361838	COWANESQUE	20020118	9999	33	-44	NA	33	-44	350.5	41.9903	-77.1567
USC00361838	COWANESQUE	20020119	9999	0	-83	NA	0	-83	350.5	41.9903	-77.1567
USC00361838	COWANESQUE	20020120	9999	-33	-156	NA	-33	-156	350.5	41.9903	-77.1567
USC00361838	COWANESQUE	20020121	9999	-6	-150	NA	-6	-150	350.5	41.9903	-77.1567
USC00361838	COWANESQUE	20020122	9999	28	-28	NA	28	-28	350.5	41.9903	-77.1567
USC00361838	COWANESQUE	20020123	9999	67	-28	NA	67	-28	350.5	41.9903	-77.1567
USC00361838	COWANESQUE	20020124	9999	83	17	NA	83	17	350.5	41.9903	-77.1567
USC00361838	COWANESQUE	20020125	9999	83	-33	NA	83	-33	350.5	41.9903	-77.1567
USC00361838	COWANESQUE	20020126	9999	56	-39	NA	56	-39	350.5	41.9903	-77.1567
USC00361838	COWANESQUE	20020127	9999	100	-44	NA	100	-44	350.5	41.9903	-77.1567
USC00361838	COWANESQUE	20020128	9999	150	-44	NA	150	-44	350.5	41.9903	-77.1567
USC00361838	COWANESQUE	20020129	9999	133	-17	NA	133	-17	350.5	41.9903	-77.1567
USC00361838	COWANESQUE	20020130	9999	144	11	NA	144	11	350.5	41.9903	-77.1567
USC00361838	COWANESQUE	20020131	9999	67	-28	NA	67	-28	350.5	41.9903	-77.1567
USC00361838	COWANESQUE	20030101	9999	89	0	NA	89	0	350.5	41.9903	-77.1567
USC00361838	COWANESQUE	20030102	9999	0	-67	NA	0	-67	350.5	41.9903	-77.1567
USC00361838	COWANESQUE	20030103	9999	-28	-72	NA	-28	-72	350.5	41.9903	-77.1567
USC00361838	COWANESQUE	20030104	9999	-17	-39	NA	-17	-39	350.5	41.9903	-77.1567
USC00361838	COWANESQUE	20030105	9999	6	-83	NA	6	-83	350.5	41.9903	-77.1567
USC00361838	COWANESQUE	20030106	9999	-17	-83	NA	-17	-83	350.5	41.9903	-77.1567
USC00361838	COWANESQUE	20030107	9999	-11	-133	NA	-11	-133	350.5	41.9903	-77.1567
USC00361838	COWANESQUE	20030108	9999	6	-144	NA	6	-144	350.5	41.9903	-77.1567
USC00361838	COWANESQUE	20030109	9999	50	0	NA	50	0	350.5	41.9903	-77.1567
USC00361838	COWANESQUE	20030110	9999	50	-44	NA	50	-44	350.5	41.9903	-77.1567
USC00361838	COWANESQUE	20030111	9999	-28	-106	NA	-28	-106	350.5	41.9903	-77.1567
USC00361838	COWANESQUE	20030112	9999	-33	-89	NA	-33	-89	350.5	41.9903	-77.1567
USC00361838	COWANESQUE	20030113	9999	-28	-106	NA	-28	-106	350.5	41.9903	-77.1567
USC00361838	COWANESQUE	20030114	9999	-17	-156	NA	-17	-156	350.5	41.9903	-77.1567
USC00361838	COWANESQUE	20030115	9999	-56	-156	NA	-56	-156	350.5	41.9903	-77.1567
USC00361838	COWANESQUE	20030116	9999	-61	-128	NA	-61	-128	350.5	41.9903	-77.1567
USC00361838	COWANESQUE	20030117	9999	-50	-133	NA	-50	-133	350.5	41.9903	-77.1567
USC00361838	COWANESQUE	20030118	9999	-50	-217	NA	-50	-217	350.5	41.9903	-77.1567
USC00361838	COWANESQUE	20030119	9999	-50	-194	NA	-50	-194	350.5	41.9903	-77.1567
USC00361838	COWANESQUE	20030120	9999	-50	-117	NA	-50	-117	350.5	41.9903	-77.1567
USC00361838	COWANESQUE	20030121	9999	-72	-200	NA	-72	-200	350.5	41.9903	-77.1567
USC00361838	COWANESQUE	20030122	9999	-72	-200	NA	-72	-200	350.5	41.9903	-77.1567
USC00361838	COWANESQUE	20030123	9999	-106	-206	NA	-106	-206	350.5	41.9903	-77.1567
USC00361838	COWANESQUE	20030124	9999	-106	-194	NA	-106	-194	350.5	41.9903	-77.1567
USC00361838	COWANESQUE	20030125	9999	-61	-194	NA	-61	-194	350.5	41.9903	-77.1567
USC00361838	COWANESQUE	20030126	9999	-44	-106	NA	-44	-106	350.5	41.9903	-77.1567
USC00361838	COWANESQUE	20030127	9999	-28	-222	NA	-28	-222	350.5	41.9903	-77.1567
USC00361838	COWANESQUE	20030128	9999	-122	-228	NA	-122	-228	350.5	41.9903	-77.1567
USC00361838	COWANESQUE	20030129	9999	-44	-161	NA	-44	-161	350.5	41.9903	-77.1567
USC00361838	COWANESQUE	20030130	9999	-11	-194	NA	-11	-194	350.5	41.9903	-77.1567
USC00361838	COWANESQUE	20030131	9999	-11	-206	NA	-11	-206	350.5	41.9903	-77.1567
USC00361838	COWANESQUE	20040101	9999	67	-33	NA	67	-33	350.5	41.9903	-77.1567
USC00361838	COWANESQUE	20040102	9999	56	-28	NA	56	-28	350.5	41.9903	-77.1567
USC00361838	COWANESQUE	20040103	9999	89	22	NA	89	22	350.5	41.9903	-77.1567
USC00361838	COWANESQUE	20040104	9999	161	39	NA	161	39	350.5	41.9903	-77.1567
USC00361838	COWANESQUE	20040105	9999	44	-17	NA	44	-17	350.5	41.9903	-77.1567
USC00361838	COWANESQUE	20040106	9999	22	-44	NA	22	-44	350.5	41.9903	-77.1567
USC00361838	COWANESQUE	20040107	9999	-11	-128	NA	-11	-128	350.5	41.9903	-77.1567
USC00361838	COWANESQUE	20040108	9999	-78	-117	NA	-78	-117	350.5	41.9903	-77.1567
USC00361838	COWANESQUE	20040109	9999	-44	-189	NA	-44	-189	350.5	41.9903	-77.1567
USC00361838	COWANESQUE	20040110	9999	-161	-244	NA	-161	-244	350.5	41.9903	-77.1567
USC00361838	COWANESQUE	20040111	9999	-139	-239	NA	-139	-239	350.5	41.9903	-77.1567
USC00361838	COWANESQUE	20040112	9999	-22	-167	NA	-22	-167	350.5	41.9903	-77.1567
USC00361838	COWANESQUE	20040113	9999	28	-28	NA	28	-28	350.5	41.9903	-77.1567
USC00361838	COWANESQUE	20040114	9999	6	-200	NA	6	-200	350.5	41.9903	-77.1567
USC00361838	COWANESQUE	20040115	9999	-133	-200	NA	-133	-200	350.5	41.9903	-77.1567
USC00361838	COWANESQUE	20040116	9999	-144	-222	NA	-144	-222	350.5	41.9903	-77.1567
USC00361838	COWANESQUE	20040117	9999	-89	-183	NA	-89	-183	350.5	41.9903	-77.1567
USC00361838	COWANESQUE	20040118	9999	-28	-189	NA	-28	-189	350.5	41.9903	-77.1567
USC00361838	COWANESQUE	20040119	9999	6	-122	NA	6	-122	350.5	41.9903	-77.1567
USC00361838	COWANESQUE	20040120	9999	-67	-111	NA	-67	-111	350.5	41.9903	-77.1567
USC00361838	COWANESQUE	20040121	9999	-67	-117	NA	-67	-117	350.5	41.9903	-77.1567
USC00361838	COWANESQUE	20040122	9999	-44	-117	NA	-44	-117	350.5	41.9903	-77.1567
USC00361838	COWANESQUE	20040123	9999	-6	-172	NA	-6	-172	350.5	41.9903	-77.1567
USC00361838	COWANESQUE	20040124	9999	-111	-172	NA	-111	-172	350.5	41.9903	-77.1567
USC00361838	COWANESQUE	20040125	9999	-94	-233	NA	-94	-233	350.5	41.9903	-77.1567
USC00361838	COWANESQUE	20040126	9999	-106	-233	NA	-106	-233	350.5	41.9903	-77.1567
USC00361838	COWANESQUE	20040127	9999	-78	-128	NA	-78	-128	350.5	41.9903	-77.1567
USC00361838	COWANESQUE	20040128	9999	-44	-78	NA	-44	-78	350.5	41.9903	-77.1567
USC00361838	COWANESQUE	20040129	9999	-44	-111	NA	-44	-111	350.5	41.9903	-77.1567
USC00361838	COWANESQUE	20040130	9999	-94	-233	NA	-94	-233	350.5	41.9903	-77.1567
USC00361838	COWANESQUE	20040131	9999	-94	-239	NA	-94	-239	350.5	41.9903	-77.1567
USC00361838	COWANESQUE	20050101	9999	100	33	NA	100	33	350.5	41.9903	-77.1567
USC00361838	COWANESQUE	20050102	9999	67	-33	NA	67	-33	350.5	41.9903	-77.1567
USC00361838	COWANESQUE	20050103	9999	50	-6	NA	50	-6	350.5	41.9903	-77.1567
USC00361838	COWANESQUE	20050104	9999	61	22	NA	61	22	350.5	41.9903	-77.1567
USC00361838	COWANESQUE	20050105	9999	33	-17	NA	33	-17	350.5	41.9903	-77.1567
USC00361838	COWANESQUE	20050106	9999	-17	-50	NA	-17	-50	350.5	41.9903	-77.1567
USC00361838	COWANESQUE	20050107	9999	33	-22	NA	33	-22	350.5	41.9903	-77.1567
USC00361838	COWANESQUE	20050108	9999	-6	-33	NA	-6	-33	350.5	41.9903	-77.1567
USC00361838	COWANESQUE	20050109	9999	17	-22	NA	17	-22	350.5	41.9903	-77.1567
USC00361838	COWANESQUE	20050110	9999	17	-22	NA	17	-22	350.5	41.9903	-77.1567
USC00361838	COWANESQUE	20050111	9999	33	-33	NA	33	-33	350.5	41.9903	-77.1567
USC00361838	COWANESQUE	20050112	9999	22	-22	NA	22	-22	350.5	41.9903	-77.1567
USC00361838	COWANESQUE	20050113	9999	56	17	NA	56	17	350.5	41.9903	-77.1567
USC00361838	COWANESQUE	20050114	9999	139	0	NA	139	0	350.5	41.9903	-77.1567
USC00361838	COWANESQUE	20050115	9999	11	-100	NA	11	-100	350.5	41.9903	-77.1567
USC00361838	COWANESQUE	20050116	9999	-22	-94	NA	-22	-94	350.5	41.9903	-77.1567
USC00361838	COWANESQUE	20050117	9999	-44	-111	NA	-44	-111	350.5	41.9903	-77.1567
USC00361838	COWANESQUE	20050118	9999	-72	-178	NA	-72	-178	350.5	41.9903	-77.1567
USC00361838	COWANESQUE	20050119	9999	-111	-189	NA	-111	-189	350.5	41.9903	-77.1567
USC00361838	COWANESQUE	20050120	9999	-44	-111	NA	-44	-111	350.5	41.9903	-77.1567
USC00361838	COWANESQUE	20050121	9999	-72	-206	NA	-72	-206	350.5	41.9903	-77.1567
USC00361838	COWANESQUE	20050122	9999	-133	-228	NA	-133	-228	350.5	41.9903	-77.1567
USC00361838	COWANESQUE	20050123	9999	-89	-194	NA	-89	-194	350.5	41.9903	-77.1567
USC00361838	COWANESQUE	20050124	9999	-128	-272	NA	-128	-272	350.5	41.9903	-77.1567
USC00361838	COWANESQUE	20050125	9999	-56	-267	NA	-56	-267	350.5	41.9903	-77.1567
USC00361838	COWANESQUE	20050126	9999	-22	-56	NA	-22	-56	350.5	41.9903	-77.1567
USC00361838	COWANESQUE	20050127	9999	-22	-150	NA	-22	-150	350.5	41.9903	-77.1567
USC00361838	COWANESQUE	20050128	9999	-117	-267	NA	-117	-267	350.5	41.9903	-77.1567
USC00361838	COWANESQUE	20050129	9999	-78	-267	NA	-78	-267	350.5	41.9903	-77.1567
USC00361838	COWANESQUE	20050130	9999	0	-222	NA	0	-222	350.5	41.9903	-77.1567
USC00361838	COWANESQUE	20050131	9999	6	-167	NA	6	-167	350.5	41.9903	-77.1567
