STATION	NAME	DATE	SNWD	TMAX	TMIN	SNWD2	TMAX2	TMIN2	ELEV	LAT	LONG
USC00182282	CUMBERLAND	19950101	9999	67	-39	NA	67	-39	222.5	39.63333	-78.75
USC00182282	CUMBERLAND	19950102	9999	67	-72	NA	67	-72	222.5	39.63333	-78.75
USC00182283	CUMBERLAND	19950103	9999	-11	-78	NA	-11	-78	222.5	39.63333	-78.75
USC00182284	CUMBERLAND	19950104	9999	-11	-139	NA	-11	-139	222.5	39.63333	-78.75
USC00182285	CUMBERLAND	19950105	9999	-28	-139	NA	-28	-139	222.5	39.63333	-78.75
USC00182286	CUMBERLAND	19950106	9999	22	-111	NA	22	-111	222.5	39.63333	-78.75
USC00182287	CUMBERLAND	19950107	9999	44	-22	NA	44	-22	222.5	39.63333	-78.75
USC00182288	CUMBERLAND	19950108	9999	28	-17	NA	28	-17	222.5	39.63333	-78.75
USC00182289	CUMBERLAND	19950109	9999	72	-39	NA	72	-39	222.5	39.63333	-78.75
USC00182290	CUMBERLAND	19950110	9999	44	-39	NA	44	-39	222.5	39.63333	-78.75
USC00182291	CUMBERLAND	19950111	9999	0	-22	NA	0	-22	222.5	39.63333	-78.75
USC00182292	CUMBERLAND	19950112	9999	50	-6	NA	50	-6	222.5	39.63333	-78.75
USC00182293	CUMBERLAND	19950113	9999	144	17	NA	144	17	222.5	39.63333	-78.75
USC00182294	CUMBERLAND	19950114	9999	189	44	NA	189	44	222.5	39.63333	-78.75
USC00182295	CUMBERLAND	19950115	9999	178	50	NA	178	50	222.5	39.63333	-78.75
USC00182296	CUMBERLAND	19950116	9999	144	33	NA	144	33	222.5	39.63333	-78.75
USC00182297	CUMBERLAND	19950117	9999	61	33	NA	61	33	222.5	39.63333	-78.75
USC00182298	CUMBERLAND	19950118	9999	128	50	NA	128	50	222.5	39.63333	-78.75
USC00182299	CUMBERLAND	19950119	9999	100	56	NA	100	56	222.5	39.63333	-78.75
USC00182300	CUMBERLAND	19950120	9999	61	6	NA	61	6	222.5	39.63333	-78.75
USC00182301	CUMBERLAND	19950121	9999	33	-39	NA	33	-39	222.5	39.63333	-78.75
USC00182302	CUMBERLAND	19950122	9999	-6	-39	NA	-6	-39	222.5	39.63333	-78.75
USC00182303	CUMBERLAND	19950123	9999	11	-33	NA	11	-33	222.5	39.63333	-78.75
USC00182304	CUMBERLAND	19950124	9999	17	-44	NA	17	-44	222.5	39.63333	-78.75
USC00182305	CUMBERLAND	19950125	9999	28	-56	NA	28	-56	222.5	39.63333	-78.75
USC00182306	CUMBERLAND	19950126	9999	0	-67	NA	0	-67	222.5	39.63333	-78.75
USC00182307	CUMBERLAND	19950127	9999	44	-67	NA	44	-67	222.5	39.63333	-78.75
USC00182308	CUMBERLAND	19950128	9999	17	-94	NA	17	-94	222.5	39.63333	-78.75
USC00182309	CUMBERLAND	19950129	9999	22	-94	NA	22	-94	222.5	39.63333	-78.75
USC00182310	CUMBERLAND	19950130	9999	11	-33	NA	11	-33	222.5	39.63333	-78.75
USC00182311	CUMBERLAND	19950131	9999	67	-33	NA	67	-33	222.5	39.63333	-78.75
USC00182312	CUMBERLAND	19960101	9999	44	17	NA	44	17	222.5	39.63333	-78.75
USC00182313	CUMBERLAND	19960102	9999	28	6	NA	28	6	222.5	39.63333	-78.75
USC00182314	CUMBERLAND	19960103	9999	33	-72	NA	33	-72	222.5	39.63333	-78.75
USC00182315	CUMBERLAND	19960104	9999	-17	-72	NA	-17	-72	222.5	39.63333	-78.75
USC00182316	CUMBERLAND	19960105	9999	-11	-83	NA	-11	-83	222.5	39.63333	-78.75
USC00182317	CUMBERLAND	19960106	9999	-39	-106	NA	-39	-106	222.5	39.63333	-78.75
USC00182318	CUMBERLAND	19960107	9999	-61	-106	NA	-61	-106	222.5	39.63333	-78.75
USC00182319	CUMBERLAND	19960108	9999	-39	-94	NA	-39	-94	222.5	39.63333	-78.75
USC00182320	CUMBERLAND	19960109	9999	-6	-83	NA	-6	-83	222.5	39.63333	-78.75
USC00182321	CUMBERLAND	19960110	9999	-11	-156	NA	-11	-156	222.5	39.63333	-78.75
USC00182322	CUMBERLAND	19960111	9999	-61	-150	NA	-61	-150	222.5	39.63333	-78.75
USC00182323	CUMBERLAND	19960112	9999	-17	-83	NA	-17	-83	222.5	39.63333	-78.75
USC00182324	CUMBERLAND	19960113	9999	39	-44	NA	39	-44	222.5	39.63333	-78.75
USC00182325	CUMBERLAND	19960114	9999	139	-44	NA	139	-44	222.5	39.63333	-78.75
USC00182326	CUMBERLAND	19960115	9999	117	-39	NA	117	-39	222.5	39.63333	-78.75
USC00182327	CUMBERLAND	19960116	9999	56	-39	NA	56	-39	222.5	39.63333	-78.75
USC00182328	CUMBERLAND	19960117	9999	61	-11	NA	61	-11	222.5	39.63333	-78.75
USC00182329	CUMBERLAND	19960118	9999	128	0	NA	128	0	222.5	39.63333	-78.75
USC00182330	CUMBERLAND	19960119	9999	128	-122	NA	128	-122	222.5	39.63333	-78.75
USC00182331	CUMBERLAND	19960120	9999	-11	-117	NA	-11	-117	222.5	39.63333	-78.75
USC00182332	CUMBERLAND	19960121	9999	0	-100	NA	0	-100	222.5	39.63333	-78.75
USC00182333	CUMBERLAND	19960122	9999	61	-100	NA	61	-100	222.5	39.63333	-78.75
USC00182334	CUMBERLAND	19960123	9999	28	-22	NA	28	-22	222.5	39.63333	-78.75
USC00182335	CUMBERLAND	19960124	9999	83	-50	NA	83	-50	222.5	39.63333	-78.75
USC00182336	CUMBERLAND	19960125	9999	17	-83	NA	17	-83	222.5	39.63333	-78.75
USC00182337	CUMBERLAND	19960126	9999	67	-83	NA	67	-83	222.5	39.63333	-78.75
USC00182338	CUMBERLAND	19960127	9999	67	-56	NA	67	-56	222.5	39.63333	-78.75
USC00182339	CUMBERLAND	19960128	9999	0	-56	NA	0	-56	222.5	39.63333	-78.75
USC00182340	CUMBERLAND	19960129	9999	28	-22	NA	28	-22	222.5	39.63333	-78.75
USC00182341	CUMBERLAND	19960130	9999	67	-61	NA	67	-61	222.5	39.63333	-78.75
USC00182342	CUMBERLAND	19960131	9999	28	-117	NA	28	-117	222.5	39.63333	-78.75
USC00182343	CUMBERLAND	19970101	9999	89	-17	NA	89	-17	222.5	39.63333	-78.75
USC00182344	CUMBERLAND	19970102	9999	161	-6	NA	161	-6	222.5	39.63333	-78.75
USC00182345	CUMBERLAND	19970103	9999	178	111	NA	178	111	222.5	39.63333	-78.75
USC00182346	CUMBERLAND	19970104	9999	233	111	NA	233	111	222.5	39.63333	-78.75
USC00182347	CUMBERLAND	19970105	9999	200	39	NA	200	39	222.5	39.63333	-78.75
USC00182348	CUMBERLAND	19970106	9999	128	-33	NA	128	-33	222.5	39.63333	-78.75
USC00182349	CUMBERLAND	19970107	9999	44	-67	NA	44	-67	222.5	39.63333	-78.75
USC00182350	CUMBERLAND	19970108	9999	28	-67	NA	28	-67	222.5	39.63333	-78.75
USC00182351	CUMBERLAND	19970109	9999	22	-44	NA	22	-44	222.5	39.63333	-78.75
USC00182352	CUMBERLAND	19970110	9999	22	-106	NA	22	-106	222.5	39.63333	-78.75
USC00182353	CUMBERLAND	19970111	9999	-17	-111	NA	-17	-111	222.5	39.63333	-78.75
USC00182354	CUMBERLAND	19970112	9999	-50	-111	NA	-50	-111	222.5	39.63333	-78.75
USC00182355	CUMBERLAND	19970113	9999	-33	-111	NA	-33	-111	222.5	39.63333	-78.75
USC00182356	CUMBERLAND	19970114	9999	17	-117	NA	17	-117	222.5	39.63333	-78.75
USC00182357	CUMBERLAND	19970115	9999	39	-117	NA	39	-117	222.5	39.63333	-78.75
USC00182358	CUMBERLAND	19970116	9999	39	-167	NA	39	-167	222.5	39.63333	-78.75
USC00182359	CUMBERLAND	19970117	9999	-67	-167	NA	-67	-167	222.5	39.63333	-78.75
USC00182360	CUMBERLAND	19970118	9999	-100	-172	NA	-100	-172	222.5	39.63333	-78.75
USC00182361	CUMBERLAND	19970119	9999	-11	-172	NA	-11	-172	222.5	39.63333	-78.75
USC00182362	CUMBERLAND	19970120	9999	39	-44	NA	39	-44	222.5	39.63333	-78.75
USC00182363	CUMBERLAND	19970121	9999	78	-44	NA	78	-44	222.5	39.63333	-78.75
USC00182364	CUMBERLAND	19970122	9999	83	-17	NA	83	-17	222.5	39.63333	-78.75
USC00182365	CUMBERLAND	19970123	9999	83	-28	NA	83	-28	222.5	39.63333	-78.75
USC00182366	CUMBERLAND	19970124	9999	17	-22	NA	17	-22	222.5	39.63333	-78.75
USC00182367	CUMBERLAND	19970125	9999	61	-67	NA	61	-67	222.5	39.63333	-78.75
USC00182368	CUMBERLAND	19970126	9999	6	-72	NA	6	-72	222.5	39.63333	-78.75
USC00182369	CUMBERLAND	19970127	9999	44	-28	NA	44	-28	222.5	39.63333	-78.75
USC00182370	CUMBERLAND	19970128	9999	44	-72	NA	44	-72	222.5	39.63333	-78.75
USC00182371	CUMBERLAND	19970129	9999	28	-83	NA	28	-83	222.5	39.63333	-78.75
USC00182372	CUMBERLAND	19970130	9999	39	-83	NA	39	-83	222.5	39.63333	-78.75
USC00182373	CUMBERLAND	19970131	9999	106	-50	NA	106	-50	222.5	39.63333	-78.75
USC00182374	CUMBERLAND	19980101	9999	83	-144	NA	83	-144	222.5	39.63333	-78.75
USC00182375	CUMBERLAND	19980102	9999	139	17	NA	139	17	222.5	39.63333	-78.75
USC00182376	CUMBERLAND	19980103	9999	183	39	NA	183	39	222.5	39.63333	-78.75
USC00182377	CUMBERLAND	19980104	9999	189	11	NA	189	11	222.5	39.63333	-78.75
USC00182378	CUMBERLAND	19980105	9999	156	11	NA	156	11	222.5	39.63333	-78.75
USC00182379	CUMBERLAND	19980106	9999	144	89	NA	144	89	222.5	39.63333	-78.75
USC00182380	CUMBERLAND	19980107	9999	167	111	NA	167	111	222.5	39.63333	-78.75
USC00182381	CUMBERLAND	19980108	9999	172	94	NA	172	94	222.5	39.63333	-78.75
USC00182382	CUMBERLAND	19980109	9999	150	28	NA	150	28	222.5	39.63333	-78.75
USC00182383	CUMBERLAND	19980110	9999	106	0	NA	106	0	222.5	39.63333	-78.75
USC00182384	CUMBERLAND	19980111	9999	100	-11	NA	100	-11	222.5	39.63333	-78.75
USC00182385	CUMBERLAND	19980112	9999	78	0	NA	78	0	222.5	39.63333	-78.75
USC00182386	CUMBERLAND	19980113	9999	67	-72	NA	67	-72	222.5	39.63333	-78.75
USC00182387	CUMBERLAND	19980114	9999	33	-67	NA	33	-67	222.5	39.63333	-78.75
USC00182388	CUMBERLAND	19980115	9999	6	-17	NA	6	-17	222.5	39.63333	-78.75
USC00182389	CUMBERLAND	19980116	9999	56	6	NA	56	6	222.5	39.63333	-78.75
USC00182390	CUMBERLAND	19980117	9999	33	6	NA	33	6	222.5	39.63333	-78.75
USC00182391	CUMBERLAND	19980118	9999	33	6	NA	33	6	222.5	39.63333	-78.75
USC00182392	CUMBERLAND	19980119	9999	72	-28	NA	72	-28	222.5	39.63333	-78.75
USC00182393	CUMBERLAND	19980120	9999	33	-50	NA	33	-50	222.5	39.63333	-78.75
USC00182394	CUMBERLAND	19980121	9999	28	-44	NA	28	-44	222.5	39.63333	-78.75
USC00182395	CUMBERLAND	19980122	9999	44	-22	NA	44	-22	222.5	39.63333	-78.75
USC00182396	CUMBERLAND	19980123	9999	28	0	NA	28	0	222.5	39.63333	-78.75
USC00182397	CUMBERLAND	19980124	9999	28	-6	NA	28	-6	222.5	39.63333	-78.75
USC00182398	CUMBERLAND	19980125	9999	39	-33	NA	39	-33	222.5	39.63333	-78.75
USC00182399	CUMBERLAND	19980126	9999	67	-33	NA	67	-33	222.5	39.63333	-78.75
USC00182400	CUMBERLAND	19980127	9999	33	6	NA	33	6	222.5	39.63333	-78.75
USC00182401	CUMBERLAND	19980128	9999	50	-22	NA	50	-22	222.5	39.63333	-78.75
USC00182402	CUMBERLAND	19980129	9999	133	-17	NA	133	-17	222.5	39.63333	-78.75
USC00182403	CUMBERLAND	19980130	9999	83	0	NA	83	0	222.5	39.63333	-78.75
USC00182404	CUMBERLAND	19980131	9999	56	-67	NA	56	-67	222.5	39.63333	-78.75
USC00182405	CUMBERLAND	19990101	9999	-33	-100	NA	-33	-100	222.5	39.63333	-78.75
USC00182406	CUMBERLAND	19990102	9999	-28	-100	NA	-28	-100	222.5	39.63333	-78.75
USC00182407	CUMBERLAND	19990103	9999	28	-83	NA	28	-83	222.5	39.63333	-78.75
USC00182408	CUMBERLAND	19990104	9999	-22	-122	NA	-22	-122	222.5	39.63333	-78.75
USC00182409	CUMBERLAND	19990105	9999	-56	-178	NA	-56	-178	222.5	39.63333	-78.75
USC00182410	CUMBERLAND	19990106	9999	17	-167	NA	17	-167	222.5	39.63333	-78.75
USC00182411	CUMBERLAND	19990107	9999	17	-83	NA	17	-83	222.5	39.63333	-78.75
USC00182412	CUMBERLAND	19990108	9999	-22	-78	NA	-22	-78	222.5	39.63333	-78.75
USC00182413	CUMBERLAND	19990109	9999	17	-133	NA	17	-133	222.5	39.63333	-78.75
USC00182414	CUMBERLAND	19990110	9999	-11	-133	NA	-11	-133	222.5	39.63333	-78.75
USC00182415	CUMBERLAND	19990111	9999	50	-94	NA	50	-94	222.5	39.63333	-78.75
USC00182416	CUMBERLAND	19990112	9999	106	17	NA	106	17	222.5	39.63333	-78.75
USC00182417	CUMBERLAND	19990113	9999	67	-39	NA	67	-39	222.5	39.63333	-78.75
USC00182418	CUMBERLAND	19990114	9999	39	-50	NA	39	-50	222.5	39.63333	-78.75
USC00182419	CUMBERLAND	19990115	9999	-11	-78	NA	-11	-78	222.5	39.63333	-78.75
USC00182420	CUMBERLAND	19990116	9999	122	-72	NA	122	-72	222.5	39.63333	-78.75
USC00182421	CUMBERLAND	19990117	9999	139	17	NA	139	17	222.5	39.63333	-78.75
USC00182422	CUMBERLAND	19990118	9999	78	28	NA	78	28	222.5	39.63333	-78.75
USC00182423	CUMBERLAND	19990119	9999	89	17	NA	89	17	222.5	39.63333	-78.75
USC00182424	CUMBERLAND	19990120	9999	94	-17	NA	94	-17	222.5	39.63333	-78.75
USC00182425	CUMBERLAND	19990121	9999	50	-11	NA	50	-11	222.5	39.63333	-78.75
USC00182426	CUMBERLAND	19990122	9999	50	17	NA	50	17	222.5	39.63333	-78.75
USC00182427	CUMBERLAND	19990123	9999	133	44	NA	133	44	222.5	39.63333	-78.75
USC00182428	CUMBERLAND	19990124	9999	133	17	NA	133	17	222.5	39.63333	-78.75
USC00182429	CUMBERLAND	19990125	9999	56	17	NA	56	17	222.5	39.63333	-78.75
USC00182430	CUMBERLAND	19990126	9999	100	-39	NA	100	-39	222.5	39.63333	-78.75
USC00182431	CUMBERLAND	19990127	9999	161	-33	NA	161	-33	222.5	39.63333	-78.75
USC00182432	CUMBERLAND	19990128	9999	178	28	NA	178	28	222.5	39.63333	-78.75
USC00182433	CUMBERLAND	19990129	9999	122	-44	NA	122	-44	222.5	39.63333	-78.75
USC00182434	CUMBERLAND	19990130	9999	111	-72	NA	111	-72	222.5	39.63333	-78.75
USC00182435	CUMBERLAND	19990131	9999	56	-67	NA	56	-67	222.5	39.63333	-78.75
USC00182436	CUMBERLAND	20000101	9999	106	-50	NA	106	-50	222.5	39.63333	-78.75
USC00182437	CUMBERLAND	20000102	9999	206	6	NA	206	6	222.5	39.63333	-78.75
USC00182438	CUMBERLAND	20000103	9999	167	78	NA	167	78	222.5	39.63333	-78.75
USC00182439	CUMBERLAND	20000104	9999	183	0	NA	183	0	222.5	39.63333	-78.75
USC00182440	CUMBERLAND	20000105	9999	89	-78	NA	89	-78	222.5	39.63333	-78.75
USC00182441	CUMBERLAND	20000106	9999	94	-78	NA	94	-78	222.5	39.63333	-78.75
USC00182442	CUMBERLAND	20000107	9999	78	-50	NA	78	-50	222.5	39.63333	-78.75
USC00182443	CUMBERLAND	20000108	9999	72	-50	NA	72	-50	222.5	39.63333	-78.75
USC00182444	CUMBERLAND	20000109	9999	56	6	NA	56	6	222.5	39.63333	-78.75
USC00182445	CUMBERLAND	20000110	9999	111	6	NA	111	6	222.5	39.63333	-78.75
USC00182446	CUMBERLAND	20000111	9999	111	0	NA	111	0	222.5	39.63333	-78.75
USC00182447	CUMBERLAND	20000112	9999	111	6	NA	111	6	222.5	39.63333	-78.75
USC00182448	CUMBERLAND	20000113	9999	122	-83	NA	122	-83	222.5	39.63333	-78.75
USC00182449	CUMBERLAND	20000114	9999	0	-94	NA	0	-94	222.5	39.63333	-78.75
USC00182450	CUMBERLAND	20000115	9999	6	-100	NA	6	-100	222.5	39.63333	-78.75
USC00182451	CUMBERLAND	20000116	9999	133	-106	NA	133	-106	222.5	39.63333	-78.75
USC00182452	CUMBERLAND	20000117	9999	11	-111	NA	11	-111	222.5	39.63333	-78.75
USC00182453	CUMBERLAND	20000118	9999	-22	-83	NA	-22	-83	222.5	39.63333	-78.75
USC00182454	CUMBERLAND	20000119	9999	22	-39	NA	22	-39	222.5	39.63333	-78.75
USC00182455	CUMBERLAND	20000120	9999	0	-111	NA	0	-111	222.5	39.63333	-78.75
USC00182456	CUMBERLAND	20000121	9999	-39	-150	NA	-39	-150	222.5	39.63333	-78.75
USC00182457	CUMBERLAND	20000122	9999	-44	-150	NA	-44	-150	222.5	39.63333	-78.75
USC00182458	CUMBERLAND	20000123	9999	-28	-67	NA	-28	-67	222.5	39.63333	-78.75
USC00182459	CUMBERLAND	20000124	9999	33	-44	NA	33	-44	222.5	39.63333	-78.75
USC00182460	CUMBERLAND	20000125	9999	0	-78	NA	0	-78	222.5	39.63333	-78.75
USC00182461	CUMBERLAND	20000126	9999	-11	-117	NA	-11	-117	222.5	39.63333	-78.75
USC00182462	CUMBERLAND	20000127	9999	-56	-117	NA	-56	-117	222.5	39.63333	-78.75
USC00182463	CUMBERLAND	20000128	9999	-17	-122	NA	-17	-122	222.5	39.63333	-78.75
USC00182464	CUMBERLAND	20000129	9999	28	-122	NA	28	-122	222.5	39.63333	-78.75
USC00182465	CUMBERLAND	20000130	9999	-11	-50	NA	-11	-50	222.5	39.63333	-78.75
USC00182466	CUMBERLAND	20000131	9999	11	-39	NA	11	-39	222.5	39.63333	-78.75
USC00182467	CUMBERLAND	20010101	9999	-11	-67	NA	-11	-67	222.5	39.63333	-78.75
USC00182468	CUMBERLAND	20010102	9999	-22	-78	NA	-22	-78	222.5	39.63333	-78.75
USC00182469	CUMBERLAND	20010103	9999	6	-72	NA	6	-72	222.5	39.63333	-78.75
USC00182470	CUMBERLAND	20010104	9999	0	-56	NA	0	-56	222.5	39.63333	-78.75
USC00182471	CUMBERLAND	20010105	9999	28	-56	NA	28	-56	222.5	39.63333	-78.75
USC00182472	CUMBERLAND	20010106	9999	33	-44	NA	33	-44	222.5	39.63333	-78.75
USC00182473	CUMBERLAND	20010107	9999	117	-39	NA	117	-39	222.5	39.63333	-78.75
USC00182474	CUMBERLAND	20010108	9999	83	-72	NA	83	-72	222.5	39.63333	-78.75
USC00182475	CUMBERLAND	20010109	9999	6	-72	NA	6	-72	222.5	39.63333	-78.75
USC00182476	CUMBERLAND	20010110	9999	67	-44	NA	67	-44	222.5	39.63333	-78.75
USC00182477	CUMBERLAND	20010111	9999	111	-28	NA	111	-28	222.5	39.63333	-78.75
USC00182478	CUMBERLAND	20010112	9999	89	-56	NA	89	-56	222.5	39.63333	-78.75
USC00182479	CUMBERLAND	20010113	9999	89	-56	NA	89	-56	222.5	39.63333	-78.75
USC00182480	CUMBERLAND	20010114	9999	33	-50	NA	33	-50	222.5	39.63333	-78.75
USC00182481	CUMBERLAND	20010115	9999	50	-17	NA	50	-17	222.5	39.63333	-78.75
USC00182482	CUMBERLAND	20010116	9999	50	11	NA	50	11	222.5	39.63333	-78.75
USC00182483	CUMBERLAND	20010117	9999	33	-17	NA	33	-17	222.5	39.63333	-78.75
USC00182484	CUMBERLAND	20010118	9999	17	-6	NA	17	-6	222.5	39.63333	-78.75
USC00182485	CUMBERLAND	20010119	9999	28	-6	NA	28	-6	222.5	39.63333	-78.75
USC00182486	CUMBERLAND	20010120	9999	17	-83	NA	17	-83	222.5	39.63333	-78.75
USC00182487	CUMBERLAND	20010121	9999	-6	-111	NA	-6	-111	222.5	39.63333	-78.75
USC00182488	CUMBERLAND	20010122	9999	17	-111	NA	17	-111	222.5	39.63333	-78.75
USC00182489	CUMBERLAND	20010123	9999	56	-111	NA	56	-111	222.5	39.63333	-78.75
USC00182490	CUMBERLAND	20010124	9999	72	-22	NA	72	-22	222.5	39.63333	-78.75
USC00182491	CUMBERLAND	20010125	9999	39	-89	NA	39	-89	222.5	39.63333	-78.75
USC00182492	CUMBERLAND	20010126	9999	33	-89	NA	33	-89	222.5	39.63333	-78.75
USC00182493	CUMBERLAND	20010127	9999	33	-39	NA	33	-39	222.5	39.63333	-78.75
USC00182494	CUMBERLAND	20010128	9999	61	-44	NA	61	-44	222.5	39.63333	-78.75
USC00182495	CUMBERLAND	20010129	9999	78	-28	NA	78	-28	222.5	39.63333	-78.75
USC00182496	CUMBERLAND	20010130	9999	133	6	NA	133	6	222.5	39.63333	-78.75
USC00182497	CUMBERLAND	20010131	9999	89	28	NA	89	28	222.5	39.63333	-78.75
USC00182498	CUMBERLAND	20020101	9999	-11	-122	NA	-11	-122	222.5	39.63333	-78.75
USC00182499	CUMBERLAND	20020102	9999	17	-122	NA	17	-122	222.5	39.63333	-78.75
USC00182500	CUMBERLAND	20020103	9999	28	-94	NA	28	-94	222.5	39.63333	-78.75
USC00182501	CUMBERLAND	20020104	9999	28	-50	NA	28	-50	222.5	39.63333	-78.75
USC00182502	CUMBERLAND	20020105	9999	89	-28	NA	89	-28	222.5	39.63333	-78.75
USC00182503	CUMBERLAND	20020106	9999	61	-11	NA	61	-11	222.5	39.63333	-78.75
USC00182504	CUMBERLAND	20020107	9999	28	-50	NA	28	-50	222.5	39.63333	-78.75
USC00182505	CUMBERLAND	20020108	9999	39	-50	NA	39	-50	222.5	39.63333	-78.75
USC00182506	CUMBERLAND	20020109	9999	139	39	NA	139	39	222.5	39.63333	-78.75
USC00182507	CUMBERLAND	20020110	9999	167	61	NA	167	61	222.5	39.63333	-78.75
USC00182508	CUMBERLAND	20020111	9999	117	11	NA	117	11	222.5	39.63333	-78.75
USC00182509	CUMBERLAND	20020112	9999	106	11	NA	106	11	222.5	39.63333	-78.75
USC00182510	CUMBERLAND	20020113	9999	67	-17	NA	67	-17	222.5	39.63333	-78.75
USC00182511	CUMBERLAND	20020114	9999	106	-11	NA	106	-11	222.5	39.63333	-78.75
USC00182512	CUMBERLAND	20020115	9999	83	6	NA	83	6	222.5	39.63333	-78.75
USC00182513	CUMBERLAND	20020116	9999	56	0	NA	56	0	222.5	39.63333	-78.75
USC00182514	CUMBERLAND	20020117	9999	94	-17	NA	94	-17	222.5	39.63333	-78.75
USC00182515	CUMBERLAND	20020118	9999	56	-39	NA	56	-39	222.5	39.63333	-78.75
USC00182516	CUMBERLAND	20020119	9999	17	-44	NA	17	-44	222.5	39.63333	-78.75
USC00182517	CUMBERLAND	20020120	9999	39	-44	NA	39	-44	222.5	39.63333	-78.75
USC00182518	CUMBERLAND	20020121	9999	72	-33	NA	72	-33	222.5	39.63333	-78.75
USC00182519	CUMBERLAND	20020122	9999	133	17	NA	133	17	222.5	39.63333	-78.75
USC00182520	CUMBERLAND	20020123	9999	167	44	NA	167	44	222.5	39.63333	-78.75
USC00182521	CUMBERLAND	20020124	9999	167	0	NA	167	0	222.5	39.63333	-78.75
USC00182522	CUMBERLAND	20020125	9999	128	-22	NA	128	-22	222.5	39.63333	-78.75
USC00182523	CUMBERLAND	20020126	9999	150	-22	NA	150	-22	222.5	39.63333	-78.75
USC00182524	CUMBERLAND	20020127	9999	200	-22	NA	200	-22	222.5	39.63333	-78.75
USC00182525	CUMBERLAND	20020128	9999	211	-11	NA	211	-11	222.5	39.63333	-78.75
USC00182526	CUMBERLAND	20020129	9999	206	106	NA	206	106	222.5	39.63333	-78.75
USC00182527	CUMBERLAND	20020130	9999	194	89	NA	194	89	222.5	39.63333	-78.75
USC00182528	CUMBERLAND	20020131	9999	100	72	NA	100	72	222.5	39.63333	-78.75
USC00182529	CUMBERLAND	20030101	9999	94	28	NA	94	28	222.5	39.63333	-78.75
USC00182530	CUMBERLAND	20030102	9999	50	0	NA	50	0	222.5	39.63333	-78.75
USC00182531	CUMBERLAND	20030103	9999	33	-22	NA	33	-22	222.5	39.63333	-78.75
USC00182532	CUMBERLAND	20030104	9999	6	-28	NA	6	-28	222.5	39.63333	-78.75
USC00182533	CUMBERLAND	20030105	9999	-11	-28	NA	-11	-28	222.5	39.63333	-78.75
USC00182534	CUMBERLAND	20030106	9999	11	-67	NA	11	-67	222.5	39.63333	-78.75
USC00182535	CUMBERLAND	20030107	9999	39	-67	NA	39	-67	222.5	39.63333	-78.75
USC00182536	CUMBERLAND	20030108	9999	117	0	NA	117	0	222.5	39.63333	-78.75
USC00182537	CUMBERLAND	20030109	9999	128	28	NA	128	28	222.5	39.63333	-78.75
USC00182538	CUMBERLAND	20030110	9999	100	-61	NA	100	-61	222.5	39.63333	-78.75
USC00182539	CUMBERLAND	20030111	9999	-6	-83	NA	-6	-83	222.5	39.63333	-78.75
USC00182540	CUMBERLAND	20030112	9999	-11	-83	NA	-11	-83	222.5	39.63333	-78.75
USC00182541	CUMBERLAND	20030113	9999	33	-78	NA	33	-78	222.5	39.63333	-78.75
USC00182542	CUMBERLAND	20030114	9999	0	-78	NA	0	-78	222.5	39.63333	-78.75
USC00182543	CUMBERLAND	20030115	9999	-33	-111	NA	-33	-111	222.5	39.63333	-78.75
USC00182544	CUMBERLAND	20030116	9999	-44	-111	NA	-44	-111	222.5	39.63333	-78.75
USC00182545	CUMBERLAND	20030117	9999	-28	-150	NA	-28	-150	222.5	39.63333	-78.75
USC00182546	CUMBERLAND	20030118	9999	-28	-156	NA	-28	-156	222.5	39.63333	-78.75
USC00182547	CUMBERLAND	20030119	9999	-6	-67	NA	-6	-67	222.5	39.63333	-78.75
USC00182548	CUMBERLAND	20030120	9999	-6	-72	NA	-6	-72	222.5	39.63333	-78.75
USC00182549	CUMBERLAND	20030121	9999	0	-128	NA	0	-128	222.5	39.63333	-78.75
USC00182550	CUMBERLAND	20030122	9999	-56	-144	NA	-56	-144	222.5	39.63333	-78.75
USC00182551	CUMBERLAND	20030123	9999	-89	-144	NA	-89	-144	222.5	39.63333	-78.75
USC00182552	CUMBERLAND	20030124	9999	-28	-100	NA	-28	-100	222.5	39.63333	-78.75
USC00182553	CUMBERLAND	20030125	9999	6	-89	NA	6	-89	222.5	39.63333	-78.75
USC00182554	CUMBERLAND	20030126	9999	11	-139	NA	11	-139	222.5	39.63333	-78.75
USC00182555	CUMBERLAND	20030127	9999	-11	-139	NA	-11	-139	222.5	39.63333	-78.75
USC00182556	CUMBERLAND	20030128	9999	0	-111	NA	0	-111	222.5	39.63333	-78.75
USC00182557	CUMBERLAND	20030129	9999	50	-17	NA	50	-17	222.5	39.63333	-78.75
USC00182558	CUMBERLAND	20030130	9999	28	-17	NA	28	-17	222.5	39.63333	-78.75
USC00182559	CUMBERLAND	20030131	9999	11	-11	NA	11	-11	222.5	39.63333	-78.75
USC00182560	CUMBERLAND	20040101	9999	133	11	NA	133	11	222.5	39.63333	-78.75
USC00182561	CUMBERLAND	20040102	9999	94	44	NA	94	44	222.5	39.63333	-78.75
USC00182562	CUMBERLAND	20040103	9999	217	83	NA	217	83	222.5	39.63333	-78.75
USC00182563	CUMBERLAND	20040104	9999	194	39	NA	194	39	222.5	39.63333	-78.75
USC00182564	CUMBERLAND	20040105	9999	83	-17	NA	83	-17	222.5	39.63333	-78.75
USC00182565	CUMBERLAND	20040106	9999	44	-100	NA	44	-100	222.5	39.63333	-78.75
USC00182566	CUMBERLAND	20040107	9999	-44	-100	NA	-44	-100	222.5	39.63333	-78.75
USC00182567	CUMBERLAND	20040108	9999	-6	-61	NA	-6	-61	222.5	39.63333	-78.75
USC00182568	CUMBERLAND	20040109	9999	11	-144	NA	11	-144	222.5	39.63333	-78.75
USC00182569	CUMBERLAND	20040110	9999	-33	-144	NA	-33	-144	222.5	39.63333	-78.75
USC00182570	CUMBERLAND	20040111	9999	67	-139	NA	67	-139	222.5	39.63333	-78.75
USC00182571	CUMBERLAND	20040112	9999	78	28	NA	78	28	222.5	39.63333	-78.75
USC00182572	CUMBERLAND	20040113	9999	56	-44	NA	56	-44	222.5	39.63333	-78.75
USC00182573	CUMBERLAND	20040114	9999	17	-44	NA	17	-44	222.5	39.63333	-78.75
USC00182574	CUMBERLAND	20040115	9999	-6	-139	NA	-6	-139	222.5	39.63333	-78.75
USC00182575	CUMBERLAND	20040116	9999	-50	-139	NA	-50	-139	222.5	39.63333	-78.75
USC00182576	CUMBERLAND	20040117	9999	-28	-106	NA	-28	-106	222.5	39.63333	-78.75
USC00182577	CUMBERLAND	20040118	9999	17	-78	NA	17	-78	222.5	39.63333	-78.75
USC00182578	CUMBERLAND	20040119	9999	-17	-89	NA	-17	-89	222.5	39.63333	-78.75
USC00182579	CUMBERLAND	20040120	9999	-44	-150	NA	-44	-150	222.5	39.63333	-78.75
USC00182580	CUMBERLAND	20040121	9999	6	-150	NA	6	-150	222.5	39.63333	-78.75
USC00182581	CUMBERLAND	20040122	9999	33	-139	NA	33	-139	222.5	39.63333	-78.75
USC00182582	CUMBERLAND	20040123	9999	-22	-139	NA	-22	-139	222.5	39.63333	-78.75
USC00182583	CUMBERLAND	20040124	9999	-28	-167	NA	-28	-167	222.5	39.63333	-78.75
USC00182584	CUMBERLAND	20040125	9999	-78	-161	NA	-78	-161	222.5	39.63333	-78.75
USC00182585	CUMBERLAND	20040126	9999	-67	-106	NA	-67	-106	222.5	39.63333	-78.75
USC00182586	CUMBERLAND	20040127	9999	-28	-72	NA	-28	-72	222.5	39.63333	-78.75
USC00182587	CUMBERLAND	20040128	9999	-28	-72	NA	-28	-72	222.5	39.63333	-78.75
USC00182588	CUMBERLAND	20040129	9999	0	-89	NA	0	-89	222.5	39.63333	-78.75
USC00182589	CUMBERLAND	20040130	9999	-39	-144	NA	-39	-144	222.5	39.63333	-78.75
USC00182590	CUMBERLAND	20040131	9999	-50	-156	NA	-50	-156	222.5	39.63333	-78.75
USC00182591	CUMBERLAND	20050101	9999	189	39	NA	189	39	222.5	39.63333	-78.75
USC00182592	CUMBERLAND	20050102	9999	133	39	NA	133	39	222.5	39.63333	-78.75
USC00182593	CUMBERLAND	20050103	9999	167	44	NA	167	44	222.5	39.63333	-78.75
USC00182594	CUMBERLAND	20050104	9999	167	67	NA	167	67	222.5	39.63333	-78.75
USC00182595	CUMBERLAND	20050105	9999	100	22	NA	100	22	222.5	39.63333	-78.75
USC00182596	CUMBERLAND	20050106	9999	100	17	NA	100	17	222.5	39.63333	-78.75
USC00182597	CUMBERLAND	20050107	9999	100	17	NA	100	17	222.5	39.63333	-78.75
USC00182598	CUMBERLAND	20050108	9999	89	22	NA	89	22	222.5	39.63333	-78.75
USC00182599	CUMBERLAND	20050109	9999	72	-22	NA	72	-22	222.5	39.63333	-78.75
USC00182600	CUMBERLAND	20050110	9999	117	-22	NA	117	-22	222.5	39.63333	-78.75
USC00182601	CUMBERLAND	20050111	9999	78	22	NA	78	22	222.5	39.63333	-78.75
USC00182602	CUMBERLAND	20050112	9999	78	44	NA	78	44	222.5	39.63333	-78.75
USC00182603	CUMBERLAND	20050113	9999	167	39	NA	167	39	222.5	39.63333	-78.75
USC00182604	CUMBERLAND	20050114	9999	167	-44	NA	167	-44	222.5	39.63333	-78.75
USC00182605	CUMBERLAND	20050115	9999	28	-50	NA	28	-50	222.5	39.63333	-78.75
USC00182606	CUMBERLAND	20050116	9999	6	-94	NA	6	-94	222.5	39.63333	-78.75
USC00182607	CUMBERLAND	20050117	9999	-6	-133	NA	-6	-133	222.5	39.63333	-78.75
USC00182608	CUMBERLAND	20050118	9999	-56	-133	NA	-56	-133	222.5	39.63333	-78.75
USC00182609	CUMBERLAND	20050119	9999	6	-94	NA	6	-94	222.5	39.63333	-78.75
USC00182610	CUMBERLAND	20050120	9999	6	-83	NA	6	-83	222.5	39.63333	-78.75
USC00182611	CUMBERLAND	20050121	9999	-11	-106	NA	-11	-106	222.5	39.63333	-78.75
USC00182612	CUMBERLAND	20050122	9999	-33	-139	NA	-33	-139	222.5	39.63333	-78.75
USC00182613	CUMBERLAND	20050123	9999	-33	-139	NA	-33	-139	222.5	39.63333	-78.75
USC00182614	CUMBERLAND	20050124	9999	-22	-128	NA	-22	-128	222.5	39.63333	-78.75
USC00182615	CUMBERLAND	20050125	9999	28	-28	NA	28	-28	222.5	39.63333	-78.75
USC00182616	CUMBERLAND	20050126	9999	78	-117	NA	78	-117	222.5	39.63333	-78.75
USC00182617	CUMBERLAND	20050127	9999	11	-144	NA	11	-144	222.5	39.63333	-78.75
USC00182618	CUMBERLAND	20050128	9999	-11	-144	NA	-11	-144	222.5	39.63333	-78.75
USC00182619	CUMBERLAND	20050129	9999	-6	-117	NA	-6	-117	222.5	39.63333	-78.75
USC00182620	CUMBERLAND	20050130	9999	50	-78	NA	50	-78	222.5	39.63333	-78.75
USC00182621	CUMBERLAND	20050131	9999	50	-78	NA	50	-78	222.5	39.63333	-78.75
