STATION	NAME	DATE	SNWD	TMAX	TMIN	SNWD2	TMAX2	TMIN2	ELEV	LAT	LONG
USC00302036	DELHI	19950101	0	9999	9999	0	NA	NA	432.8	42.255	-74.912
USC00302036	DELHI	19950102	76	9999	9999	76	NA	NA	432.8	42.255	-74.912
USC00302036	DELHI	19950103	51	9999	9999	51	NA	NA	432.8	42.255	-74.912
USC00302036	DELHI	19950104	51	9999	9999	51	NA	NA	432.8	42.255	-74.912
USC00302036	DELHI	19950105	76	9999	9999	76	NA	NA	432.8	42.255	-74.912
USC00302036	DELHI	19950106	76	9999	9999	76	NA	NA	432.8	42.255	-74.912
USC00302036	DELHI	19950107	51	9999	9999	51	NA	NA	432.8	42.255	-74.912
USC00302036	DELHI	19950108	51	9999	9999	51	NA	NA	432.8	42.255	-74.912
USC00302036	DELHI	19950109	51	9999	9999	51	NA	NA	432.8	42.255	-74.912
USC00302036	DELHI	19950110	51	9999	9999	51	NA	NA	432.8	42.255	-74.912
USC00302036	DELHI	19950111	76	9999	9999	76	NA	NA	432.8	42.255	-74.912
USC00302036	DELHI	19950112	51	9999	9999	51	NA	NA	432.8	42.255	-74.912
USC00302036	DELHI	19950113	0	9999	9999	0	NA	NA	432.8	42.255	-74.912
USC00302036	DELHI	19950114	0	9999	9999	0	NA	NA	432.8	42.255	-74.912
USC00302036	DELHI	19950115	0	9999	9999	0	NA	NA	432.8	42.255	-74.912
USC00302036	DELHI	19950116	0	9999	9999	0	NA	NA	432.8	42.255	-74.912
USC00302036	DELHI	19950117	0	9999	9999	0	NA	NA	432.8	42.255	-74.912
USC00302036	DELHI	19950118	0	9999	9999	0	NA	NA	432.8	42.255	-74.912
USC00302036	DELHI	19950119	0	9999	9999	0	NA	NA	432.8	42.255	-74.912
USC00302036	DELHI	19950120	0	9999	9999	0	NA	NA	432.8	42.255	-74.912
USC00302036	DELHI	19950121	0	9999	9999	0	NA	NA	432.8	42.255	-74.912
USC00302036	DELHI	19950122	25	9999	9999	25	NA	NA	432.8	42.255	-74.912
USC00302036	DELHI	19950123	76	9999	9999	76	NA	NA	432.8	42.255	-74.912
USC00302036	DELHI	19950124	76	9999	9999	76	NA	NA	432.8	42.255	-74.912
USC00302036	DELHI	19950125	76	9999	9999	76	NA	NA	432.8	42.255	-74.912
USC00302036	DELHI	19950126	76	9999	9999	76	NA	NA	432.8	42.255	-74.912
USC00302036	DELHI	19950127	102	9999	9999	102	NA	NA	432.8	42.255	-74.912
USC00302036	DELHI	19950128	51	9999	9999	51	NA	NA	432.8	42.255	-74.912
USC00302036	DELHI	19950129	51	9999	9999	51	NA	NA	432.8	42.255	-74.912
USC00302036	DELHI	19950130	25	9999	9999	25	NA	NA	432.8	42.255	-74.912
USC00302036	DELHI	19950131	25	9999	9999	25	NA	NA	432.8	42.255	-74.912
USC00302036	DELHI	19960101	229	33	-67	229	33	-67	432.8	42.255	-74.912
USC00302036	DELHI	19960102	178	33	-17	178	33	-17	432.8	42.255	-74.912
USC00302036	DELHI	19960103	305	-6	-117	305	-6	-117	432.8	42.255	-74.912
USC00302036	DELHI	19960104	381	-72	-206	381	-72	-206	432.8	42.255	-74.912
USC00302036	DELHI	19960105	381	-106	-233	381	-106	-233	432.8	42.255	-74.912
USC00302036	DELHI	19960106	381	-106	-322	381	-106	-322	432.8	42.255	-74.912
USC00302036	DELHI	19960107	381	-122	-244	381	-122	-244	432.8	42.255	-74.912
USC00302036	DELHI	19960108	406	-111	-183	406	-111	-183	432.8	42.255	-74.912
USC00302036	DELHI	19960109	406	-72	-183	406	-72	-183	432.8	42.255	-74.912
USC00302036	DELHI	19960110	406	-44	-111	406	-44	-111	432.8	42.255	-74.912
USC00302036	DELHI	19960111	406	-56	-239	406	-56	-239	432.8	42.255	-74.912
USC00302036	DELHI	19960112	406	-61	-239	406	-61	-239	432.8	42.255	-74.912
USC00302036	DELHI	19960113	584	-22	-67	584	-22	-67	432.8	42.255	-74.912
USC00302036	DELHI	19960114	559	-28	-61	559	-28	-61	432.8	42.255	-74.912
USC00302036	DELHI	19960115	457	50	-56	457	50	-56	432.8	42.255	-74.912
USC00302036	DELHI	19960116	457	-56	-239	457	-56	-239	432.8	42.255	-74.912
USC00302036	DELHI	19960117	381	50	-233	381	50	-233	432.8	42.255	-74.912
USC00302036	DELHI	19960118	254	83	17	254	83	17	432.8	42.255	-74.912
USC00302036	DELHI	19960119	9999	128	67	NA	128	67	432.8	42.255	-74.912
USC00302036	DELHI	19960120	0	133	-106	0	133	-106	432.8	42.255	-74.912
USC00302036	DELHI	19960121	0	-33	-111	0	-33	-111	432.8	42.255	-74.912
USC00302036	DELHI	19960122	0	-28	-100	0	-28	-100	432.8	42.255	-74.912
USC00302036	DELHI	19960123	0	28	-94	0	28	-94	432.8	42.255	-74.912
USC00302036	DELHI	19960124	0	33	-17	0	33	-17	432.8	42.255	-74.912
USC00302036	DELHI	19960125	0	83	-94	0	83	-94	432.8	42.255	-74.912
USC00302036	DELHI	19960126	0	-50	-122	0	-50	-122	432.8	42.255	-74.912
USC00302036	DELHI	19960127	0	72	-72	0	72	-72	432.8	42.255	-74.912
USC00302036	DELHI	19960128	0	106	-89	0	106	-89	432.8	42.255	-74.912
USC00302036	DELHI	19960129	0	-33	-122	0	-33	-122	432.8	42.255	-74.912
USC00302036	DELHI	19960130	0	-22	-106	0	-22	-106	432.8	42.255	-74.912
USC00302036	DELHI	19960131	25	28	-106	25	28	-106	432.8	42.255	-74.912
USC00302036	DELHI	19970101	25	-44	-183	25	-44	-183	432.8	42.255	-74.912
USC00302036	DELHI	19970102	51	-39	-178	51	-39	-178	432.8	42.255	-74.912
USC00302036	DELHI	19970103	0	72	0	0	72	0	432.8	42.255	-74.912
USC00302036	DELHI	19970104	0	83	6	0	83	6	432.8	42.255	-74.912
USC00302036	DELHI	19970105	0	94	11	0	94	11	432.8	42.255	-74.912
USC00302036	DELHI	19970106	0	117	-6	0	117	-6	432.8	42.255	-74.912
USC00302036	DELHI	19970107	0	0	-67	0	0	-67	432.8	42.255	-74.912
USC00302036	DELHI	19970108	0	-39	-89	0	-39	-89	432.8	42.255	-74.912
USC00302036	DELHI	19970109	0	-33	-117	0	-33	-117	432.8	42.255	-74.912
USC00302036	DELHI	19970110	51	22	-106	51	22	-106	432.8	42.255	-74.912
USC00302036	DELHI	19970111	76	-6	-83	76	-6	-83	432.8	42.255	-74.912
USC00302036	DELHI	19970112	76	-72	-122	76	-72	-122	432.8	42.255	-74.912
USC00302036	DELHI	19970113	76	-67	-106	76	-67	-106	432.8	42.255	-74.912
USC00302036	DELHI	19970114	76	-61	-89	76	-61	-89	432.8	42.255	-74.912
USC00302036	DELHI	19970115	76	-44	-128	76	-44	-128	432.8	42.255	-74.912
USC00302036	DELHI	19970116	102	22	-128	102	22	-128	432.8	42.255	-74.912
USC00302036	DELHI	19970117	127	28	-178	127	28	-178	432.8	42.255	-74.912
USC00302036	DELHI	19970118	127	-133	-183	127	-133	-183	432.8	42.255	-74.912
USC00302036	DELHI	19970119	127	-117	-278	127	-117	-278	432.8	42.255	-74.912
USC00302036	DELHI	19970120	127	-94	-272	127	-94	-272	432.8	42.255	-74.912
USC00302036	DELHI	19970121	152	-33	-139	152	-33	-139	432.8	42.255	-74.912
USC00302036	DELHI	19970122	152	11	-139	152	11	-139	432.8	42.255	-74.912
USC00302036	DELHI	19970123	76	78	11	76	78	11	432.8	42.255	-74.912
USC00302036	DELHI	19970124	76	33	-133	76	33	-133	432.8	42.255	-74.912
USC00302036	DELHI	19970125	51	67	-111	51	67	-111	432.8	42.255	-74.912
USC00302036	DELHI	19970126	25	67	-94	25	67	-94	432.8	42.255	-74.912
USC00302036	DELHI	19970127	9999	-67	-156	NA	-67	-156	432.8	42.255	-74.912
USC00302036	DELHI	19970128	152	17	-133	152	17	-133	432.8	42.255	-74.912
USC00302036	DELHI	19970129	127	17	-144	127	17	-144	432.8	42.255	-74.912
USC00302036	DELHI	19970130	127	17	-178	127	17	-178	432.8	42.255	-74.912
USC00302036	DELHI	19970131	127	-28	-161	127	-28	-161	432.8	42.255	-74.912
USC00302036	DELHI	19980101	254	-100	-250	254	-100	-250	432.8	42.255	-74.912
USC00302036	DELHI	19980102	254	-11	-244	254	-11	-244	432.8	42.255	-74.912
USC00302036	DELHI	19980103	152	72	-11	152	72	-11	432.8	42.255	-74.912
USC00302036	DELHI	19980104	76	106	28	76	106	28	432.8	42.255	-74.912
USC00302036	DELHI	19980105	9999	72	28	NA	72	28	432.8	42.255	-74.912
USC00302036	DELHI	19980106	9999	117	6	NA	117	6	432.8	42.255	-74.912
USC00302036	DELHI	19980107	9999	133	72	NA	133	72	432.8	42.255	-74.912
USC00302036	DELHI	19980108	0	133	72	0	133	72	432.8	42.255	-74.912
USC00302036	DELHI	19980109	0	172	72	0	172	72	432.8	42.255	-74.912
USC00302036	DELHI	19980110	0	156	11	0	156	11	432.8	42.255	-74.912
USC00302036	DELHI	19980111	0	44	-17	0	44	-17	432.8	42.255	-74.912
USC00302036	DELHI	19980112	0	33	-100	0	33	-100	432.8	42.255	-74.912
USC00302036	DELHI	19980113	0	28	-94	0	28	-94	432.8	42.255	-74.912
USC00302036	DELHI	19980114	0	33	-106	0	33	-106	432.8	42.255	-74.912
USC00302036	DELHI	19980115	0	-33	-106	0	-33	-106	432.8	42.255	-74.912
USC00302036	DELHI	19980116	0	11	-50	0	11	-50	432.8	42.255	-74.912
USC00302036	DELHI	19980117	0	28	-33	0	28	-33	432.8	42.255	-74.912
USC00302036	DELHI	19980118	0	6	-33	0	6	-33	432.8	42.255	-74.912
USC00302036	DELHI	19980119	51	0	-28	51	0	-28	432.8	42.255	-74.912
USC00302036	DELHI	19980120	51	6	-89	51	6	-89	432.8	42.255	-74.912
USC00302036	DELHI	19980121	51	-22	-67	51	-22	-67	432.8	42.255	-74.912
USC00302036	DELHI	19980122	51	-44	-122	51	-44	-122	432.8	42.255	-74.912
USC00302036	DELHI	19980123	76	-6	-106	76	-6	-106	432.8	42.255	-74.912
USC00302036	DELHI	19980124	76	17	-28	76	17	-28	432.8	42.255	-74.912
USC00302036	DELHI	19980125	102	6	-33	102	6	-33	432.8	42.255	-74.912
USC00302036	DELHI	19980126	102	-17	-83	102	-17	-83	432.8	42.255	-74.912
USC00302036	DELHI	19980127	76	-17	-122	76	-17	-122	432.8	42.255	-74.912
USC00302036	DELHI	19980128	76	6	-117	76	6	-117	432.8	42.255	-74.912
USC00302036	DELHI	19980129	51	11	-122	51	11	-122	432.8	42.255	-74.912
USC00302036	DELHI	19980130	51	83	-122	51	83	-122	432.8	42.255	-74.912
USC00302036	DELHI	19980131	51	33	-122	51	33	-122	432.8	42.255	-74.912
USC00302036	DELHI	19990101	51	-72	-161	51	-72	-161	432.8	42.255	-74.912
USC00302036	DELHI	19990102	51	-89	-239	51	-89	-239	432.8	42.255	-74.912
USC00302036	DELHI	19990103	51	44	-222	51	44	-222	432.8	42.255	-74.912
USC00302036	DELHI	19990104	9999	72	-100	NA	72	-100	432.8	42.255	-74.912
USC00302036	DELHI	19990105	9999	-61	-139	NA	-61	-139	432.8	42.255	-74.912
USC00302036	DELHI	19990106	9999	-56	-178	NA	-56	-178	432.8	42.255	-74.912
USC00302036	DELHI	19990107	51	-39	-156	51	-39	-156	432.8	42.255	-74.912
USC00302036	DELHI	19990108	51	-61	-200	51	-61	-200	432.8	42.255	-74.912
USC00302036	DELHI	19990109	76	44	-183	76	44	-183	432.8	42.255	-74.912
USC00302036	DELHI	19990110	102	56	-194	102	56	-194	432.8	42.255	-74.912
USC00302036	DELHI	19990111	76	-44	-194	76	-44	-194	432.8	42.255	-74.912
USC00302036	DELHI	19990112	152	-33	-150	152	-33	-150	432.8	42.255	-74.912
USC00302036	DELHI	19990113	127	56	-39	127	56	-39	432.8	42.255	-74.912
USC00302036	DELHI	19990114	178	39	-178	178	39	-178	432.8	42.255	-74.912
USC00302036	DELHI	19990115	203	28	-172	203	28	-172	432.8	42.255	-74.912
USC00302036	DELHI	19990116	229	44	-150	229	44	-150	432.8	42.255	-74.912
USC00302036	DELHI	19990117	203	28	-111	203	28	-111	432.8	42.255	-74.912
USC00302036	DELHI	19990118	152	78	-61	152	78	-61	432.8	42.255	-74.912
USC00302036	DELHI	19990119	51	100	0	51	100	0	432.8	42.255	-74.912
USC00302036	DELHI	19990120	51	22	-33	51	22	-33	432.8	42.255	-74.912
USC00302036	DELHI	19990121	51	33	-89	51	33	-89	432.8	42.255	-74.912
USC00302036	DELHI	19990122	51	56	-72	51	56	-72	432.8	42.255	-74.912
USC00302036	DELHI	19990123	9999	67	17	NA	67	17	432.8	42.255	-74.912
USC00302036	DELHI	19990124	9999	144	67	NA	144	67	432.8	42.255	-74.912
USC00302036	DELHI	19990125	9999	106	-17	NA	106	-17	432.8	42.255	-74.912
USC00302036	DELHI	19990126	25	-11	-89	25	-11	-89	432.8	42.255	-74.912
USC00302036	DELHI	19990127	25	0	-94	25	0	-94	432.8	42.255	-74.912
USC00302036	DELHI	19990128	9999	22	-83	NA	22	-83	432.8	42.255	-74.912
USC00302036	DELHI	19990129	25	17	-100	25	17	-100	432.8	42.255	-74.912
USC00302036	DELHI	19990130	25	-33	-106	25	-33	-106	432.8	42.255	-74.912
USC00302036	DELHI	19990131	25	-22	-200	25	-22	-200	432.8	42.255	-74.912
USC00302036	DELHI	20000101	0	6	-94	0	6	-94	432.8	42.255	-74.912
USC00302036	DELHI	20000102	0	89	-89	0	89	-89	432.8	42.255	-74.912
USC00302036	DELHI	20000103	0	139	0	0	139	0	432.8	42.255	-74.912
USC00302036	DELHI	20000104	0	133	72	0	133	72	432.8	42.255	-74.912
USC00302036	DELHI	20000105	0	150	-67	0	150	-67	432.8	42.255	-74.912
USC00302036	DELHI	20000106	0	-28	-122	0	-28	-122	432.8	42.255	-74.912
USC00302036	DELHI	20000107	0	6	-94	0	6	-94	432.8	42.255	-74.912
USC00302036	DELHI	20000108	0	39	-94	0	39	-94	432.8	42.255	-74.912
USC00302036	DELHI	20000109	0	28	-89	0	28	-89	432.8	42.255	-74.912
USC00302036	DELHI	20000110	0	67	-11	0	67	-11	432.8	42.255	-74.912
USC00302036	DELHI	20000111	0	56	33	0	56	33	432.8	42.255	-74.912
USC00302036	DELHI	20000112	0	72	-17	0	72	-17	432.8	42.255	-74.912
USC00302036	DELHI	20000113	76	67	-61	76	67	-61	432.8	42.255	-74.912
USC00302036	DELHI	20000114	127	-39	-183	127	-39	-183	432.8	42.255	-74.912
USC00302036	DELHI	20000117	102	0	-244	102	0	-244	432.8	42.255	-74.912
USC00302036	DELHI	20000118	102	-167	-272	102	-167	-272	432.8	42.255	-74.912
USC00302036	DELHI	20000119	102	-122	-272	102	-122	-272	432.8	42.255	-74.912
USC00302036	DELHI	20000120	102	-61	-189	102	-61	-189	432.8	42.255	-74.912
USC00302036	DELHI	20000121	203	-44	-194	203	-44	-194	432.8	42.255	-74.912
USC00302036	DELHI	20000122	203	-133	-239	203	-133	-239	432.8	42.255	-74.912
USC00302036	DELHI	20000123	203	-122	-233	203	-122	-233	432.8	42.255	-74.912
USC00302036	DELHI	20000124	203	-50	-211	203	-50	-211	432.8	42.255	-74.912
USC00302036	DELHI	20000125	152	6	-172	152	6	-172	432.8	42.255	-74.912
USC00302036	DELHI	20000126	381	-44	-94	381	-44	-94	432.8	42.255	-74.912
USC00302036	DELHI	20000127	356	-67	-189	356	-67	-189	432.8	42.255	-74.912
USC00302036	DELHI	20000128	330	-128	-217	330	-128	-217	432.8	42.255	-74.912
USC00302036	DELHI	20000129	330	-94	-272	330	-94	-272	432.8	42.255	-74.912
USC00302036	DELHI	20000130	305	-6	-267	305	-6	-267	432.8	42.255	-74.912
USC00302036	DELHI	20000131	610	17	-222	610	17	-222	432.8	42.255	-74.912
USC00302036	DELHI	20010101	381	-78	-94	381	-78	-94	432.8	42.255	-74.912
USC00302036	DELHI	20010102	305	-44	-211	305	-44	-211	432.8	42.255	-74.912
USC00302036	DELHI	20010103	279	-72	-178	279	-72	-178	432.8	42.255	-74.912
USC00302036	DELHI	20010104	229	-22	-144	229	-22	-144	432.8	42.255	-74.912
USC00302036	DELHI	20010105	229	-33	-122	229	-33	-122	432.8	42.255	-74.912
USC00302036	DELHI	20010106	279	-39	-72	279	-39	-72	432.8	42.255	-74.912
USC00302036	DELHI	20010107	254	-17	-61	254	-17	-61	432.8	42.255	-74.912
USC00302036	DELHI	20010108	229	6	-50	229	6	-50	432.8	42.255	-74.912
USC00302036	DELHI	20010109	254	17	-67	254	17	-67	432.8	42.255	-74.912
USC00302036	DELHI	20010110	279	-56	-156	279	-56	-156	432.8	42.255	-74.912
USC00302036	DELHI	20010111	254	-50	-167	254	-50	-167	432.8	42.255	-74.912
USC00302036	DELHI	20010112	229	0	-100	229	0	-100	432.8	42.255	-74.912
USC00302036	DELHI	20010113	203	22	-172	203	22	-172	432.8	42.255	-74.912
USC00302036	DELHI	20010114	203	61	-172	203	61	-172	432.8	42.255	-74.912
USC00302036	DELHI	20010115	178	56	-83	178	56	-83	432.8	42.255	-74.912
USC00302036	DELHI	20010116	152	22	0	152	22	0	432.8	42.255	-74.912
USC00302036	DELHI	20010117	127	17	-6	127	17	-6	432.8	42.255	-74.912
USC00302036	DELHI	20010118	127	0	-106	127	0	-106	432.8	42.255	-74.912
USC00302036	DELHI	20010119	152	-6	-67	152	-6	-67	432.8	42.255	-74.912
USC00302036	DELHI	20010120	178	11	-39	178	11	-39	432.8	42.255	-74.912
USC00302036	DELHI	20010121	178	-22	-106	178	-22	-106	432.8	42.255	-74.912
USC00302036	DELHI	20010122	178	-56	-156	178	-56	-156	432.8	42.255	-74.912
USC00302036	DELHI	20010123	178	-17	-194	178	-17	-194	432.8	42.255	-74.912
USC00302036	DELHI	20010124	152	17	-194	152	17	-194	432.8	42.255	-74.912
USC00302036	DELHI	20010125	152	17	-61	152	17	-61	432.8	42.255	-74.912
USC00302036	DELHI	20010126	152	-17	-144	152	-17	-144	432.8	42.255	-74.912
USC00302036	DELHI	20010127	178	-11	-122	178	-11	-122	432.8	42.255	-74.912
USC00302036	DELHI	20010128	229	-6	-89	229	-6	-89	432.8	42.255	-74.912
USC00302036	DELHI	20010129	203	-6	-122	203	-6	-122	432.8	42.255	-74.912
USC00302036	DELHI	20010130	178	22	-106	178	22	-106	432.8	42.255	-74.912
USC00302036	DELHI	20010131	127	56	11	127	56	11	432.8	42.255	-74.912
USC00302036	DELHI	20020101	9999	-50	-156	NA	-50	-156	432.8	42.255	-74.912
USC00302036	DELHI	20020102	25	-44	-156	25	-44	-156	432.8	42.255	-74.912
USC00302036	DELHI	20020103	25	-33	-133	25	-33	-133	432.8	42.255	-74.912
USC00302036	DELHI	20020104	9999	0	-89	NA	0	-89	432.8	42.255	-74.912
USC00302036	DELHI	20020105	9999	6	-72	NA	6	-72	432.8	42.255	-74.912
USC00302036	DELHI	20020106	9999	17	-67	NA	17	-67	432.8	42.255	-74.912
USC00302036	DELHI	20020107	305	33	-61	305	33	-61	432.8	42.255	-74.912
USC00302036	DELHI	20020108	330	-6	-150	330	-6	-150	432.8	42.255	-74.912
USC00302036	DELHI	20020109	279	-22	-111	279	-22	-111	432.8	42.255	-74.912
USC00302036	DELHI	20020110	229	39	-33	229	39	-33	432.8	42.255	-74.912
USC00302036	DELHI	20020111	203	50	-11	203	50	-11	432.8	42.255	-74.912
USC00302036	DELHI	20020112	203	11	-17	203	11	-17	432.8	42.255	-74.912
USC00302036	DELHI	20020113	203	61	-17	203	61	-17	432.8	42.255	-74.912
USC00302036	DELHI	20020114	178	0	-39	178	0	-39	432.8	42.255	-74.912
USC00302036	DELHI	20020115	178	17	-33	178	17	-33	432.8	42.255	-74.912
USC00302036	DELHI	20020116	178	22	-33	178	22	-33	432.8	42.255	-74.912
USC00302036	DELHI	20020117	203	0	-50	203	0	-50	432.8	42.255	-74.912
USC00302036	DELHI	20020118	203	28	-78	203	28	-78	432.8	42.255	-74.912
USC00302036	DELHI	20020119	203	-17	-172	203	-17	-172	432.8	42.255	-74.912
USC00302036	DELHI	20020120	305	-56	-139	305	-56	-139	432.8	42.255	-74.912
USC00302036	DELHI	20020121	254	6	-128	254	6	-128	432.8	42.255	-74.912
USC00302036	DELHI	20020122	254	11	-28	254	11	-28	432.8	42.255	-74.912
USC00302036	DELHI	20020123	203	50	-61	203	50	-61	432.8	42.255	-74.912
USC00302036	DELHI	20020124	127	94	22	127	94	22	432.8	42.255	-74.912
USC00302036	DELHI	20020125	102	67	-33	102	67	-33	432.8	42.255	-74.912
USC00302036	DELHI	20020126	76	28	-50	76	28	-50	432.8	42.255	-74.912
USC00302036	DELHI	20020127	51	100	-72	51	100	-72	432.8	42.255	-74.912
USC00302036	DELHI	20020128	25	128	-67	25	128	-67	432.8	42.255	-74.912
USC00302036	DELHI	20020129	9999	128	-50	NA	128	-50	432.8	42.255	-74.912
USC00302036	DELHI	20020130	9999	139	-11	NA	139	-11	432.8	42.255	-74.912
USC00302036	DELHI	20020131	0	67	-17	0	67	-17	432.8	42.255	-74.912
USC00302036	DELHI	20030101	305	17	-61	305	17	-61	432.8	42.255	-74.912
USC00302036	DELHI	20030102	356	-33	-72	356	-33	-72	432.8	42.255	-74.912
USC00302036	DELHI	20030103	559	-17	-50	559	-17	-50	432.8	42.255	-74.912
USC00302036	DELHI	20030104	533	-17	-56	533	-17	-56	432.8	42.255	-74.912
USC00302036	DELHI	20030105	508	-22	-89	508	-22	-89	432.8	42.255	-74.912
USC00302036	DELHI	20030106	508	-28	-106	508	-28	-106	432.8	42.255	-74.912
USC00302036	DELHI	20030107	483	-22	-133	483	-22	-133	432.8	42.255	-74.912
USC00302036	DELHI	20030108	432	22	-22	432	22	-22	432.8	42.255	-74.912
USC00302036	DELHI	20030109	457	22	-56	457	22	-56	432.8	42.255	-74.912
USC00302036	DELHI	20030110	432	-56	-117	432	-56	-117	432.8	42.255	-74.912
USC00302036	DELHI	20030111	432	-56	-94	432	-56	-94	432.8	42.255	-74.912
USC00302036	DELHI	20030112	406	-44	-167	406	-44	-167	432.8	42.255	-74.912
USC00302036	DELHI	20030113	406	-39	-183	406	-39	-183	432.8	42.255	-74.912
USC00302036	DELHI	20030114	406	-89	-200	406	-89	-200	432.8	42.255	-74.912
USC00302036	DELHI	20030115	432	-78	-178	432	-78	-178	432.8	42.255	-74.912
USC00302036	DELHI	20030116	432	-67	-172	432	-67	-172	432.8	42.255	-74.912
USC00302036	DELHI	20030117	432	-78	-267	432	-78	-267	432.8	42.255	-74.912
USC00302036	DELHI	20030118	406	-78	-250	406	-78	-250	432.8	42.255	-74.912
USC00302036	DELHI	20030119	406	-61	-200	406	-61	-200	432.8	42.255	-74.912
USC00302036	DELHI	20030120	406	-83	-228	406	-83	-228	432.8	42.255	-74.912
USC00302036	DELHI	20030121	406	-106	-211	406	-106	-211	432.8	42.255	-74.912
USC00302036	DELHI	20030122	406	-133	-244	406	-133	-244	432.8	42.255	-74.912
USC00302036	DELHI	20030123	406	-117	-244	406	-117	-244	432.8	42.255	-74.912
USC00302036	DELHI	20030124	406	-89	-200	406	-89	-200	432.8	42.255	-74.912
USC00302036	DELHI	20030125	406	-56	-117	406	-56	-117	432.8	42.255	-74.912
USC00302036	DELHI	20030126	457	-44	-200	457	-44	-200	432.8	42.255	-74.912
USC00302036	DELHI	20030127	457	-161	-289	457	-161	-289	432.8	42.255	-74.912
USC00302036	DELHI	20030128	432	-228	-233	432	-228	-233	432.8	42.255	-74.912
USC00302036	DELHI	20030129	432	-89	-228	432	-89	-228	432.8	42.255	-74.912
USC00302036	DELHI	20030130	432	-17	-183	432	-17	-183	432.8	42.255	-74.912
USC00302036	DELHI	20030131	432	6	-194	432	6	-194	432.8	42.255	-74.912
USC00302036	DELHI	20040101	25	17	-39	25	17	-39	432.8	42.255	-74.912
USC00302036	DELHI	20040102	9999	67	6	NA	67	6	432.8	42.255	-74.912
USC00302036	DELHI	20040103	9999	122	44	NA	122	44	432.8	42.255	-74.912
USC00302036	DELHI	20040104	25	50	-11	25	50	-11	432.8	42.255	-74.912
USC00302036	DELHI	20040105	9999	17	-56	NA	17	-56	432.8	42.255	-74.912
USC00302036	DELHI	20040106	25	-17	-139	25	-17	-139	432.8	42.255	-74.912
USC00302036	DELHI	20040107	51	-94	-144	51	-94	-144	432.8	42.255	-74.912
USC00302036	DELHI	20040108	51	-56	-228	51	-56	-228	432.8	42.255	-74.912
USC00302036	DELHI	20040109	51	-167	-272	51	-167	-272	432.8	42.255	-74.912
USC00302036	DELHI	20040110	51	-156	-272	51	-156	-272	432.8	42.255	-74.912
USC00302036	DELHI	20040111	127	-39	-211	127	-39	-211	432.8	42.255	-74.912
USC00302036	DELHI	20040112	127	-6	-39	127	-6	-39	432.8	42.255	-74.912
USC00302036	DELHI	20040113	152	0	-267	152	0	-267	432.8	42.255	-74.912
USC00302036	DELHI	20040114	178	-167	-267	178	-167	-267	432.8	42.255	-74.912
USC00302036	DELHI	20040115	178	-156	-233	178	-156	-233	432.8	42.255	-74.912
USC00302036	DELHI	20040116	178	-111	-189	178	-111	-189	432.8	42.255	-74.912
USC00302036	DELHI	20040117	178	-33	-156	178	-33	-156	432.8	42.255	-74.912
USC00302036	DELHI	20040118	203	-17	-122	203	-17	-122	432.8	42.255	-74.912
USC00302036	DELHI	20040119	203	-100	-122	203	-100	-122	432.8	42.255	-74.912
USC00302036	DELHI	20040120	203	-78	-133	203	-78	-133	432.8	42.255	-74.912
USC00302036	DELHI	20040121	203	-67	-178	203	-67	-178	432.8	42.255	-74.912
USC00302036	DELHI	20040122	203	-17	-167	203	-17	-167	432.8	42.255	-74.912
USC00302036	DELHI	20040123	203	-111	-211	203	-111	-211	432.8	42.255	-74.912
USC00302036	DELHI	20040124	203	-111	-267	203	-111	-267	432.8	42.255	-74.912
USC00302036	DELHI	20040125	178	-106	-267	178	-106	-267	432.8	42.255	-74.912
USC00302036	DELHI	20040126	203	-78	-178	203	-78	-178	432.8	42.255	-74.912
USC00302036	DELHI	20040127	432	-39	-100	432	-39	-100	432.8	42.255	-74.912
USC00302036	DELHI	20040128	457	-50	-106	457	-50	-106	432.8	42.255	-74.912
USC00302036	DELHI	20040129	406	-72	-161	406	-72	-161	432.8	42.255	-74.912
USC00302036	DELHI	20040130	381	-83	-156	381	-83	-156	432.8	42.255	-74.912
USC00302036	DELHI	20040131	381	-83	-117	381	-83	-117	432.8	42.255	-74.912
USC00302036	DELHI	20050101	9999	61	-22	NA	61	-22	432.8	42.255	-74.912
USC00302036	DELHI	20050102	9999	56	-11	NA	56	-11	432.8	42.255	-74.912
USC00302036	DELHI	20050103	9999	67	22	NA	67	22	432.8	42.255	-74.912
USC00302036	DELHI	20050104	25	39	-22	25	39	-22	432.8	42.255	-74.912
USC00302036	DELHI	20050105	152	-17	-44	152	-17	-44	432.8	42.255	-74.912
USC00302036	DELHI	20050106	76	17	-44	76	17	-44	432.8	42.255	-74.912
USC00302036	DELHI	20050107	76	-17	-72	76	-17	-72	432.8	42.255	-74.912
USC00302036	DELHI	20050108	76	11	-56	76	11	-56	432.8	42.255	-74.912
USC00302036	DELHI	20050109	76	6	-50	76	6	-50	432.8	42.255	-74.912
USC00302036	DELHI	20050110	76	17	-33	76	17	-33	432.8	42.255	-74.912
USC00302036	DELHI	20050111	102	17	-33	102	17	-33	432.8	42.255	-74.912
USC00302036	DELHI	20050112	51	67	17	51	67	17	432.8	42.255	-74.912
USC00302036	DELHI	20050113	25	150	0	25	150	0	432.8	42.255	-74.912
USC00302036	DELHI	20050114	76	0	-133	76	0	-133	432.8	42.255	-74.912
USC00302036	DELHI	20050115	51	-44	-128	51	-44	-128	432.8	42.255	-74.912
USC00302036	DELHI	20050116	76	-44	-117	76	-44	-117	432.8	42.255	-74.912
USC00302036	DELHI	20050117	76	-83	-206	76	-83	-206	432.8	42.255	-74.912
USC00302036	DELHI	20050118	76	-139	-233	76	-139	-233	432.8	42.255	-74.912
USC00302036	DELHI	20050119	203	-67	-139	203	-67	-139	432.8	42.255	-74.912
USC00302036	DELHI	20050120	178	-78	-283	178	-78	-283	432.8	42.255	-74.912
USC00302036	DELHI	20050121	152	-156	-289	152	-156	-289	432.8	42.255	-74.912
USC00302036	DELHI	20050122	381	-89	-261	381	-89	-261	432.8	42.255	-74.912
USC00302036	DELHI	20050123	305	-133	-256	305	-133	-256	432.8	42.255	-74.912
USC00302036	DELHI	20050124	330	-89	-217	330	-89	-217	432.8	42.255	-74.912
USC00302036	DELHI	20050125	356	-44	-100	356	-44	-100	432.8	42.255	-74.912
USC00302036	DELHI	20050126	305	-28	-233	305	-28	-233	432.8	42.255	-74.912
USC00302036	DELHI	20050127	305	-122	-300	305	-122	-300	432.8	42.255	-74.912
USC00302036	DELHI	20050128	279	-61	-300	279	-61	-300	432.8	42.255	-74.912
USC00302036	DELHI	20050129	279	22	-233	279	22	-233	432.8	42.255	-74.912
USC00302036	DELHI	20050130	254	17	-206	254	17	-206	432.8	42.255	-74.912
USC00302036	DELHI	20050131	9999	28	-206	NA	28	-206	432.8	42.255	-74.912
