STATION	NAME	DATE	SNWD	TMAX	TMIN	SNWD2	TMAX2	TMIN2	ELEV	LAT	LONG
USC00302060	DEPOSIT	19950101	9999	39	-6	NA	39	-6	304.8	42.062	-75.426
USC00302060	DEPOSIT	19950102	9999	28	-50	NA	28	-50	304.8	42.062	-75.426
USC00302060	DEPOSIT	19950103	9999	-39	-122	NA	-39	-122	304.8	42.062	-75.426
USC00302060	DEPOSIT	19950104	9999	-50	-133	NA	-50	-133	304.8	42.062	-75.426
USC00302060	DEPOSIT	19950105	9999	-67	-161	NA	-67	-161	304.8	42.062	-75.426
USC00302060	DEPOSIT	19950106	9999	-33	-172	NA	-33	-172	304.8	42.062	-75.426
USC00302060	DEPOSIT	19950107	9999	6	-44	NA	6	-44	304.8	42.062	-75.426
USC00302060	DEPOSIT	19950108	9999	0	-78	NA	0	-78	304.8	42.062	-75.426
USC00302060	DEPOSIT	19950109	9999	-28	-67	NA	-28	-67	304.8	42.062	-75.426
USC00302060	DEPOSIT	19950110	9999	-50	-161	NA	-50	-161	304.8	42.062	-75.426
USC00302060	DEPOSIT	19950111	9999	-56	-122	NA	-56	-122	304.8	42.062	-75.426
USC00302060	DEPOSIT	19950112	9999	17	-61	NA	17	-61	304.8	42.062	-75.426
USC00302060	DEPOSIT	19950113	9999	94	6	NA	94	6	304.8	42.062	-75.426
USC00302060	DEPOSIT	19950114	9999	144	6	NA	144	6	304.8	42.062	-75.426
USC00302060	DEPOSIT	19950115	9999	161	133	NA	161	133	304.8	42.062	-75.426
USC00302060	DEPOSIT	19950116	9999	167	72	NA	167	72	304.8	42.062	-75.426
USC00302060	DEPOSIT	19950117	9999	72	17	NA	72	17	304.8	42.062	-75.426
USC00302060	DEPOSIT	19950118	9999	44	11	NA	44	11	304.8	42.062	-75.426
USC00302060	DEPOSIT	19950119	9999	39	17	NA	39	17	304.8	42.062	-75.426
USC00302060	DEPOSIT	19950120	9999	94	33	NA	94	33	304.8	42.062	-75.426
USC00302060	DEPOSIT	19950121	9999	56	0	NA	56	0	304.8	42.062	-75.426
USC00302060	DEPOSIT	19950122	9999	0	-33	NA	0	-33	304.8	42.062	-75.426
USC00302060	DEPOSIT	19950123	9999	-11	-83	NA	-11	-83	304.8	42.062	-75.426
USC00302060	DEPOSIT	19950124	9999	-6	-44	NA	-6	-44	304.8	42.062	-75.426
USC00302060	DEPOSIT	19950125	9999	-6	-28	NA	-6	-28	304.8	42.062	-75.426
USC00302060	DEPOSIT	19950126	9999	-11	-28	NA	-11	-28	304.8	42.062	-75.426
USC00302060	DEPOSIT	19950127	9999	-17	-67	NA	-17	-67	304.8	42.062	-75.426
USC00302060	DEPOSIT	19950128	9999	-39	-178	NA	-39	-178	304.8	42.062	-75.426
USC00302060	DEPOSIT	19950129	9999	6	-194	NA	6	-194	304.8	42.062	-75.426
USC00302060	DEPOSIT	19950130	9999	22	-167	NA	22	-167	304.8	42.062	-75.426
USC00302060	DEPOSIT	19950131	9999	28	-72	NA	28	-72	304.8	42.062	-75.426
USC00302060	DEPOSIT	19960101	9999	33	-44	NA	33	-44	304.8	42.062	-75.426
USC00302060	DEPOSIT	19960102	9999	11	-44	NA	11	-44	304.8	42.062	-75.426
USC00302060	DEPOSIT	19960103	9999	-44	-94	NA	-44	-94	304.8	42.062	-75.426
USC00302060	DEPOSIT	19960104	9999	-83	-183	NA	-83	-183	304.8	42.062	-75.426
USC00302060	DEPOSIT	19960105	9999	-78	-194	NA	-78	-194	304.8	42.062	-75.426
USC00302060	DEPOSIT	19960106	9999	-122	-294	NA	-122	-294	304.8	42.062	-75.426
USC00302060	DEPOSIT	19960107	9999	-106	-222	NA	-106	-222	304.8	42.062	-75.426
USC00302060	DEPOSIT	19960108	9999	-67	-128	NA	-67	-128	304.8	42.062	-75.426
USC00302060	DEPOSIT	19960109	9999	-56	-200	NA	-56	-200	304.8	42.062	-75.426
USC00302060	DEPOSIT	19960110	9999	-56	-106	NA	-56	-106	304.8	42.062	-75.426
USC00302060	DEPOSIT	19960111	9999	-111	-217	NA	-111	-217	304.8	42.062	-75.426
USC00302060	DEPOSIT	19960112	9999	-33	-117	NA	-33	-117	304.8	42.062	-75.426
USC00302060	DEPOSIT	19960113	9999	-33	-67	NA	-33	-67	304.8	42.062	-75.426
USC00302060	DEPOSIT	19960114	9999	44	-72	NA	44	-72	304.8	42.062	-75.426
USC00302060	DEPOSIT	19960115	9999	28	-100	NA	28	-100	304.8	42.062	-75.426
USC00302060	DEPOSIT	19960116	9999	-72	-222	NA	-72	-222	304.8	42.062	-75.426
USC00302060	DEPOSIT	19960117	9999	67	-72	NA	67	-72	304.8	42.062	-75.426
USC00302060	DEPOSIT	19960118	9999	100	-6	NA	100	-6	304.8	42.062	-75.426
USC00302060	DEPOSIT	19960119	9999	122	61	NA	122	61	304.8	42.062	-75.426
USC00302060	DEPOSIT	19960120	9999	-33	-106	NA	-33	-106	304.8	42.062	-75.426
USC00302060	DEPOSIT	19960121	9999	-28	-128	NA	-28	-128	304.8	42.062	-75.426
USC00302060	DEPOSIT	19960122	9999	28	-89	NA	28	-89	304.8	42.062	-75.426
USC00302060	DEPOSIT	19960123	9999	11	-61	NA	11	-61	304.8	42.062	-75.426
USC00302060	DEPOSIT	19960124	9999	72	0	NA	72	0	304.8	42.062	-75.426
USC00302060	DEPOSIT	19960125	9999	50	-117	NA	50	-117	304.8	42.062	-75.426
USC00302060	DEPOSIT	19960126	9999	0	-117	NA	0	-117	304.8	42.062	-75.426
USC00302060	DEPOSIT	19960127	9999	94	-6	NA	94	-6	304.8	42.062	-75.426
USC00302060	DEPOSIT	19960128	9999	6	-78	NA	6	-78	304.8	42.062	-75.426
USC00302060	DEPOSIT	19960129	9999	-33	-111	NA	-33	-111	304.8	42.062	-75.426
USC00302060	DEPOSIT	19960130	9999	39	-111	NA	39	-111	304.8	42.062	-75.426
USC00302060	DEPOSIT	19960131	9999	-28	-111	NA	-28	-111	304.8	42.062	-75.426
USC00302060	DEPOSIT	19970101	9999	-67	-11	NA	-67	-11	304.8	42.062	-75.426
USC00302060	DEPOSIT	19970102	9999	-11	-78	NA	-11	-78	304.8	42.062	-75.426
USC00302060	DEPOSIT	19970103	9999	56	-11	NA	56	-11	304.8	42.062	-75.426
USC00302060	DEPOSIT	19970104	9999	44	6	NA	44	6	304.8	42.062	-75.426
USC00302060	DEPOSIT	19970105	9999	83	33	NA	83	33	304.8	42.062	-75.426
USC00302060	DEPOSIT	19970106	9999	83	6	NA	83	6	304.8	42.062	-75.426
USC00302060	DEPOSIT	19970107	9999	-17	-50	NA	-17	-50	304.8	42.062	-75.426
USC00302060	DEPOSIT	19970108	9999	-33	-83	NA	-33	-83	304.8	42.062	-75.426
USC00302060	DEPOSIT	19970109	9999	-22	-122	NA	-22	-122	304.8	42.062	-75.426
USC00302060	DEPOSIT	19970110	9999	0	-22	NA	0	-22	304.8	42.062	-75.426
USC00302060	DEPOSIT	19970111	9999	-22	-94	NA	-22	-94	304.8	42.062	-75.426
USC00302060	DEPOSIT	19970112	9999	-61	-117	NA	-61	-117	304.8	42.062	-75.426
USC00302060	DEPOSIT	19970113	9999	-56	-89	NA	-56	-89	304.8	42.062	-75.426
USC00302060	DEPOSIT	19970114	9999	17	-161	NA	17	-161	304.8	42.062	-75.426
USC00302060	DEPOSIT	19970115	9999	0	-28	NA	0	-28	304.8	42.062	-75.426
USC00302060	DEPOSIT	19970116	9999	11	-100	NA	11	-100	304.8	42.062	-75.426
USC00302060	DEPOSIT	19970117	9999	-122	-156	NA	-122	-156	304.8	42.062	-75.426
USC00302060	DEPOSIT	19970118	9999	-122	-200	NA	-122	-200	304.8	42.062	-75.426
USC00302060	DEPOSIT	19970119	9999	-100	-267	NA	-100	-267	304.8	42.062	-75.426
USC00302060	DEPOSIT	19970120	9999	-67	-194	NA	-67	-194	304.8	42.062	-75.426
USC00302060	DEPOSIT	19970121	9999	-17	-144	NA	-17	-144	304.8	42.062	-75.426
USC00302060	DEPOSIT	19970122	9999	61	-72	NA	61	-72	304.8	42.062	-75.426
USC00302060	DEPOSIT	19970123	9999	67	6	NA	67	6	304.8	42.062	-75.426
USC00302060	DEPOSIT	19970124	9999	-50	-117	NA	-50	-117	304.8	42.062	-75.426
USC00302060	DEPOSIT	19970125	9999	72	-106	NA	72	-106	304.8	42.062	-75.426
USC00302060	DEPOSIT	19970126	9999	0	-83	NA	0	-83	304.8	42.062	-75.426
USC00302060	DEPOSIT	19970127	9999	-56	-161	NA	-56	-161	304.8	42.062	-75.426
USC00302060	DEPOSIT	19970128	9999	22	-67	NA	22	-67	304.8	42.062	-75.426
USC00302060	DEPOSIT	19970129	9999	-67	-144	NA	-67	-144	304.8	42.062	-75.426
USC00302060	DEPOSIT	19970130	9999	-44	-156	NA	-44	-156	304.8	42.062	-75.426
USC00302060	DEPOSIT	19970131	9999	-6	-67	NA	-6	-67	304.8	42.062	-75.426
USC00302060	DEPOSIT	19980101	9999	-72	-233	NA	-72	-233	304.8	42.062	-75.426
USC00302060	DEPOSIT	19980102	9999	56	-67	NA	56	-67	304.8	42.062	-75.426
USC00302060	DEPOSIT	19980103	9999	117	6	NA	117	6	304.8	42.062	-75.426
USC00302060	DEPOSIT	19980104	9999	39	11	NA	39	11	304.8	42.062	-75.426
USC00302060	DEPOSIT	19980105	9999	56	11	NA	56	11	304.8	42.062	-75.426
USC00302060	DEPOSIT	19980106	9999	94	0	NA	94	0	304.8	42.062	-75.426
USC00302060	DEPOSIT	19980107	9999	106	-11	NA	106	-11	304.8	42.062	-75.426
USC00302060	DEPOSIT	19980108	9999	133	44	NA	133	44	304.8	42.062	-75.426
USC00302060	DEPOSIT	19980109	9999	172	78	NA	172	78	304.8	42.062	-75.426
USC00302060	DEPOSIT	19980110	9999	72	-6	NA	72	-6	304.8	42.062	-75.426
USC00302060	DEPOSIT	19980111	9999	72	-39	NA	72	-39	304.8	42.062	-75.426
USC00302060	DEPOSIT	19980112	9999	28	-61	NA	28	-61	304.8	42.062	-75.426
USC00302060	DEPOSIT	19980113	9999	44	-56	NA	44	-56	304.8	42.062	-75.426
USC00302060	DEPOSIT	19980114	9999	-28	-100	NA	-28	-100	304.8	42.062	-75.426
USC00302060	DEPOSIT	19980115	9999	-33	-100	NA	-33	-100	304.8	42.062	-75.426
USC00302060	DEPOSIT	19980116	9999	22	-67	NA	22	-67	304.8	42.062	-75.426
USC00302060	DEPOSIT	19980117	9999	6	-22	NA	6	-22	304.8	42.062	-75.426
USC00302060	DEPOSIT	19980118	9999	0	-22	NA	0	-22	304.8	42.062	-75.426
USC00302060	DEPOSIT	19980119	9999	17	-28	NA	17	-28	304.8	42.062	-75.426
USC00302060	DEPOSIT	19980120	9999	17	-78	NA	17	-78	304.8	42.062	-75.426
USC00302060	DEPOSIT	19980121	9999	-33	-89	NA	-33	-89	304.8	42.062	-75.426
USC00302060	DEPOSIT	19980122	9999	-22	-83	NA	-22	-83	304.8	42.062	-75.426
USC00302060	DEPOSIT	19980123	9999	0	-44	NA	0	-44	304.8	42.062	-75.426
USC00302060	DEPOSIT	19980124	9999	11	-17	NA	11	-17	304.8	42.062	-75.426
USC00302060	DEPOSIT	19980125	9999	0	-33	NA	0	-33	304.8	42.062	-75.426
USC00302060	DEPOSIT	19980126	9999	0	-128	NA	0	-128	304.8	42.062	-75.426
USC00302060	DEPOSIT	19980127	9999	0	-100	NA	0	-100	304.8	42.062	-75.426
USC00302060	DEPOSIT	19980128	9999	17	-56	NA	17	-56	304.8	42.062	-75.426
USC00302060	DEPOSIT	19980129	9999	78	-111	NA	78	-111	304.8	42.062	-75.426
USC00302060	DEPOSIT	19980130	9999	17	-111	NA	17	-111	304.8	42.062	-75.426
USC00302060	DEPOSIT	19980131	9999	6	-44	NA	6	-44	304.8	42.062	-75.426
USC00302060	DEPOSIT	19990101	9999	-72	-167	NA	-72	-167	304.8	42.062	-75.426
USC00302060	DEPOSIT	19990102	9999	-94	-217	NA	-94	-217	304.8	42.062	-75.426
USC00302060	DEPOSIT	19990103	9999	33	-106	NA	33	-106	304.8	42.062	-75.426
USC00302060	DEPOSIT	19990104	9999	11	-106	NA	11	-106	304.8	42.062	-75.426
USC00302060	DEPOSIT	19990105	9999	-56	-156	NA	-56	-156	304.8	42.062	-75.426
USC00302060	DEPOSIT	19990106	9999	-72	-194	NA	-72	-194	304.8	42.062	-75.426
USC00302060	DEPOSIT	19990107	9999	-39	-89	NA	-39	-89	304.8	42.062	-75.426
USC00302060	DEPOSIT	19990108	9999	-78	-189	NA	-78	-189	304.8	42.062	-75.426
USC00302060	DEPOSIT	19990109	9999	28	-189	NA	28	-189	304.8	42.062	-75.426
USC00302060	DEPOSIT	19990110	9999	-56	-122	NA	-56	-122	304.8	42.062	-75.426
USC00302060	DEPOSIT	19990111	9999	-78	-122	NA	-78	-122	304.8	42.062	-75.426
USC00302060	DEPOSIT	19990112	9999	0	-133	NA	0	-133	304.8	42.062	-75.426
USC00302060	DEPOSIT	19990113	9999	6	-133	NA	6	-133	304.8	42.062	-75.426
USC00302060	DEPOSIT	19990114	9999	-94	-156	NA	-94	-156	304.8	42.062	-75.426
USC00302060	DEPOSIT	19990115	9999	0	-156	NA	0	-156	304.8	42.062	-75.426
USC00302060	DEPOSIT	19990116	9999	-11	-178	NA	-11	-178	304.8	42.062	-75.426
USC00302060	DEPOSIT	19990117	9999	72	-156	NA	72	-156	304.8	42.062	-75.426
USC00302060	DEPOSIT	19990118	9999	83	-89	NA	83	-89	304.8	42.062	-75.426
USC00302060	DEPOSIT	19990119	9999	39	-11	NA	39	-11	304.8	42.062	-75.426
USC00302060	DEPOSIT	19990120	9999	44	-83	NA	44	-83	304.8	42.062	-75.426
USC00302060	DEPOSIT	19990121	9999	28	-106	NA	28	-106	304.8	42.062	-75.426
USC00302060	DEPOSIT	19990122	9999	28	-83	NA	28	-83	304.8	42.062	-75.426
USC00302060	DEPOSIT	19990123	9999	50	6	NA	50	6	304.8	42.062	-75.426
USC00302060	DEPOSIT	19990124	9999	100	28	NA	100	28	304.8	42.062	-75.426
USC00302060	DEPOSIT	19990125	9999	17	-11	NA	17	-11	304.8	42.062	-75.426
USC00302060	DEPOSIT	19990126	9999	17	-111	NA	17	-111	304.8	42.062	-75.426
USC00302060	DEPOSIT	19990127	9999	17	-83	NA	17	-83	304.8	42.062	-75.426
USC00302060	DEPOSIT	19990128	9999	11	-72	NA	11	-72	304.8	42.062	-75.426
USC00302060	DEPOSIT	19990129	9999	11	-67	NA	11	-67	304.8	42.062	-75.426
USC00302060	DEPOSIT	19990130	9999	0	-94	NA	0	-94	304.8	42.062	-75.426
USC00302060	DEPOSIT	19990131	9999	6	-172	NA	6	-172	304.8	42.062	-75.426
USC00302060	DEPOSIT	20000101	9999	94	-83	NA	94	-83	304.8	42.062	-75.426
USC00302060	DEPOSIT	20000102	9999	94	-50	NA	94	-50	304.8	42.062	-75.426
USC00302060	DEPOSIT	20000103	9999	128	111	NA	128	111	304.8	42.062	-75.426
USC00302060	DEPOSIT	20000104	9999	156	122	NA	156	122	304.8	42.062	-75.426
USC00302060	DEPOSIT	20000105	9999	-22	-50	NA	-22	-50	304.8	42.062	-75.426
USC00302060	DEPOSIT	20000106	9999	6	-111	NA	6	-111	304.8	42.062	-75.426
USC00302060	DEPOSIT	20000107	9999	39	-78	NA	39	-78	304.8	42.062	-75.426
USC00302060	DEPOSIT	20000108	9999	28	-106	NA	28	-106	304.8	42.062	-75.426
USC00302060	DEPOSIT	20000109	9999	50	-39	NA	50	-39	304.8	42.062	-75.426
USC00302060	DEPOSIT	20000110	9999	50	17	NA	50	17	304.8	42.062	-75.426
USC00302060	DEPOSIT	20000111	9999	72	-17	NA	72	-17	304.8	42.062	-75.426
USC00302060	DEPOSIT	20000112	9999	28	-6	NA	28	-6	304.8	42.062	-75.426
USC00302060	DEPOSIT	20000113	9999	-17	-39	NA	-17	-39	304.8	42.062	-75.426
USC00302060	DEPOSIT	20000114	9999	-111	-150	NA	-111	-150	304.8	42.062	-75.426
USC00302060	DEPOSIT	20000115	9999	-44	-200	NA	-44	-200	304.8	42.062	-75.426
USC00302060	DEPOSIT	20000116	9999	22	-67	NA	22	-67	304.8	42.062	-75.426
USC00302060	DEPOSIT	20000117	9999	-144	-206	NA	-144	-206	304.8	42.062	-75.426
USC00302060	DEPOSIT	20000118	9999	-128	-239	NA	-128	-239	304.8	42.062	-75.426
USC00302060	DEPOSIT	20000119	9999	-56	-156	NA	-56	-156	304.8	42.062	-75.426
USC00302060	DEPOSIT	20000120	9999	-44	-94	NA	-44	-94	304.8	42.062	-75.426
USC00302060	DEPOSIT	20000121	9999	-144	-150	NA	-144	-150	304.8	42.062	-75.426
USC00302060	DEPOSIT	20000122	9999	-111	-189	NA	-111	-189	304.8	42.062	-75.426
USC00302060	DEPOSIT	20000123	9999	-56	-206	NA	-56	-206	304.8	42.062	-75.426
USC00302060	DEPOSIT	20000124	9999	17	-72	NA	17	-72	304.8	42.062	-75.426
USC00302060	DEPOSIT	20000125	9999	-56	-111	NA	-56	-111	304.8	42.062	-75.426
USC00302060	DEPOSIT	20000126	9999	-61	-111	NA	-61	-111	304.8	42.062	-75.426
USC00302060	DEPOSIT	20000127	9999	-89	-183	NA	-89	-183	304.8	42.062	-75.426
USC00302060	DEPOSIT	20000128	9999	-94	-167	NA	-94	-167	304.8	42.062	-75.426
USC00302060	DEPOSIT	20000129	9999	-6	-261	NA	-6	-261	304.8	42.062	-75.426
USC00302060	DEPOSIT	20000130	9999	-11	-206	NA	-11	-206	304.8	42.062	-75.426
USC00302060	DEPOSIT	20000131	9999	-17	-56	NA	-17	-56	304.8	42.062	-75.426
USC00302060	DEPOSIT	20010101	9999	-50	-100	NA	-50	-100	304.8	42.062	-75.426
USC00302060	DEPOSIT	20010102	9999	-78	-200	NA	-78	-200	304.8	42.062	-75.426
USC00302060	DEPOSIT	20010103	9999	-17	-89	NA	-17	-89	304.8	42.062	-75.426
USC00302060	DEPOSIT	20010104	9999	-17	-128	NA	-17	-128	304.8	42.062	-75.426
USC00302060	DEPOSIT	20010105	9999	-50	-106	NA	-50	-106	304.8	42.062	-75.426
USC00302060	DEPOSIT	20010106	9999	0	-117	NA	0	-117	304.8	42.062	-75.426
USC00302060	DEPOSIT	20010107	9999	17	-72	NA	17	-72	304.8	42.062	-75.426
USC00302060	DEPOSIT	20010108	9999	6	-67	NA	6	-67	304.8	42.062	-75.426
USC00302060	DEPOSIT	20010109	9999	-11	-72	NA	-11	-72	304.8	42.062	-75.426
USC00302060	DEPOSIT	20010110	9999	-50	-111	NA	-50	-111	304.8	42.062	-75.426
USC00302060	DEPOSIT	20010111	9999	11	-189	NA	11	-189	304.8	42.062	-75.426
USC00302060	DEPOSIT	20010112	9999	28	-33	NA	28	-33	304.8	42.062	-75.426
USC00302060	DEPOSIT	20010113	9999	44	-144	NA	44	-144	304.8	42.062	-75.426
USC00302060	DEPOSIT	20010114	9999	22	-89	NA	22	-89	304.8	42.062	-75.426
USC00302060	DEPOSIT	20010115	9999	6	-6	NA	6	-6	304.8	42.062	-75.426
USC00302060	DEPOSIT	20010116	9999	33	0	NA	33	0	304.8	42.062	-75.426
USC00302060	DEPOSIT	20010117	9999	22	6	NA	22	6	304.8	42.062	-75.426
USC00302060	DEPOSIT	20010118	9999	11	-67	NA	11	-67	304.8	42.062	-75.426
USC00302060	DEPOSIT	20010119	9999	11	-6	NA	11	-6	304.8	42.062	-75.426
USC00302060	DEPOSIT	20010120	9999	-17	-28	NA	-17	-28	304.8	42.062	-75.426
USC00302060	DEPOSIT	20010121	9999	-50	-100	NA	-50	-100	304.8	42.062	-75.426
USC00302060	DEPOSIT	20010122	9999	-11	-156	NA	-11	-156	304.8	42.062	-75.426
USC00302060	DEPOSIT	20010123	9999	22	-189	NA	22	-189	304.8	42.062	-75.426
USC00302060	DEPOSIT	20010124	9999	22	-100	NA	22	-100	304.8	42.062	-75.426
USC00302060	DEPOSIT	20010125	9999	-28	-67	NA	-28	-67	304.8	42.062	-75.426
USC00302060	DEPOSIT	20010126	9999	-11	-161	NA	-11	-161	304.8	42.062	-75.426
USC00302060	DEPOSIT	20010127	9999	6	-56	NA	6	-56	304.8	42.062	-75.426
USC00302060	DEPOSIT	20010128	9999	-17	-67	NA	-17	-67	304.8	42.062	-75.426
USC00302060	DEPOSIT	20010129	9999	39	-183	NA	39	-183	304.8	42.062	-75.426
USC00302060	DEPOSIT	20010130	9999	44	-22	NA	44	-22	304.8	42.062	-75.426
USC00302060	DEPOSIT	20010131	9999	61	-17	NA	61	-17	304.8	42.062	-75.426
USC00302060	DEPOSIT	20020101	9999	-28	-150	NA	-28	-150	304.8	42.062	-75.426
USC00302060	DEPOSIT	20020102	9999	-22	-117	NA	-22	-117	304.8	42.062	-75.426
USC00302060	DEPOSIT	20020103	9999	-33	-89	NA	-33	-89	304.8	42.062	-75.426
USC00302060	DEPOSIT	20020104	9999	6	-94	NA	6	-94	304.8	42.062	-75.426
USC00302060	DEPOSIT	20020105	9999	28	-17	NA	28	-17	304.8	42.062	-75.426
USC00302060	DEPOSIT	20020106	9999	28	-67	NA	28	-67	304.8	42.062	-75.426
USC00302060	DEPOSIT	20020107	9999	33	-17	NA	33	-17	304.8	42.062	-75.426
USC00302060	DEPOSIT	20020108	9999	-17	-117	NA	-17	-117	304.8	42.062	-75.426
USC00302060	DEPOSIT	20020109	9999	39	-78	NA	39	-78	304.8	42.062	-75.426
USC00302060	DEPOSIT	20020110	9999	67	-33	NA	67	-33	304.8	42.062	-75.426
USC00302060	DEPOSIT	20020111	9999	33	-28	NA	33	-28	304.8	42.062	-75.426
USC00302060	DEPOSIT	20020112	9999	61	0	NA	61	0	304.8	42.062	-75.426
USC00302060	DEPOSIT	20020113	9999	17	-39	NA	17	-39	304.8	42.062	-75.426
USC00302060	DEPOSIT	20020114	9999	17	-28	NA	17	-28	304.8	42.062	-75.426
USC00302060	DEPOSIT	20020115	9999	39	-11	NA	39	-11	304.8	42.062	-75.426
USC00302060	DEPOSIT	20020116	9999	6	-28	NA	6	-28	304.8	42.062	-75.426
USC00302060	DEPOSIT	20020117	9999	33	-33	NA	33	-33	304.8	42.062	-75.426
USC00302060	DEPOSIT	20020118	9999	-17	-83	NA	-17	-83	304.8	42.062	-75.426
USC00302060	DEPOSIT	20020119	9999	-61	-144	NA	-61	-144	304.8	42.062	-75.426
USC00302060	DEPOSIT	20020120	9999	-6	-150	NA	-6	-150	304.8	42.062	-75.426
USC00302060	DEPOSIT	20020121	9999	17	-106	NA	17	-106	304.8	42.062	-75.426
USC00302060	DEPOSIT	20020122	9999	56	-6	NA	56	-6	304.8	42.062	-75.426
USC00302060	DEPOSIT	20020123	9999	94	-94	NA	94	-94	304.8	42.062	-75.426
USC00302060	DEPOSIT	20020124	9999	22	6	NA	22	6	304.8	42.062	-75.426
USC00302060	DEPOSIT	20020125	9999	94	-11	NA	94	-11	304.8	42.062	-75.426
USC00302060	DEPOSIT	20020126	9999	100	-56	NA	100	-56	304.8	42.062	-75.426
USC00302060	DEPOSIT	20020127	9999	122	-83	NA	122	-83	304.8	42.062	-75.426
USC00302060	DEPOSIT	20020128	9999	117	-67	NA	117	-67	304.8	42.062	-75.426
USC00302060	DEPOSIT	20020129	9999	122	-33	NA	122	-33	304.8	42.062	-75.426
USC00302060	DEPOSIT	20020130	9999	56	22	NA	56	22	304.8	42.062	-75.426
USC00302060	DEPOSIT	20020131	9999	-6	-11	NA	-6	-11	304.8	42.062	-75.426
USC00302060	DEPOSIT	20030101	9999	17	0	NA	17	0	304.8	42.062	-75.426
USC00302060	DEPOSIT	20030102	9999	-17	-22	NA	-17	-22	304.8	42.062	-75.426
USC00302060	DEPOSIT	20030103	9999	-11	-50	NA	-11	-50	304.8	42.062	-75.426
USC00302060	DEPOSIT	20030104	9999	-6	-39	NA	-6	-39	304.8	42.062	-75.426
USC00302060	DEPOSIT	20030105	9999	-11	-33	NA	-11	-33	304.8	42.062	-75.426
USC00302060	DEPOSIT	20030106	9999	-17	-44	NA	-17	-44	304.8	42.062	-75.426
USC00302060	DEPOSIT	20030107	9999	-61	-94	NA	-61	-94	304.8	42.062	-75.426
USC00302060	DEPOSIT	20030108	9999	17	-28	NA	17	-28	304.8	42.062	-75.426
USC00302060	DEPOSIT	20030109	9999	33	-17	NA	33	-17	304.8	42.062	-75.426
USC00302060	DEPOSIT	20030110	9999	-22	-22	NA	-22	-22	304.8	42.062	-75.426
USC00302060	DEPOSIT	20030111	9999	-44	-100	NA	-44	-100	304.8	42.062	-75.426
USC00302060	DEPOSIT	20030112	9999	-22	-72	NA	-22	-72	304.8	42.062	-75.426
USC00302060	DEPOSIT	20030113	9999	-17	-178	NA	-17	-178	304.8	42.062	-75.426
USC00302060	DEPOSIT	20030114	9999	-67	-178	NA	-67	-178	304.8	42.062	-75.426
USC00302060	DEPOSIT	20030115	9999	-61	-167	NA	-61	-167	304.8	42.062	-75.426
USC00302060	DEPOSIT	20030116	9999	-44	-133	NA	-44	-133	304.8	42.062	-75.426
USC00302060	DEPOSIT	20030117	9999	-67	-144	NA	-67	-144	304.8	42.062	-75.426
USC00302060	DEPOSIT	20030118	9999	-78	-239	NA	-78	-239	304.8	42.062	-75.426
USC00302060	DEPOSIT	20030119	9999	-50	-200	NA	-50	-200	304.8	42.062	-75.426
USC00302060	DEPOSIT	20030120	9999	-67	-83	NA	-67	-83	304.8	42.062	-75.426
USC00302060	DEPOSIT	20030121	9999	-89	-206	NA	-89	-206	304.8	42.062	-75.426
USC00302060	DEPOSIT	20030122	9999	-111	-222	NA	-111	-222	304.8	42.062	-75.426
USC00302060	DEPOSIT	20030123	9999	-111	-222	NA	-111	-222	304.8	42.062	-75.426
USC00302060	DEPOSIT	20030124	9999	-83	-228	NA	-83	-228	304.8	42.062	-75.426
USC00302060	DEPOSIT	20030125	9999	-39	-144	NA	-39	-144	304.8	42.062	-75.426
USC00302060	DEPOSIT	20030126	9999	-33	-111	NA	-33	-111	304.8	42.062	-75.426
USC00302060	DEPOSIT	20030127	9999	-133	-194	NA	-133	-194	304.8	42.062	-75.426
USC00302060	DEPOSIT	20030128	9999	-78	-217	NA	-78	-217	304.8	42.062	-75.426
USC00302060	DEPOSIT	20030129	9999	-11	-100	NA	-11	-100	304.8	42.062	-75.426
USC00302060	DEPOSIT	20030130	9999	0	-178	NA	0	-178	304.8	42.062	-75.426
USC00302060	DEPOSIT	20030131	9999	17	-144	NA	17	-144	304.8	42.062	-75.426
USC00302060	DEPOSIT	20040101	9999	28	0	NA	28	0	304.8	42.062	-75.426
USC00302060	DEPOSIT	20040102	9999	22	-39	NA	22	-39	304.8	42.062	-75.426
USC00302060	DEPOSIT	20040103	9999	72	44	NA	72	44	304.8	42.062	-75.426
USC00302060	DEPOSIT	20040104	9999	44	39	NA	44	39	304.8	42.062	-75.426
USC00302060	DEPOSIT	20040105	9999	17	6	NA	17	6	304.8	42.062	-75.426
USC00302060	DEPOSIT	20040106	9999	-6	-44	NA	-6	-44	304.8	42.062	-75.426
USC00302060	DEPOSIT	20040107	9999	-83	-122	NA	-83	-122	304.8	42.062	-75.426
USC00302060	DEPOSIT	20040108	9999	-50	-150	NA	-50	-150	304.8	42.062	-75.426
USC00302060	DEPOSIT	20040109	9999	-144	-178	NA	-144	-178	304.8	42.062	-75.426
USC00302060	DEPOSIT	20040110	9999	-144	-244	NA	-144	-244	304.8	42.062	-75.426
USC00302060	DEPOSIT	20040111	9999	-72	-194	NA	-72	-194	304.8	42.062	-75.426
USC00302060	DEPOSIT	20040112	9999	-11	-56	NA	-11	-56	304.8	42.062	-75.426
USC00302060	DEPOSIT	20040113	9999	6	-11	NA	6	-11	304.8	42.062	-75.426
USC00302060	DEPOSIT	20040114	9999	-156	-233	NA	-156	-233	304.8	42.062	-75.426
USC00302060	DEPOSIT	20040115	9999	-150	-167	NA	-150	-167	304.8	42.062	-75.426
USC00302060	DEPOSIT	20040116	9999	-111	-172	NA	-111	-172	304.8	42.062	-75.426
USC00302060	DEPOSIT	20040117	9999	-61	-156	NA	-61	-156	304.8	42.062	-75.426
USC00302060	DEPOSIT	20040118	9999	-6	-50	NA	-6	-50	304.8	42.062	-75.426
USC00302060	DEPOSIT	20040119	9999	-89	-100	NA	-89	-100	304.8	42.062	-75.426
USC00302060	DEPOSIT	20040120	9999	-78	-106	NA	-78	-106	304.8	42.062	-75.426
USC00302060	DEPOSIT	20040121	9999	-61	-144	NA	-61	-144	304.8	42.062	-75.426
USC00302060	DEPOSIT	20040122	9999	-6	-100	NA	-6	-100	304.8	42.062	-75.426
USC00302060	DEPOSIT	20040123	9999	-72	-161	NA	-72	-161	304.8	42.062	-75.426
USC00302060	DEPOSIT	20040124	9999	-106	-189	NA	-106	-189	304.8	42.062	-75.426
USC00302060	DEPOSIT	20040125	9999	-106	-244	NA	-106	-244	304.8	42.062	-75.426
USC00302060	DEPOSIT	20040126	9999	-89	-150	NA	-89	-150	304.8	42.062	-75.426
USC00302060	DEPOSIT	20040127	9999	-122	-100	NA	-122	-100	304.8	42.062	-75.426
USC00302060	DEPOSIT	20040128	9999	-44	-67	NA	-44	-67	304.8	42.062	-75.426
USC00302060	DEPOSIT	20040129	9999	-78	-94	NA	-78	-94	304.8	42.062	-75.426
USC00302060	DEPOSIT	20040130	9999	-83	-211	NA	-83	-211	304.8	42.062	-75.426
USC00302060	DEPOSIT	20040131	9999	-72	-106	NA	-72	-106	304.8	42.062	-75.426
USC00302060	DEPOSIT	20050101	9999	56	44	NA	56	44	304.8	42.062	-75.426
USC00302060	DEPOSIT	20050102	9999	17	-11	NA	17	-11	304.8	42.062	-75.426
USC00302060	DEPOSIT	20050103	9999	44	17	NA	44	17	304.8	42.062	-75.426
USC00302060	DEPOSIT	20050104	9999	44	-6	NA	44	-6	304.8	42.062	-75.426
USC00302060	DEPOSIT	20050105	9999	-6	-11	NA	-6	-11	304.8	42.062	-75.426
USC00302060	DEPOSIT	20050106	9999	17	-22	NA	17	-22	304.8	42.062	-75.426
USC00302060	DEPOSIT	20050107	9999	-17	-17	NA	-17	-17	304.8	42.062	-75.426
USC00302060	DEPOSIT	20050108	9999	6	-28	NA	6	-28	304.8	42.062	-75.426
USC00302060	DEPOSIT	20050109	9999	-28	-33	NA	-28	-33	304.8	42.062	-75.426
USC00302060	DEPOSIT	20050110	9999	22	0	NA	22	0	304.8	42.062	-75.426
USC00302060	DEPOSIT	20050111	9999	-11	-28	NA	-11	-28	304.8	42.062	-75.426
USC00302060	DEPOSIT	20050112	9999	6	-6	NA	6	-6	304.8	42.062	-75.426
USC00302060	DEPOSIT	20050113	9999	83	17	NA	83	17	304.8	42.062	-75.426
USC00302060	DEPOSIT	20050114	9999	17	11	NA	17	11	304.8	42.062	-75.426
USC00302060	DEPOSIT	20050115	9999	-44	-122	NA	-44	-122	304.8	42.062	-75.426
USC00302060	DEPOSIT	20050116	9999	-39	-117	NA	-39	-117	304.8	42.062	-75.426
USC00302060	DEPOSIT	20050117	9999	-67	-89	NA	-67	-89	304.8	42.062	-75.426
USC00302060	DEPOSIT	20050118	9999	-156	-183	NA	-156	-183	304.8	42.062	-75.426
USC00302060	DEPOSIT	20050119	9999	-111	-178	NA	-111	-178	304.8	42.062	-75.426
USC00302060	DEPOSIT	20050120	9999	-72	-94	NA	-72	-94	304.8	42.062	-75.426
USC00302060	DEPOSIT	20050121	9999	-106	-267	NA	-106	-267	304.8	42.062	-75.426
USC00302060	DEPOSIT	20050122	9999	-111	-239	NA	-111	-239	304.8	42.062	-75.426
USC00302060	DEPOSIT	20050123	9999	-128	-133	NA	-128	-133	304.8	42.062	-75.426
USC00302060	DEPOSIT	20050124	9999	-89	-117	NA	-89	-117	304.8	42.062	-75.426
USC00302060	DEPOSIT	20050125	9999	-39	-78	NA	-39	-78	304.8	42.062	-75.426
USC00302060	DEPOSIT	20050126	9999	-22	-50	NA	-22	-50	304.8	42.062	-75.426
USC00302060	DEPOSIT	20050127	9999	-67	-244	NA	-67	-244	304.8	42.062	-75.426
USC00302060	DEPOSIT	20050128	9999	-61	-289	NA	-61	-289	304.8	42.062	-75.426
USC00302060	DEPOSIT	20050129	9999	-6	-244	NA	-6	-244	304.8	42.062	-75.426
USC00302060	DEPOSIT	20050130	9999	11	-89	NA	11	-89	304.8	42.062	-75.426
USC00302060	DEPOSIT	20050131	9999	17	-194	NA	17	-194	304.8	42.062	-75.426
