STATION	NAME	DATE	SNWD	TMAX	TMIN	SNWD2	TMAX2	TMIN2	ELEV	LAT	LONG
USC00332251	DORSET	19950101	0	56	6	0	56	6	298.7	41.68333	-80.66667
USC00332251	DORSET	19950102	0	56	-83	0	56	-83	298.7	41.68333	-80.66667
USC00332251	DORSET	19950103	0	-56	-100	0	-56	-100	298.7	41.68333	-80.66667
USC00332251	DORSET	19950104	0	-39	-122	0	-39	-122	298.7	41.68333	-80.66667
USC00332251	DORSET	19950105	102	-39	-178	102	-39	-178	298.7	41.68333	-80.66667
USC00332251	DORSET	19950106	51	-83	-172	51	-83	-172	298.7	41.68333	-80.66667
USC00332251	DORSET	19950107	127	0	-89	127	0	-89	298.7	41.68333	-80.66667
USC00332251	DORSET	19950108	102	-11	-89	102	-11	-89	298.7	41.68333	-80.66667
USC00332251	DORSET	19950109	102	-33	-72	102	-33	-72	298.7	41.68333	-80.66667
USC00332251	DORSET	19950110	102	-44	-100	102	-44	-100	298.7	41.68333	-80.66667
USC00332251	DORSET	19950111	76	-22	-89	76	-22	-89	298.7	41.68333	-80.66667
USC00332251	DORSET	19950112	0	72	-22	0	72	-22	298.7	41.68333	-80.66667
USC00332251	DORSET	19950113	0	133	72	0	133	72	298.7	41.68333	-80.66667
USC00332251	DORSET	19950114	0	178	56	0	178	56	298.7	41.68333	-80.66667
USC00332251	DORSET	19950115	0	194	61	0	194	61	298.7	41.68333	-80.66667
USC00332251	DORSET	19950116	0	56	17	0	56	17	298.7	41.68333	-80.66667
USC00332251	DORSET	19950117	0	28	-11	0	28	-11	298.7	41.68333	-80.66667
USC00332251	DORSET	19950118	0	28	-11	0	28	-11	298.7	41.68333	-80.66667
USC00332251	DORSET	19950119	0	67	-11	0	67	-11	298.7	41.68333	-80.66667
USC00332251	DORSET	19950120	0	128	39	0	128	39	298.7	41.68333	-80.66667
USC00332251	DORSET	19950121	25	128	0	25	128	0	298.7	41.68333	-80.66667
USC00332251	DORSET	19950122	51	0	-72	51	0	-72	298.7	41.68333	-80.66667
USC00332251	DORSET	19950123	51	-44	-72	51	-44	-72	298.7	41.68333	-80.66667
USC00332251	DORSET	19950124	51	-39	-72	51	-39	-72	298.7	41.68333	-80.66667
USC00332251	DORSET	19950125	76	0	-72	76	0	-72	298.7	41.68333	-80.66667
USC00332251	DORSET	19950126	76	-28	-72	76	-28	-72	298.7	41.68333	-80.66667
USC00332251	DORSET	19950127	76	-28	-117	76	-28	-117	298.7	41.68333	-80.66667
USC00332251	DORSET	19950128	25	6	-78	25	6	-78	298.7	41.68333	-80.66667
USC00332251	DORSET	19950129	25	-28	-167	25	-28	-167	298.7	41.68333	-80.66667
USC00332251	DORSET	19950130	25	17	-144	25	17	-144	298.7	41.68333	-80.66667
USC00332251	DORSET	19950131	25	6	-83	25	6	-83	298.7	41.68333	-80.66667
USC00332251	DORSET	19960101	152	33	-11	152	33	-11	298.7	41.68333	-80.66667
USC00332251	DORSET	19960102	127	33	-44	127	33	-44	298.7	41.68333	-80.66667
USC00332251	DORSET	19960103	254	33	-100	254	33	-100	298.7	41.68333	-80.66667
USC00332251	DORSET	19960104	254	-72	-283	254	-72	-283	298.7	41.68333	-80.66667
USC00332251	DORSET	19960105	229	-83	-261	229	-83	-261	298.7	41.68333	-80.66667
USC00332251	DORSET	19960106	229	-67	-267	229	-67	-267	298.7	41.68333	-80.66667
USC00332251	DORSET	19960107	229	-89	-256	229	-89	-256	298.7	41.68333	-80.66667
USC00332251	DORSET	19960108	229	-94	-200	229	-94	-200	298.7	41.68333	-80.66667
USC00332251	DORSET	19960109	229	-56	-200	229	-56	-200	298.7	41.68333	-80.66667
USC00332251	DORSET	19960110	381	-44	-100	381	-44	-100	298.7	41.68333	-80.66667
USC00332251	DORSET	19960111	330	-83	-244	330	-83	-244	298.7	41.68333	-80.66667
USC00332251	DORSET	19960112	330	-72	-194	330	-72	-194	298.7	41.68333	-80.66667
USC00332251	DORSET	19960113	279	-33	-150	279	-33	-150	298.7	41.68333	-80.66667
USC00332251	DORSET	19960114	254	6	-56	254	6	-56	298.7	41.68333	-80.66667
USC00332251	DORSET	19960115	229	67	-89	229	67	-89	298.7	41.68333	-80.66667
USC00332251	DORSET	19960116	229	-44	-167	229	-44	-167	298.7	41.68333	-80.66667
USC00332251	DORSET	19960117	152	78	-44	152	78	-44	298.7	41.68333	-80.66667
USC00332251	DORSET	19960118	0	106	56	0	106	56	298.7	41.68333	-80.66667
USC00332251	DORSET	19960119	0	150	-39	0	150	-39	298.7	41.68333	-80.66667
USC00332251	DORSET	19960120	0	-39	-117	0	-39	-117	298.7	41.68333	-80.66667
USC00332251	DORSET	19960121	0	-44	-117	0	-44	-117	298.7	41.68333	-80.66667
USC00332251	DORSET	19960122	0	6	-78	0	6	-78	298.7	41.68333	-80.66667
USC00332251	DORSET	19960123	25	61	-33	25	61	-33	298.7	41.68333	-80.66667
USC00332251	DORSET	19960124	0	61	6	0	61	6	298.7	41.68333	-80.66667
USC00332251	DORSET	19960125	76	61	-89	76	61	-89	298.7	41.68333	-80.66667
USC00332251	DORSET	19960126	25	-33	-89	25	-33	-89	298.7	41.68333	-80.66667
USC00332251	DORSET	19960127	0	106	-33	0	106	-33	298.7	41.68333	-80.66667
USC00332251	DORSET	19960128	51	-6	-100	51	-6	-100	298.7	41.68333	-80.66667
USC00332251	DORSET	19960129	25	-22	-106	25	-22	-106	298.7	41.68333	-80.66667
USC00332251	DORSET	19960130	0	44	-83	0	44	-83	298.7	41.68333	-80.66667
USC00332251	DORSET	19960131	25	-56	-189	25	-56	-189	298.7	41.68333	-80.66667
USC00332251	DORSET	19970101	0	-11	-78	0	-11	-78	298.7	41.68333	-80.66667
USC00332251	DORSET	19970102	0	72	-11	0	72	-11	298.7	41.68333	-80.66667
USC00332251	DORSET	19970103	0	122	72	0	122	72	298.7	41.68333	-80.66667
USC00332251	DORSET	19970104	0	122	33	0	122	33	298.7	41.68333	-80.66667
USC00332251	DORSET	19970105	0	178	78	0	178	78	298.7	41.68333	-80.66667
USC00332251	DORSET	19970106	0	178	-39	0	178	-39	298.7	41.68333	-80.66667
USC00332251	DORSET	19970107	25	-39	-72	25	-39	-72	298.7	41.68333	-80.66667
USC00332251	DORSET	19970108	76	-56	-78	76	-56	-78	298.7	41.68333	-80.66667
USC00332251	DORSET	19970109	25	-22	-117	25	-22	-117	298.7	41.68333	-80.66667
USC00332251	DORSET	19970110	25	28	-56	25	28	-56	298.7	41.68333	-80.66667
USC00332251	DORSET	19970111	25	-28	-161	25	-28	-161	298.7	41.68333	-80.66667
USC00332251	DORSET	19970112	25	-106	-161	25	-106	-161	298.7	41.68333	-80.66667
USC00332251	DORSET	19970113	25	-117	-167	25	-117	-167	298.7	41.68333	-80.66667
USC00332251	DORSET	19970114	25	-106	-161	25	-106	-161	298.7	41.68333	-80.66667
USC00332251	DORSET	19970115	51	-78	-139	51	-78	-139	298.7	41.68333	-80.66667
USC00332251	DORSET	19970116	0	50	-128	0	50	-128	298.7	41.68333	-80.66667
USC00332251	DORSET	19970117	127	-33	-189	127	-33	-189	298.7	41.68333	-80.66667
USC00332251	DORSET	19970118	127	-150	-189	127	-150	-189	298.7	41.68333	-80.66667
USC00332251	DORSET	19970119	127	-111	-256	127	-111	-256	298.7	41.68333	-80.66667
USC00332251	DORSET	19970120	102	-39	-183	102	-39	-183	298.7	41.68333	-80.66667
USC00332251	DORSET	19970121	102	-6	-194	102	-6	-194	298.7	41.68333	-80.66667
USC00332251	DORSET	19970122	0	78	-167	0	78	-167	298.7	41.68333	-80.66667
USC00332251	DORSET	19970123	0	83	-11	0	83	-11	298.7	41.68333	-80.66667
USC00332251	DORSET	19970124	0	-6	-100	0	-6	-100	298.7	41.68333	-80.66667
USC00332251	DORSET	19970125	0	78	-39	0	78	-39	298.7	41.68333	-80.66667
USC00332251	DORSET	19970126	152	-6	-100	152	-6	-100	298.7	41.68333	-80.66667
USC00332251	DORSET	19970127	127	-39	-100	127	-39	-100	298.7	41.68333	-80.66667
USC00332251	DORSET	19970128	76	44	-61	76	44	-61	298.7	41.68333	-80.66667
USC00332251	DORSET	19970129	76	-28	-161	76	-28	-161	298.7	41.68333	-80.66667
USC00332251	DORSET	19970130	76	-67	-144	76	-67	-144	298.7	41.68333	-80.66667
USC00332251	DORSET	19970131	25	6	-83	25	6	-83	298.7	41.68333	-80.66667
USC00332251	DORSET	19980101	152	-72	-139	152	-72	-139	298.7	41.68333	-80.66667
USC00332251	DORSET	19980102	102	17	-72	102	17	-72	298.7	41.68333	-80.66667
USC00332251	DORSET	19980103	0	83	17	0	83	17	298.7	41.68333	-80.66667
USC00332251	DORSET	19980104	0	122	17	0	122	17	298.7	41.68333	-80.66667
USC00332251	DORSET	19980105	0	117	89	0	117	89	298.7	41.68333	-80.66667
USC00332251	DORSET	19980106	0	161	89	0	161	89	298.7	41.68333	-80.66667
USC00332251	DORSET	19980107	0	156	67	0	156	67	298.7	41.68333	-80.66667
USC00332251	DORSET	19980108	0	139	22	0	139	22	298.7	41.68333	-80.66667
USC00332251	DORSET	19980109	0	83	22	0	83	22	298.7	41.68333	-80.66667
USC00332251	DORSET	19980110	0	89	6	0	89	6	298.7	41.68333	-80.66667
USC00332251	DORSET	19980111	0	44	-61	0	44	-61	298.7	41.68333	-80.66667
USC00332251	DORSET	19980112	0	6	-78	0	6	-78	298.7	41.68333	-80.66667
USC00332251	DORSET	19980113	51	72	-44	51	72	-44	298.7	41.68333	-80.66667
USC00332251	DORSET	19980114	25	-17	-117	25	-17	-117	298.7	41.68333	-80.66667
USC00332251	DORSET	19980115	0	0	-94	0	0	-94	298.7	41.68333	-80.66667
USC00332251	DORSET	19980116	0	22	-33	0	22	-33	298.7	41.68333	-80.66667
USC00332251	DORSET	19980117	0	22	-33	0	22	-33	298.7	41.68333	-80.66667
USC00332251	DORSET	19980118	0	0	-22	0	0	-22	298.7	41.68333	-80.66667
USC00332251	DORSET	19980119	25	-11	-67	25	-11	-67	298.7	41.68333	-80.66667
USC00332251	DORSET	19980120	152	-22	-83	152	-22	-83	298.7	41.68333	-80.66667
USC00332251	DORSET	19980121	76	11	-83	76	11	-83	298.7	41.68333	-80.66667
USC00332251	DORSET	19980122	76	11	-83	76	11	-83	298.7	41.68333	-80.66667
USC00332251	DORSET	19980123	25	33	-83	25	33	-83	298.7	41.68333	-80.66667
USC00332251	DORSET	19980124	0	44	-6	0	44	-6	298.7	41.68333	-80.66667
USC00332251	DORSET	19980125	0	11	-33	0	11	-33	298.7	41.68333	-80.66667
USC00332251	DORSET	19980126	0	0	-33	0	0	-33	298.7	41.68333	-80.66667
USC00332251	DORSET	19980127	0	28	-39	0	28	-39	298.7	41.68333	-80.66667
USC00332251	DORSET	19980128	0	67	-56	0	67	-56	298.7	41.68333	-80.66667
USC00332251	DORSET	19980129	0	72	-39	0	72	-39	298.7	41.68333	-80.66667
USC00332251	DORSET	19980130	0	67	-6	0	67	-6	298.7	41.68333	-80.66667
USC00332251	DORSET	19980131	0	6	-17	0	6	-17	298.7	41.68333	-80.66667
USC00332251	DORSET	19990101	254	-72	-106	254	-72	-106	298.7	41.68333	-80.66667
USC00332251	DORSET	19990102	229	-78	-189	229	-78	-189	298.7	41.68333	-80.66667
USC00332251	DORSET	19990103	178	17	-128	178	17	-128	298.7	41.68333	-80.66667
USC00332251	DORSET	19990104	178	-11	-128	178	-11	-128	298.7	41.68333	-80.66667
USC00332251	DORSET	19990105	178	-106	-183	178	-106	-183	298.7	41.68333	-80.66667
USC00332251	DORSET	19990106	178	-117	-183	178	-117	-183	298.7	41.68333	-80.66667
USC00332251	DORSET	19990107	229	-33	-117	229	-33	-117	298.7	41.68333	-80.66667
USC00332251	DORSET	19990108	254	-67	-222	254	-67	-222	298.7	41.68333	-80.66667
USC00332251	DORSET	19990109	356	-50	-111	356	-50	-111	298.7	41.68333	-80.66667
USC00332251	DORSET	19990110	356	-50	-172	356	-50	-172	298.7	41.68333	-80.66667
USC00332251	DORSET	19990111	381	-100	-167	381	-100	-167	298.7	41.68333	-80.66667
USC00332251	DORSET	19990112	356	11	-172	356	11	-172	298.7	41.68333	-80.66667
USC00332251	DORSET	19990113	381	-17	-67	381	-17	-67	298.7	41.68333	-80.66667
USC00332251	DORSET	19990114	432	-61	-128	432	-61	-128	298.7	41.68333	-80.66667
USC00332251	DORSET	19990115	508	-72	-122	508	-72	-122	298.7	41.68333	-80.66667
USC00332251	DORSET	19990116	483	-17	-133	483	-17	-133	298.7	41.68333	-80.66667
USC00332251	DORSET	19990117	406	33	-72	406	33	-72	298.7	41.68333	-80.66667
USC00332251	DORSET	19990118	254	78	-67	254	78	-67	298.7	41.68333	-80.66667
USC00332251	DORSET	19990119	203	56	-22	203	56	-22	298.7	41.68333	-80.66667
USC00332251	DORSET	19990120	178	33	-28	178	33	-28	298.7	41.68333	-80.66667
USC00332251	DORSET	19990121	152	56	-39	152	56	-39	298.7	41.68333	-80.66667
USC00332251	DORSET	19990122	152	56	-22	152	56	-22	298.7	41.68333	-80.66667
USC00332251	DORSET	19990123	51	128	-22	51	128	-22	298.7	41.68333	-80.66667
USC00332251	DORSET	19990124	0	133	17	0	133	17	298.7	41.68333	-80.66667
USC00332251	DORSET	19990125	25	22	0	25	22	0	298.7	41.68333	-80.66667
USC00332251	DORSET	19990126	25	11	-22	25	11	-22	298.7	41.68333	-80.66667
USC00332251	DORSET	19990127	0	22	-67	0	22	-67	298.7	41.68333	-80.66667
USC00332251	DORSET	19990128	0	122	6	0	122	6	298.7	41.68333	-80.66667
USC00332251	DORSET	19990129	0	44	-33	0	44	-33	298.7	41.68333	-80.66667
USC00332251	DORSET	19990130	0	-11	-89	0	-11	-89	298.7	41.68333	-80.66667
USC00332251	DORSET	19990131	0	33	-94	0	33	-94	298.7	41.68333	-80.66667
USC00332251	DORSET	20000101	76	33	-94	76	33	-94	298.7	41.68333	-80.66667
USC00332251	DORSET	20000102	51	106	-6	51	106	-6	298.7	41.68333	-80.66667
USC00332251	DORSET	20000103	0	156	61	0	156	61	298.7	41.68333	-80.66667
USC00332251	DORSET	20000104	0	133	56	0	133	56	298.7	41.68333	-80.66667
USC00332251	DORSET	20000105	25	111	-39	25	111	-39	298.7	41.68333	-80.66667
USC00332251	DORSET	20000106	25	111	-83	25	111	-83	298.7	41.68333	-80.66667
USC00332251	DORSET	20000107	0	33	-28	0	33	-28	298.7	41.68333	-80.66667
USC00332251	DORSET	20000108	25	22	-72	25	22	-72	298.7	41.68333	-80.66667
USC00332251	DORSET	20000109	0	50	-22	0	50	-22	298.7	41.68333	-80.66667
USC00332251	DORSET	20000110	0	94	28	0	94	28	298.7	41.68333	-80.66667
USC00332251	DORSET	20000111	0	111	28	0	111	28	298.7	41.68333	-80.66667
USC00332251	DORSET	20000112	0	39	-17	0	39	-17	298.7	41.68333	-80.66667
USC00332251	DORSET	20000113	0	33	-28	0	33	-28	298.7	41.68333	-80.66667
USC00332251	DORSET	20000114	127	-28	-100	127	-28	-100	298.7	41.68333	-80.66667
USC00332251	DORSET	20000115	127	-56	-94	127	-56	-94	298.7	41.68333	-80.66667
USC00332251	DORSET	20000116	25	44	-78	25	44	-78	298.7	41.68333	-80.66667
USC00332251	DORSET	20000117	25	22	-150	25	22	-150	298.7	41.68333	-80.66667
USC00332251	DORSET	20000118	25	-100	-144	25	-100	-144	298.7	41.68333	-80.66667
USC00332251	DORSET	20000119	76	-44	-106	76	-44	-106	298.7	41.68333	-80.66667
USC00332251	DORSET	20000120	127	-33	-67	127	-33	-67	298.7	41.68333	-80.66667
USC00332251	DORSET	20000121	229	-33	-183	229	-33	-183	298.7	41.68333	-80.66667
USC00332251	DORSET	20000122	203	-33	-183	203	-33	-183	298.7	41.68333	-80.66667
USC00332251	DORSET	20000123	203	-72	-172	203	-72	-172	298.7	41.68333	-80.66667
USC00332251	DORSET	20000124	152	-22	-106	152	-22	-106	298.7	41.68333	-80.66667
USC00332251	DORSET	20000125	127	-50	-217	127	-50	-217	298.7	41.68333	-80.66667
USC00332251	DORSET	20000126	127	-56	-111	127	-56	-111	298.7	41.68333	-80.66667
USC00332251	DORSET	20000127	127	-56	-150	127	-56	-150	298.7	41.68333	-80.66667
USC00332251	DORSET	20000128	152	-67	-128	152	-67	-128	298.7	41.68333	-80.66667
USC00332251	DORSET	20000129	127	-22	-194	127	-22	-194	298.7	41.68333	-80.66667
USC00332251	DORSET	20000130	127	17	-111	127	17	-111	298.7	41.68333	-80.66667
USC00332251	DORSET	20000131	152	17	-72	152	17	-72	298.7	41.68333	-80.66667
USC00332251	DORSET	20010101	279	-56	-72	279	-56	-72	298.7	41.68333	-80.66667
USC00332251	DORSET	20010102	279	-22	-89	279	-22	-89	298.7	41.68333	-80.66667
USC00332251	DORSET	20010103	254	-50	-189	254	-50	-189	298.7	41.68333	-80.66667
USC00332251	DORSET	20010104	254	-50	-144	254	-50	-144	298.7	41.68333	-80.66667
USC00332251	DORSET	20010105	254	-28	-50	254	-28	-50	298.7	41.68333	-80.66667
USC00332251	DORSET	20010106	279	6	-39	279	6	-39	298.7	41.68333	-80.66667
USC00332251	DORSET	20010107	254	-6	-39	254	-6	-39	298.7	41.68333	-80.66667
USC00332251	DORSET	20010108	254	22	-33	254	22	-33	298.7	41.68333	-80.66667
USC00332251	DORSET	20010109	229	-33	-133	229	-33	-133	298.7	41.68333	-80.66667
USC00332251	DORSET	20010110	229	-50	-111	229	-50	-111	298.7	41.68333	-80.66667
USC00332251	DORSET	20010111	178	44	-100	178	44	-100	298.7	41.68333	-80.66667
USC00332251	DORSET	20010112	152	50	-139	152	50	-139	298.7	41.68333	-80.66667
USC00332251	DORSET	20010113	127	50	-133	127	50	-133	298.7	41.68333	-80.66667
USC00332251	DORSET	20010114	127	11	-39	127	11	-39	298.7	41.68333	-80.66667
USC00332251	DORSET	20010115	102	50	-33	102	50	-33	298.7	41.68333	-80.66667
USC00332251	DORSET	20010116	76	56	-33	76	56	-33	298.7	41.68333	-80.66667
USC00332251	DORSET	20010117	76	6	-17	76	6	-17	298.7	41.68333	-80.66667
USC00332251	DORSET	20010118	76	0	-33	76	0	-33	298.7	41.68333	-80.66667
USC00332251	DORSET	20010119	76	33	-33	76	33	-33	298.7	41.68333	-80.66667
USC00332251	DORSET	20010120	76	-11	-78	76	-11	-78	298.7	41.68333	-80.66667
USC00332251	DORSET	20010121	76	-56	-111	76	-56	-111	298.7	41.68333	-80.66667
USC00332251	DORSET	20010122	76	-22	-83	76	-22	-83	298.7	41.68333	-80.66667
USC00332251	DORSET	20010123	51	-22	-83	51	-22	-83	298.7	41.68333	-80.66667
USC00332251	DORSET	20010124	51	39	-78	51	39	-78	298.7	41.68333	-80.66667
USC00332251	DORSET	20010125	51	-11	-78	51	-11	-78	298.7	41.68333	-80.66667
USC00332251	DORSET	20010126	76	-44	-133	76	-44	-133	298.7	41.68333	-80.66667
USC00332251	DORSET	20010127	152	-6	-100	152	-6	-100	298.7	41.68333	-80.66667
USC00332251	DORSET	20010128	152	-22	-106	152	-22	-106	298.7	41.68333	-80.66667
USC00332251	DORSET	20010129	152	-44	-133	152	-44	-133	298.7	41.68333	-80.66667
USC00332251	DORSET	20010130	51	56	-67	51	56	-67	298.7	41.68333	-80.66667
USC00332251	DORSET	20010131	25	78	11	25	78	11	298.7	41.68333	-80.66667
USC00332251	DORSET	20020101	178	-67	-94	178	-67	-94	298.7	41.68333	-80.66667
USC00332251	DORSET	20020102	152	-39	-128	152	-39	-128	298.7	41.68333	-80.66667
USC00332251	DORSET	20020103	127	-11	-139	127	-11	-139	298.7	41.68333	-80.66667
USC00332251	DORSET	20020104	102	6	-128	102	6	-128	298.7	41.68333	-80.66667
USC00332251	DORSET	20020105	76	-6	-56	76	-6	-56	298.7	41.68333	-80.66667
USC00332251	DORSET	20020106	76	28	-56	76	28	-56	298.7	41.68333	-80.66667
USC00332251	DORSET	20020107	178	11	-33	178	11	-33	298.7	41.68333	-80.66667
USC00332251	DORSET	20020108	178	-33	-72	178	-33	-72	298.7	41.68333	-80.66667
USC00332251	DORSET	20020109	127	11	-56	127	11	-56	298.7	41.68333	-80.66667
USC00332251	DORSET	20020110	76	50	6	76	50	6	298.7	41.68333	-80.66667
USC00332251	DORSET	20020111	76	78	11	76	78	11	298.7	41.68333	-80.66667
USC00332251	DORSET	20020112	51	28	-33	51	28	-33	298.7	41.68333	-80.66667
USC00332251	DORSET	20020113	25	44	-17	25	44	-17	298.7	41.68333	-80.66667
USC00332251	DORSET	20020114	25	28	-67	25	28	-67	298.7	41.68333	-80.66667
USC00332251	DORSET	20020115	0	56	-17	0	56	-17	298.7	41.68333	-80.66667
USC00332251	DORSET	20020116	25	11	-50	25	11	-50	298.7	41.68333	-80.66667
USC00332251	DORSET	20020117	25	17	-44	25	17	-44	298.7	41.68333	-80.66667
USC00332251	DORSET	20020118	25	-6	-56	25	-6	-56	298.7	41.68333	-80.66667
USC00332251	DORSET	20020119	51	-22	-122	51	-22	-122	298.7	41.68333	-80.66667
USC00332251	DORSET	20020120	51	-22	-139	51	-22	-139	298.7	41.68333	-80.66667
USC00332251	DORSET	20020121	51	6	-83	51	6	-83	298.7	41.68333	-80.66667
USC00332251	DORSET	20020122	25	22	-44	25	22	-44	298.7	41.68333	-80.66667
USC00332251	DORSET	20020123	0	94	-33	0	94	-33	298.7	41.68333	-80.66667
USC00332251	DORSET	20020124	0	106	50	0	106	50	298.7	41.68333	-80.66667
USC00332251	DORSET	20020125	0	111	-39	0	111	-39	298.7	41.68333	-80.66667
USC00332251	DORSET	20020126	0	72	-33	0	72	-33	298.7	41.68333	-80.66667
USC00332251	DORSET	20020127	0	106	0	0	106	0	298.7	41.68333	-80.66667
USC00332251	DORSET	20020128	0	139	0	0	139	0	298.7	41.68333	-80.66667
USC00332251	DORSET	20020129	0	150	33	0	150	33	298.7	41.68333	-80.66667
USC00332251	DORSET	20020130	0	144	28	0	144	28	298.7	41.68333	-80.66667
USC00332251	DORSET	20020131	0	44	-6	0	44	-6	298.7	41.68333	-80.66667
USC00332251	DORSET	20030101	0	94	-6	0	94	-6	298.7	41.68333	-80.66667
USC00332251	DORSET	20030102	0	11	-50	0	11	-50	298.7	41.68333	-80.66667
USC00332251	DORSET	20030103	51	-17	-50	51	-17	-50	298.7	41.68333	-80.66667
USC00332251	DORSET	20030104	76	17	-39	76	17	-39	298.7	41.68333	-80.66667
USC00332251	DORSET	20030105	76	-22	-56	76	-22	-56	298.7	41.68333	-80.66667
USC00332251	DORSET	20030106	127	-17	-39	127	-17	-39	298.7	41.68333	-80.66667
USC00332251	DORSET	20030107	203	-17	-106	203	-17	-106	298.7	41.68333	-80.66667
USC00332251	DORSET	20030108	152	22	-100	152	22	-100	298.7	41.68333	-80.66667
USC00332251	DORSET	20030109	51	67	17	51	67	17	298.7	41.68333	-80.66667
USC00332251	DORSET	20030110	25	83	-67	25	83	-67	298.7	41.68333	-80.66667
USC00332251	DORSET	20030111	127	-33	-89	127	-33	-89	298.7	41.68333	-80.66667
USC00332251	DORSET	20030112	127	-67	-94	127	-67	-94	298.7	41.68333	-80.66667
USC00332251	DORSET	20030113	76	-28	-83	76	-28	-83	298.7	41.68333	-80.66667
USC00332251	DORSET	20030114	76	-44	-83	76	-44	-83	298.7	41.68333	-80.66667
USC00332251	DORSET	20030115	178	-56	-111	178	-56	-111	298.7	41.68333	-80.66667
USC00332251	DORSET	20030116	178	-72	-117	178	-72	-117	298.7	41.68333	-80.66667
USC00332251	DORSET	20030117	203	-72	-111	203	-72	-111	298.7	41.68333	-80.66667
USC00332251	DORSET	20030118	152	-89	-222	152	-89	-222	298.7	41.68333	-80.66667
USC00332251	DORSET	20030119	178	-72	-161	178	-72	-161	298.7	41.68333	-80.66667
USC00332251	DORSET	20030120	254	-56	-122	254	-56	-122	298.7	41.68333	-80.66667
USC00332251	DORSET	20030121	203	-72	-222	203	-72	-222	298.7	41.68333	-80.66667
USC00332251	DORSET	20030122	178	-72	-211	178	-72	-211	298.7	41.68333	-80.66667
USC00332251	DORSET	20030123	152	-94	-294	152	-94	-294	298.7	41.68333	-80.66667
USC00332251	DORSET	20030124	229	-94	-272	229	-94	-272	298.7	41.68333	-80.66667
USC00332251	DORSET	20030125	203	-67	-117	203	-67	-117	298.7	41.68333	-80.66667
USC00332251	DORSET	20030126	203	-50	-100	203	-50	-100	298.7	41.68333	-80.66667
USC00332251	DORSET	20030127	254	-61	-294	254	-61	-294	298.7	41.68333	-80.66667
USC00332251	DORSET	20030128	203	-94	-278	203	-94	-278	298.7	41.68333	-80.66667
USC00332251	DORSET	20030129	279	-22	-89	279	-22	-89	298.7	41.68333	-80.66667
USC00332251	DORSET	20030130	254	-33	-222	254	-33	-222	298.7	41.68333	-80.66667
USC00332251	DORSET	20030131	229	-11	-222	229	-11	-222	298.7	41.68333	-80.66667
USC00332251	DORSET	20040101	0	83	-72	0	83	-72	298.7	41.68333	-80.66667
USC00332251	DORSET	20040102	0	67	-50	0	67	-50	298.7	41.68333	-80.66667
USC00332251	DORSET	20040103	0	139	67	0	139	67	298.7	41.68333	-80.66667
USC00332251	DORSET	20040104	0	156	6	0	156	6	298.7	41.68333	-80.66667
USC00332251	DORSET	20040105	25	11	-6	25	11	-6	298.7	41.68333	-80.66667
USC00332251	DORSET	20040106	25	6	-78	25	6	-78	298.7	41.68333	-80.66667
USC00332251	DORSET	20040107	178	-78	-139	178	-78	-139	298.7	41.68333	-80.66667
USC00332251	DORSET	20040108	152	-78	-117	152	-78	-117	298.7	41.68333	-80.66667
USC00332251	DORSET	20040109	127	-33	-117	127	-33	-117	298.7	41.68333	-80.66667
USC00332251	DORSET	20040110	127	-100	-211	127	-100	-211	298.7	41.68333	-80.66667
USC00332251	DORSET	20040111	127	-83	-211	127	-83	-211	298.7	41.68333	-80.66667
USC00332251	DORSET	20040112	102	11	-83	102	11	-83	298.7	41.68333	-80.66667
USC00332251	DORSET	20040113	102	17	-22	102	17	-22	298.7	41.68333	-80.66667
USC00332251	DORSET	20040114	127	-6	-106	127	-6	-106	298.7	41.68333	-80.66667
USC00332251	DORSET	20040115	229	-67	-106	229	-67	-106	298.7	41.68333	-80.66667
USC00332251	DORSET	20040116	229	-94	-194	229	-94	-194	298.7	41.68333	-80.66667
USC00332251	DORSET	20040117	203	-83	-211	203	-83	-211	298.7	41.68333	-80.66667
USC00332251	DORSET	20040118	203	6	-144	203	6	-144	298.7	41.68333	-80.66667
USC00332251	DORSET	20040119	203	-17	-94	203	-17	-94	298.7	41.68333	-80.66667
USC00332251	DORSET	20040120	279	-67	-106	279	-67	-106	298.7	41.68333	-80.66667
USC00332251	DORSET	20040121	254	-78	-161	254	-78	-161	298.7	41.68333	-80.66667
USC00332251	DORSET	20040122	203	0	-156	203	0	-156	298.7	41.68333	-80.66667
USC00332251	DORSET	20040123	305	-67	-167	305	-67	-167	298.7	41.68333	-80.66667
USC00332251	DORSET	20040124	279	-106	-183	279	-106	-183	298.7	41.68333	-80.66667
USC00332251	DORSET	20040125	279	-78	-289	279	-78	-289	298.7	41.68333	-80.66667
USC00332251	DORSET	20040126	279	-83	-267	279	-83	-267	298.7	41.68333	-80.66667
USC00332251	DORSET	20040127	229	-11	-89	229	-11	-89	298.7	41.68333	-80.66667
USC00332251	DORSET	20040128	330	6	-89	330	6	-89	298.7	41.68333	-80.66667
USC00332251	DORSET	20040129	356	-67	-128	356	-67	-128	298.7	41.68333	-80.66667
USC00332251	DORSET	20040130	330	-94	-194	330	-94	-194	298.7	41.68333	-80.66667
USC00332251	DORSET	20040131	279	-106	-156	279	-106	-156	298.7	41.68333	-80.66667
USC00332251	DORSET	20050101	0	117	-17	0	117	-17	298.7	41.68333	-80.66667
USC00332251	DORSET	20050102	0	50	-11	0	50	-11	298.7	41.68333	-80.66667
USC00332251	DORSET	20050103	0	144	44	0	144	44	298.7	41.68333	-80.66667
USC00332251	DORSET	20050104	0	56	17	0	56	17	298.7	41.68333	-80.66667
USC00332251	DORSET	20050105	51	28	-11	51	28	-11	298.7	41.68333	-80.66667
USC00332251	DORSET	20050106	76	28	-22	76	28	-22	298.7	41.68333	-80.66667
USC00332251	DORSET	20050107	51	28	-28	51	28	-28	298.7	41.68333	-80.66667
USC00332251	DORSET	20050108	51	6	-28	51	6	-28	298.7	41.68333	-80.66667
USC00332251	DORSET	20050109	102	0	-17	102	0	-17	298.7	41.68333	-80.66667
USC00332251	DORSET	20050110	76	33	-11	76	33	-11	298.7	41.68333	-80.66667
USC00332251	DORSET	20050111	102	33	-17	102	33	-17	298.7	41.68333	-80.66667
USC00332251	DORSET	20050112	25	78	-6	25	78	-6	298.7	41.68333	-80.66667
USC00332251	DORSET	20050113	0	161	72	0	161	72	298.7	41.68333	-80.66667
USC00332251	DORSET	20050114	25	200	-22	25	200	-22	298.7	41.68333	-80.66667
USC00332251	DORSET	20050115	25	-22	-83	25	-22	-83	298.7	41.68333	-80.66667
USC00332251	DORSET	20050116	25	-39	-94	25	-39	-94	298.7	41.68333	-80.66667
USC00332251	DORSET	20050117	178	-61	-128	178	-61	-128	298.7	41.68333	-80.66667
USC00332251	DORSET	20050118	152	-61	-172	152	-61	-172	298.7	41.68333	-80.66667
USC00332251	DORSET	20050119	178	-72	-178	178	-72	-178	298.7	41.68333	-80.66667
USC00332251	DORSET	20050120	178	-22	-83	178	-22	-83	298.7	41.68333	-80.66667
USC00332251	DORSET	20050121	152	-67	-183	152	-67	-183	298.7	41.68333	-80.66667
USC00332251	DORSET	20050122	178	-89	-200	178	-89	-200	298.7	41.68333	-80.66667
USC00332251	DORSET	20050123	356	-78	-156	356	-78	-156	298.7	41.68333	-80.66667
USC00332251	DORSET	20050124	254	-117	-267	254	-117	-267	298.7	41.68333	-80.66667
USC00332251	DORSET	20050125	229	-44	-156	229	-44	-156	298.7	41.68333	-80.66667
USC00332251	DORSET	20050126	203	22	-61	203	22	-61	298.7	41.68333	-80.66667
USC00332251	DORSET	20050127	203	-28	-256	203	-28	-256	298.7	41.68333	-80.66667
USC00332251	DORSET	20050128	203	-83	-283	203	-83	-283	298.7	41.68333	-80.66667
USC00332251	DORSET	20050129	203	-39	-267	203	-39	-267	298.7	41.68333	-80.66667
USC00332251	DORSET	20050130	203	0	-100	203	0	-100	298.7	41.68333	-80.66667
USC00332251	DORSET	20050131	178	11	-189	178	11	-189	298.7	41.68333	-80.66667
