STATION	NAME	DATE	SNWD	TMAX	TMIN	SNWD2	TMAX2	TMIN2	ELEV	LAT	LONG
USC00302610	ELMIRA	19950101	0	39	-33	0	39	-33	288.6	42.099	-76.835
USC00302610	ELMIRA	19950102	0	83	-17	0	83	-17	288.6	42.099	-76.835
USC00302610	ELMIRA	19950103	0	-17	-78	0	-17	-78	288.6	42.099	-76.835
USC00302610	ELMIRA	19950104	0	-22	-83	0	-22	-83	288.6	42.099	-76.835
USC00302610	ELMIRA	19950105	0	-56	-133	0	-56	-133	288.6	42.099	-76.835
USC00302610	ELMIRA	19950106	0	-56	-128	0	-56	-128	288.6	42.099	-76.835
USC00302610	ELMIRA	19950107	0	0	-106	0	0	-106	288.6	42.099	-76.835
USC00302610	ELMIRA	19950108	0	6	-56	0	6	-56	288.6	42.099	-76.835
USC00302610	ELMIRA	19950109	0	11	-56	0	11	-56	288.6	42.099	-76.835
USC00302610	ELMIRA	19950110	0	-6	-94	0	-6	-94	288.6	42.099	-76.835
USC00302610	ELMIRA	19950111	0	-28	-89	0	-28	-89	288.6	42.099	-76.835
USC00302610	ELMIRA	19950112	0	44	-44	0	44	-44	288.6	42.099	-76.835
USC00302610	ELMIRA	19950113	0	83	39	0	83	39	288.6	42.099	-76.835
USC00302610	ELMIRA	19950114	0	189	44	0	189	44	288.6	42.099	-76.835
USC00302610	ELMIRA	19950115	0	172	61	0	172	61	288.6	42.099	-76.835
USC00302610	ELMIRA	19950116	0	178	128	0	178	128	288.6	42.099	-76.835
USC00302610	ELMIRA	19950117	0	133	11	0	133	11	288.6	42.099	-76.835
USC00302610	ELMIRA	19950118	0	17	0	0	17	0	288.6	42.099	-76.835
USC00302610	ELMIRA	19950119	0	67	6	0	67	6	288.6	42.099	-76.835
USC00302610	ELMIRA	19950120	0	67	50	0	67	50	288.6	42.099	-76.835
USC00302610	ELMIRA	19950121	0	78	22	0	78	22	288.6	42.099	-76.835
USC00302610	ELMIRA	19950122	25	28	-28	25	28	-28	288.6	42.099	-76.835
USC00302610	ELMIRA	19950123	25	-6	-61	25	-6	-61	288.6	42.099	-76.835
USC00302610	ELMIRA	19950124	25	-11	-61	25	-11	-61	288.6	42.099	-76.835
USC00302610	ELMIRA	19950125	25	11	-22	25	11	-22	288.6	42.099	-76.835
USC00302610	ELMIRA	19950126	51	17	-33	51	17	-33	288.6	42.099	-76.835
USC00302610	ELMIRA	19950127	25	-6	-39	25	-6	-39	288.6	42.099	-76.835
USC00302610	ELMIRA	19950128	25	-17	-128	25	-17	-128	288.6	42.099	-76.835
USC00302610	ELMIRA	19950129	25	-56	-161	25	-56	-161	288.6	42.099	-76.835
USC00302610	ELMIRA	19950130	0	-6	-150	0	-6	-150	288.6	42.099	-76.835
USC00302610	ELMIRA	19950131	0	22	-128	0	22	-128	288.6	42.099	-76.835
USC00302610	ELMIRA	19960101	152	28	-61	152	28	-61	288.6	42.099	-76.835
USC00302610	ELMIRA	19960102	203	17	-61	203	17	-61	288.6	42.099	-76.835
USC00302610	ELMIRA	19960103	406	-61	-111	406	-61	-111	288.6	42.099	-76.835
USC00302610	ELMIRA	19960104	381	-83	-172	381	-83	-172	288.6	42.099	-76.835
USC00302610	ELMIRA	19960105	356	-83	-200	356	-83	-200	288.6	42.099	-76.835
USC00302610	ELMIRA	19960106	356	-67	-244	356	-67	-244	288.6	42.099	-76.835
USC00302610	ELMIRA	19960107	356	-111	-244	356	-111	-244	288.6	42.099	-76.835
USC00302610	ELMIRA	19960108	356	-117	-156	356	-117	-156	288.6	42.099	-76.835
USC00302610	ELMIRA	19960109	330	-72	-139	330	-72	-139	288.6	42.099	-76.835
USC00302610	ELMIRA	19960110	305	-56	-144	305	-56	-144	288.6	42.099	-76.835
USC00302610	ELMIRA	19960111	305	-56	-156	305	-56	-156	288.6	42.099	-76.835
USC00302610	ELMIRA	19960112	279	-67	-167	279	-67	-167	288.6	42.099	-76.835
USC00302610	ELMIRA	19960113	305	-44	-106	305	-44	-106	288.6	42.099	-76.835
USC00302610	ELMIRA	19960114	279	-6	-117	279	-6	-117	288.6	42.099	-76.835
USC00302610	ELMIRA	19960115	254	67	-61	254	67	-61	288.6	42.099	-76.835
USC00302610	ELMIRA	19960116	254	-61	-172	254	-61	-172	288.6	42.099	-76.835
USC00302610	ELMIRA	19960117	254	33	-167	254	33	-167	288.6	42.099	-76.835
USC00302610	ELMIRA	19960118	203	89	22	203	89	22	288.6	42.099	-76.835
USC00302610	ELMIRA	19960119	0	150	22	0	150	22	288.6	42.099	-76.835
USC00302610	ELMIRA	19960120	0	150	-94	0	150	-94	288.6	42.099	-76.835
USC00302610	ELMIRA	19960121	0	-33	-89	0	-33	-89	288.6	42.099	-76.835
USC00302610	ELMIRA	19960122	0	0	-89	0	0	-89	288.6	42.099	-76.835
USC00302610	ELMIRA	19960123	0	56	-83	0	56	-83	288.6	42.099	-76.835
USC00302610	ELMIRA	19960124	0	33	0	0	33	0	288.6	42.099	-76.835
USC00302610	ELMIRA	19960125	0	78	-72	0	78	-72	288.6	42.099	-76.835
USC00302610	ELMIRA	19960126	0	-33	-72	0	-33	-72	288.6	42.099	-76.835
USC00302610	ELMIRA	19960127	0	94	-33	0	94	-33	288.6	42.099	-76.835
USC00302610	ELMIRA	19960128	0	117	-56	0	117	-56	288.6	42.099	-76.835
USC00302610	ELMIRA	19960129	0	-11	-83	0	-11	-83	288.6	42.099	-76.835
USC00302610	ELMIRA	19960130	0	-6	-50	0	-6	-50	288.6	42.099	-76.835
USC00302610	ELMIRA	19960131	0	28	-111	0	28	-111	288.6	42.099	-76.835
USC00302610	ELMIRA	19970101	25	-39	-139	25	-39	-139	288.6	42.099	-76.835
USC00302610	ELMIRA	19970102	0	0	-133	0	0	-133	288.6	42.099	-76.835
USC00302610	ELMIRA	19970103	0	61	0	0	61	0	288.6	42.099	-76.835
USC00302610	ELMIRA	19970104	0	150	22	0	150	22	288.6	42.099	-76.835
USC00302610	ELMIRA	19970105	0	106	22	0	106	22	288.6	42.099	-76.835
USC00302610	ELMIRA	19970106	0	133	6	0	133	6	288.6	42.099	-76.835
USC00302610	ELMIRA	19970107	0	11	-44	0	11	-44	288.6	42.099	-76.835
USC00302610	ELMIRA	19970108	0	-28	-78	0	-28	-78	288.6	42.099	-76.835
USC00302610	ELMIRA	19970109	0	-17	-94	0	-17	-94	288.6	42.099	-76.835
USC00302610	ELMIRA	19970110	25	0	-78	25	0	-78	288.6	42.099	-76.835
USC00302610	ELMIRA	19970111	25	6	-89	25	6	-89	288.6	42.099	-76.835
USC00302610	ELMIRA	19970112	25	-50	-106	25	-50	-106	288.6	42.099	-76.835
USC00302610	ELMIRA	19970113	25	-56	-106	25	-56	-106	288.6	42.099	-76.835
USC00302610	ELMIRA	19970114	0	-33	-83	0	-33	-83	288.6	42.099	-76.835
USC00302610	ELMIRA	19970115	0	-22	-117	0	-22	-117	288.6	42.099	-76.835
USC00302610	ELMIRA	19970116	0	22	-117	0	22	-117	288.6	42.099	-76.835
USC00302610	ELMIRA	19970117	0	28	-144	0	28	-144	288.6	42.099	-76.835
USC00302610	ELMIRA	19970118	0	-122	-172	0	-122	-172	288.6	42.099	-76.835
USC00302610	ELMIRA	19970119	0	-117	-211	0	-117	-211	288.6	42.099	-76.835
USC00302610	ELMIRA	19970120	0	-56	-189	0	-56	-189	288.6	42.099	-76.835
USC00302610	ELMIRA	19970121	0	6	-94	0	6	-94	288.6	42.099	-76.835
USC00302610	ELMIRA	19970122	0	17	-89	0	17	-89	288.6	42.099	-76.835
USC00302610	ELMIRA	19970123	0	78	17	0	78	17	288.6	42.099	-76.835
USC00302610	ELMIRA	19970124	0	39	-128	0	39	-128	288.6	42.099	-76.835
USC00302610	ELMIRA	19970125	25	61	-111	25	61	-111	288.6	42.099	-76.835
USC00302610	ELMIRA	19970126	0	106	-72	0	106	-72	288.6	42.099	-76.835
USC00302610	ELMIRA	19970127	0	-56	-117	0	-56	-117	288.6	42.099	-76.835
USC00302610	ELMIRA	19970128	0	28	-94	0	28	-94	288.6	42.099	-76.835
USC00302610	ELMIRA	19970129	0	6	-111	0	6	-111	288.6	42.099	-76.835
USC00302610	ELMIRA	19970130	0	-44	-117	0	-44	-117	288.6	42.099	-76.835
USC00302610	ELMIRA	19970131	0	-6	-111	0	-6	-111	288.6	42.099	-76.835
USC00302610	ELMIRA	19980101	406	-72	-172	406	-72	-172	288.6	42.099	-76.835
USC00302610	ELMIRA	19980102	381	-6	-167	381	-6	-167	288.6	42.099	-76.835
USC00302610	ELMIRA	19980103	279	94	-6	279	94	-6	288.6	42.099	-76.835
USC00302610	ELMIRA	19980104	127	111	39	127	111	39	288.6	42.099	-76.835
USC00302610	ELMIRA	19980105	102	56	11	102	56	11	288.6	42.099	-76.835
USC00302610	ELMIRA	19980106	51	167	11	51	167	11	288.6	42.099	-76.835
USC00302610	ELMIRA	19980107	0	161	89	0	161	89	288.6	42.099	-76.835
USC00302610	ELMIRA	19980108	0	150	28	0	150	28	288.6	42.099	-76.835
USC00302610	ELMIRA	19980109	0	33	17	0	33	17	288.6	42.099	-76.835
USC00302610	ELMIRA	19980110	0	106	17	0	106	17	288.6	42.099	-76.835
USC00302610	ELMIRA	19980111	0	67	-33	0	67	-33	288.6	42.099	-76.835
USC00302610	ELMIRA	19980112	0	44	-44	0	44	-44	288.6	42.099	-76.835
USC00302610	ELMIRA	19980113	0	39	-56	0	39	-56	288.6	42.099	-76.835
USC00302610	ELMIRA	19980114	0	50	-89	0	50	-89	288.6	42.099	-76.835
USC00302610	ELMIRA	19980115	0	-28	-94	0	-28	-94	288.6	42.099	-76.835
USC00302610	ELMIRA	19980116	0	11	-44	0	11	-44	288.6	42.099	-76.835
USC00302610	ELMIRA	19980117	25	-28	-39	25	-28	-39	288.6	42.099	-76.835
USC00302610	ELMIRA	19980118	102	0	-39	102	0	-39	288.6	42.099	-76.835
USC00302610	ELMIRA	19980119	102	22	-67	102	22	-67	288.6	42.099	-76.835
USC00302610	ELMIRA	19980120	76	11	-67	76	11	-67	288.6	42.099	-76.835
USC00302610	ELMIRA	19980121	76	6	-83	76	6	-83	288.6	42.099	-76.835
USC00302610	ELMIRA	19980122	76	-17	-67	76	-17	-67	288.6	42.099	-76.835
USC00302610	ELMIRA	19980123	127	-17	-78	127	-17	-78	288.6	42.099	-76.835
USC00302610	ELMIRA	19980124	102	17	-33	102	17	-33	288.6	42.099	-76.835
USC00302610	ELMIRA	19980125	76	6	-22	76	6	-22	288.6	42.099	-76.835
USC00302610	ELMIRA	19980126	76	6	-78	76	6	-78	288.6	42.099	-76.835
USC00302610	ELMIRA	19980127	76	11	-72	76	11	-72	288.6	42.099	-76.835
USC00302610	ELMIRA	19980128	76	17	-44	76	17	-44	288.6	42.099	-76.835
USC00302610	ELMIRA	19980129	76	33	-72	76	33	-72	288.6	42.099	-76.835
USC00302610	ELMIRA	19980130	76	78	-72	76	78	-72	288.6	42.099	-76.835
USC00302610	ELMIRA	19980131	9999	28	-17	NA	28	-17	288.6	42.099	-76.835
USC00302610	ELMIRA	19990101	0	-50	-111	0	-50	-111	288.6	42.099	-76.835
USC00302610	ELMIRA	19990102	0	-72	-178	0	-72	-178	288.6	42.099	-76.835
USC00302610	ELMIRA	19990103	0	-6	-150	0	-6	-150	288.6	42.099	-76.835
USC00302610	ELMIRA	19990104	0	33	-100	0	33	-100	288.6	42.099	-76.835
USC00302610	ELMIRA	19990105	0	-67	-128	0	-67	-128	288.6	42.099	-76.835
USC00302610	ELMIRA	19990106	0	-61	-156	0	-61	-156	288.6	42.099	-76.835
USC00302610	ELMIRA	19990107	0	-22	-156	0	-22	-156	288.6	42.099	-76.835
USC00302610	ELMIRA	19990108	0	-61	-144	0	-61	-144	288.6	42.099	-76.835
USC00302610	ELMIRA	19990109	9999	11	-128	NA	11	-128	288.6	42.099	-76.835
USC00302610	ELMIRA	19990110	25	6	-183	25	6	-183	288.6	42.099	-76.835
USC00302610	ELMIRA	19990111	51	-56	-189	51	-56	-189	288.6	42.099	-76.835
USC00302610	ELMIRA	19990112	102	-44	-133	102	-44	-133	288.6	42.099	-76.835
USC00302610	ELMIRA	19990113	127	-11	-56	127	-11	-56	288.6	42.099	-76.835
USC00302610	ELMIRA	19990114	203	-56	-194	203	-56	-194	288.6	42.099	-76.835
USC00302610	ELMIRA	19990115	229	-22	-189	229	-22	-189	288.6	42.099	-76.835
USC00302610	ELMIRA	19990116	279	-11	-161	279	-11	-161	288.6	42.099	-76.835
USC00302610	ELMIRA	19990117	254	56	-106	254	56	-106	288.6	42.099	-76.835
USC00302610	ELMIRA	19990118	229	56	-72	229	56	-72	288.6	42.099	-76.835
USC00302610	ELMIRA	19990119	152	67	-6	152	67	-6	288.6	42.099	-76.835
USC00302610	ELMIRA	19990120	152	33	-100	152	33	-100	288.6	42.099	-76.835
USC00302610	ELMIRA	19990121	127	50	-106	127	50	-106	288.6	42.099	-76.835
USC00302610	ELMIRA	19990122	127	28	-72	127	28	-72	288.6	42.099	-76.835
USC00302610	ELMIRA	19990123	102	50	22	102	50	22	288.6	42.099	-76.835
USC00302610	ELMIRA	19990124	0	117	39	0	117	39	288.6	42.099	-76.835
USC00302610	ELMIRA	19990125	0	89	0	0	89	0	288.6	42.099	-76.835
USC00302610	ELMIRA	19990126	0	11	-33	0	11	-33	288.6	42.099	-76.835
USC00302610	ELMIRA	19990127	0	33	-89	0	33	-89	288.6	42.099	-76.835
USC00302610	ELMIRA	19990128	0	33	-89	0	33	-89	288.6	42.099	-76.835
USC00302610	ELMIRA	19990129	0	33	-89	0	33	-89	288.6	42.099	-76.835
USC00302610	ELMIRA	19990130	0	-22	-89	0	-22	-89	288.6	42.099	-76.835
USC00302610	ELMIRA	19990131	0	22	-150	0	22	-150	288.6	42.099	-76.835
USC00302610	ELMIRA	20000101	9999	28	-72	NA	28	-72	288.6	42.099	-76.835
USC00302610	ELMIRA	20000102	9999	94	-72	NA	94	-72	288.6	42.099	-76.835
USC00302610	ELMIRA	20000103	9999	139	17	NA	139	17	288.6	42.099	-76.835
USC00302610	ELMIRA	20000104	0	150	39	0	150	39	288.6	42.099	-76.835
USC00302610	ELMIRA	20000105	0	161	-39	0	161	-39	288.6	42.099	-76.835
USC00302610	ELMIRA	20000106	0	-17	-83	0	-17	-83	288.6	42.099	-76.835
USC00302610	ELMIRA	20000107	0	17	-61	0	17	-61	288.6	42.099	-76.835
USC00302610	ELMIRA	20000108	0	56	-72	0	56	-72	288.6	42.099	-76.835
USC00302610	ELMIRA	20000109	0	44	-78	0	44	-78	288.6	42.099	-76.835
USC00302610	ELMIRA	20000110	0	83	-6	0	83	-6	288.6	42.099	-76.835
USC00302610	ELMIRA	20000111	0	72	22	0	72	22	288.6	42.099	-76.835
USC00302610	ELMIRA	20000112	0	61	0	0	61	0	288.6	42.099	-76.835
USC00302610	ELMIRA	20000113	102	28	-33	102	28	-33	288.6	42.099	-76.835
USC00302610	ELMIRA	20000114	127	-28	-156	127	-28	-156	288.6	42.099	-76.835
USC00302610	ELMIRA	20000115	127	-89	-161	127	-89	-161	288.6	42.099	-76.835
USC00302610	ELMIRA	20000116	102	-22	-161	102	-22	-161	288.6	42.099	-76.835
USC00302610	ELMIRA	20000117	102	44	-172	102	44	-172	288.6	42.099	-76.835
USC00302610	ELMIRA	20000118	102	-144	-217	102	-144	-217	288.6	42.099	-76.835
USC00302610	ELMIRA	20000119	102	-111	-211	102	-111	-211	288.6	42.099	-76.835
USC00302610	ELMIRA	20000120	127	-33	-128	127	-33	-128	288.6	42.099	-76.835
USC00302610	ELMIRA	20000121	203	-28	-167	203	-28	-167	288.6	42.099	-76.835
USC00302610	ELMIRA	20000122	178	-133	-189	178	-133	-189	288.6	42.099	-76.835
USC00302610	ELMIRA	20000123	178	-100	-200	178	-100	-200	288.6	42.099	-76.835
USC00302610	ELMIRA	20000124	9999	-39	-139	NA	-39	-139	288.6	42.099	-76.835
USC00302610	ELMIRA	20000125	9999	-17	-156	NA	-17	-156	288.6	42.099	-76.835
USC00302610	ELMIRA	20000126	254	-61	-100	254	-61	-100	288.6	42.099	-76.835
USC00302610	ELMIRA	20000127	9999	-61	-167	NA	-61	-167	288.6	42.099	-76.835
USC00302610	ELMIRA	20000128	229	-111	-172	229	-111	-172	288.6	42.099	-76.835
USC00302610	ELMIRA	20000129	9999	-94	-200	NA	-94	-200	288.6	42.099	-76.835
USC00302610	ELMIRA	20000130	9999	-33	-200	NA	-33	-200	288.6	42.099	-76.835
USC00302610	ELMIRA	20000131	254	6	-139	254	6	-139	288.6	42.099	-76.835
USC00302610	ELMIRA	20020101	0	-33	-117	0	-33	-117	288.6	42.099	-76.835
USC00302610	ELMIRA	20020102	0	-17	-128	0	-17	-128	288.6	42.099	-76.835
USC00302610	ELMIRA	20020103	0	-6	-128	0	-6	-128	288.6	42.099	-76.835
USC00302610	ELMIRA	20020104	0	-6	-117	0	-6	-117	288.6	42.099	-76.835
USC00302610	ELMIRA	20020105	0	6	-39	0	6	-39	288.6	42.099	-76.835
USC00302610	ELMIRA	20020106	0	39	-22	0	39	-22	288.6	42.099	-76.835
USC00302610	ELMIRA	20020107	152	17	-11	152	17	-11	288.6	42.099	-76.835
USC00302610	ELMIRA	20020108	152	-6	-128	152	-6	-128	288.6	42.099	-76.835
USC00302610	ELMIRA	20020109	127	-11	-100	127	-11	-100	288.6	42.099	-76.835
USC00302610	ELMIRA	20020110	102	61	-22	102	61	-22	288.6	42.099	-76.835
USC00302610	ELMIRA	20020111	51	78	-6	51	78	-6	288.6	42.099	-76.835
USC00302610	ELMIRA	20020112	25	56	0	25	56	0	288.6	42.099	-76.835
USC00302610	ELMIRA	20020113	25	50	-22	25	50	-22	288.6	42.099	-76.835
USC00302610	ELMIRA	20020114	0	22	-56	0	22	-56	288.6	42.099	-76.835
USC00302610	ELMIRA	20020115	0	28	-50	0	28	-50	288.6	42.099	-76.835
USC00302610	ELMIRA	20020116	0	44	-11	0	44	-11	288.6	42.099	-76.835
USC00302610	ELMIRA	20020117	25	17	-33	25	17	-33	288.6	42.099	-76.835
USC00302610	ELMIRA	20020118	25	44	-39	25	44	-39	288.6	42.099	-76.835
USC00302610	ELMIRA	20020119	25	-11	-106	25	-11	-106	288.6	42.099	-76.835
USC00302610	ELMIRA	20020120	203	-33	-161	203	-33	-161	288.6	42.099	-76.835
USC00302610	ELMIRA	20020121	152	0	-167	152	0	-167	288.6	42.099	-76.835
USC00302610	ELMIRA	20020122	102	33	-28	102	33	-28	288.6	42.099	-76.835
USC00302610	ELMIRA	20020123	102	56	-22	102	56	-22	288.6	42.099	-76.835
USC00302610	ELMIRA	20020124	0	94	0	0	94	0	288.6	42.099	-76.835
USC00302610	ELMIRA	20020125	0	72	-28	0	72	-28	288.6	42.099	-76.835
USC00302610	ELMIRA	20020126	0	50	-17	0	50	-17	288.6	42.099	-76.835
USC00302610	ELMIRA	20020127	0	106	-39	0	106	-39	288.6	42.099	-76.835
USC00302610	ELMIRA	20020128	0	156	-33	0	156	-33	288.6	42.099	-76.835
USC00302610	ELMIRA	20020129	0	128	-22	0	128	-22	288.6	42.099	-76.835
USC00302610	ELMIRA	20020130	0	150	17	0	150	17	288.6	42.099	-76.835
USC00302610	ELMIRA	20020131	0	39	-22	0	39	-22	288.6	42.099	-76.835
USC00302610	ELMIRA	20030101	51	94	6	51	94	6	288.6	42.099	-76.835
USC00302610	ELMIRA	20030102	25	6	-67	25	6	-67	288.6	42.099	-76.835
USC00302610	ELMIRA	20030103	25	-33	-72	25	-33	-72	288.6	42.099	-76.835
USC00302610	ELMIRA	20030104	9999	-17	-72	NA	-17	-72	288.6	42.099	-76.835
USC00302610	ELMIRA	20030105	203	6	-44	203	6	-44	288.6	42.099	-76.835
USC00302610	ELMIRA	20030106	203	-11	-56	203	-11	-56	288.6	42.099	-76.835
USC00302610	ELMIRA	20030107	229	-11	-111	229	-11	-111	288.6	42.099	-76.835
USC00302610	ELMIRA	20030108	229	6	-111	229	6	-111	288.6	42.099	-76.835
USC00302610	ELMIRA	20030109	152	50	0	152	50	0	288.6	42.099	-76.835
USC00302610	ELMIRA	20030110	102	61	-33	102	61	-33	288.6	42.099	-76.835
USC00302610	ELMIRA	20030111	102	-22	-89	102	-22	-89	288.6	42.099	-76.835
USC00302610	ELMIRA	20030112	102	-33	-72	102	-33	-72	288.6	42.099	-76.835
USC00302610	ELMIRA	20030113	102	-17	-117	102	-17	-117	288.6	42.099	-76.835
USC00302610	ELMIRA	20030114	102	-11	-156	102	-11	-156	288.6	42.099	-76.835
USC00302610	ELMIRA	20030115	102	-56	-156	102	-56	-156	288.6	42.099	-76.835
USC00302610	ELMIRA	20030116	102	-61	-100	102	-61	-100	288.6	42.099	-76.835
USC00302610	ELMIRA	20030117	102	-39	-133	102	-39	-133	288.6	42.099	-76.835
USC00302610	ELMIRA	20030118	102	-67	-189	102	-67	-189	288.6	42.099	-76.835
USC00302610	ELMIRA	20030119	102	-78	-178	102	-78	-178	288.6	42.099	-76.835
USC00302610	ELMIRA	20030120	76	-50	-94	76	-50	-94	288.6	42.099	-76.835
USC00302610	ELMIRA	20030121	76	-50	-172	76	-50	-172	288.6	42.099	-76.835
USC00302610	ELMIRA	20030122	76	-78	-183	76	-78	-183	288.6	42.099	-76.835
USC00302610	ELMIRA	20030123	76	-106	-200	76	-106	-200	288.6	42.099	-76.835
USC00302610	ELMIRA	20030124	76	-106	-183	76	-106	-183	288.6	42.099	-76.835
USC00302610	ELMIRA	20030125	76	-72	-183	76	-72	-183	288.6	42.099	-76.835
USC00302610	ELMIRA	20030126	76	-39	-183	76	-39	-183	288.6	42.099	-76.835
USC00302610	ELMIRA	20030127	127	-33	-194	127	-33	-194	288.6	42.099	-76.835
USC00302610	ELMIRA	20030128	127	-128	-222	127	-128	-222	288.6	42.099	-76.835
USC00302610	ELMIRA	20030129	127	-50	-172	127	-50	-172	288.6	42.099	-76.835
USC00302610	ELMIRA	20030130	127	-11	-189	127	-11	-189	288.6	42.099	-76.835
USC00302610	ELMIRA	20040101	0	78	-44	0	78	-44	288.6	42.099	-76.835
USC00302610	ELMIRA	20040102	0	44	-33	0	44	-33	288.6	42.099	-76.835
USC00302610	ELMIRA	20040103	0	83	17	0	83	17	288.6	42.099	-76.835
USC00302610	ELMIRA	20040104	0	161	50	0	161	50	288.6	42.099	-76.835
USC00302610	ELMIRA	20040105	51	56	-17	51	56	-17	288.6	42.099	-76.835
USC00302610	ELMIRA	20040106	51	22	-44	51	22	-44	288.6	42.099	-76.835
USC00302610	ELMIRA	20040107	25	0	-122	25	0	-122	288.6	42.099	-76.835
USC00302610	ELMIRA	20040108	51	-72	-111	51	-72	-111	288.6	42.099	-76.835
USC00302610	ELMIRA	20040109	51	-44	-194	51	-44	-194	288.6	42.099	-76.835
USC00302610	ELMIRA	20040110	51	-167	-239	51	-167	-239	288.6	42.099	-76.835
USC00302610	ELMIRA	20040111	51	-144	-222	51	-144	-222	288.6	42.099	-76.835
USC00302610	ELMIRA	20040112	51	-28	-183	51	-28	-183	288.6	42.099	-76.835
USC00302610	ELMIRA	20040113	51	33	-28	51	33	-28	288.6	42.099	-76.835
USC00302610	ELMIRA	20040114	51	11	-200	51	11	-200	288.6	42.099	-76.835
USC00302610	ELMIRA	20040115	152	-133	-206	152	-133	-206	288.6	42.099	-76.835
USC00302610	ELMIRA	20040116	127	-150	-206	127	-150	-206	288.6	42.099	-76.835
USC00302610	ELMIRA	20040117	127	-122	-167	127	-122	-167	288.6	42.099	-76.835
USC00302610	ELMIRA	20040118	127	-28	-89	127	-28	-89	288.6	42.099	-76.835
USC00302610	ELMIRA	20040119	127	6	-106	127	6	-106	288.6	42.099	-76.835
USC00302610	ELMIRA	20040120	127	-72	-106	127	-72	-106	288.6	42.099	-76.835
USC00302610	ELMIRA	20040121	127	-67	-122	127	-67	-122	288.6	42.099	-76.835
USC00302610	ELMIRA	20040122	127	-44	-122	127	-44	-122	288.6	42.099	-76.835
USC00302610	ELMIRA	20040123	102	-11	-156	102	-11	-156	288.6	42.099	-76.835
USC00302610	ELMIRA	20040124	102	-11	-156	102	-11	-156	288.6	42.099	-76.835
USC00302610	ELMIRA	20040125	102	-100	-222	102	-100	-222	288.6	42.099	-76.835
USC00302610	ELMIRA	20040126	102	-100	-228	102	-100	-228	288.6	42.099	-76.835
USC00302610	ELMIRA	20040127	305	-89	-128	305	-89	-128	288.6	42.099	-76.835
USC00302610	ELMIRA	20040128	356	-44	-89	356	-44	-89	288.6	42.099	-76.835
USC00302610	ELMIRA	20040129	279	-50	-100	279	-50	-100	288.6	42.099	-76.835
USC00302610	ELMIRA	20040130	279	-94	-150	279	-94	-150	288.6	42.099	-76.835
USC00302610	ELMIRA	20040131	279	-89	-156	279	-89	-156	288.6	42.099	-76.835
USC00302610	ELMIRA	20050101	0	111	39	0	111	39	288.6	42.099	-76.835
USC00302610	ELMIRA	20050102	0	56	-17	0	56	-17	288.6	42.099	-76.835
USC00302610	ELMIRA	20050103	0	56	-17	0	56	-17	288.6	42.099	-76.835
USC00302610	ELMIRA	20050104	0	50	22	0	50	22	288.6	42.099	-76.835
USC00302610	ELMIRA	20050105	0	28	-11	0	28	-11	288.6	42.099	-76.835
USC00302610	ELMIRA	20050106	152	-11	-50	152	-11	-50	288.6	42.099	-76.835
USC00302610	ELMIRA	20050107	9999	33	-28	NA	33	-28	288.6	42.099	-76.835
USC00302610	ELMIRA	20050108	76	-6	-33	76	-6	-33	288.6	42.099	-76.835
USC00302610	ELMIRA	20050109	76	11	-22	76	11	-22	288.6	42.099	-76.835
USC00302610	ELMIRA	20050110	76	6	-22	76	6	-22	288.6	42.099	-76.835
USC00302610	ELMIRA	20050111	76	33	-28	76	33	-28	288.6	42.099	-76.835
USC00302610	ELMIRA	20050112	102	11	-17	102	11	-17	288.6	42.099	-76.835
USC00302610	ELMIRA	20050113	9999	50	-22	NA	50	-22	288.6	42.099	-76.835
USC00302610	ELMIRA	20050114	25	167	0	25	167	0	288.6	42.099	-76.835
USC00302610	ELMIRA	20050115	25	6	-106	25	6	-106	288.6	42.099	-76.835
USC00302610	ELMIRA	20050116	25	-33	-100	25	-33	-100	288.6	42.099	-76.835
USC00302610	ELMIRA	20050117	25	-44	-94	25	-44	-94	288.6	42.099	-76.835
USC00302610	ELMIRA	20050118	25	-72	-178	25	-72	-178	288.6	42.099	-76.835
USC00302610	ELMIRA	20050119	25	-128	-194	25	-128	-194	288.6	42.099	-76.835
USC00302610	ELMIRA	20050120	76	-39	-128	76	-39	-128	288.6	42.099	-76.835
USC00302610	ELMIRA	20050121	51	-39	-200	51	-39	-200	288.6	42.099	-76.835
USC00302610	ELMIRA	20050122	51	-39	-228	51	-39	-228	288.6	42.099	-76.835
USC00302610	ELMIRA	20050123	203	-94	-194	203	-94	-194	288.6	42.099	-76.835
USC00302610	ELMIRA	20050124	152	-128	-228	152	-128	-228	288.6	42.099	-76.835
USC00302610	ELMIRA	20050125	152	-44	-233	152	-44	-233	288.6	42.099	-76.835
USC00302610	ELMIRA	20050126	203	-33	-72	203	-33	-72	288.6	42.099	-76.835
USC00302610	ELMIRA	20050127	229	-28	-172	229	-28	-172	288.6	42.099	-76.835
USC00302610	ELMIRA	20050128	229	-128	-222	229	-128	-222	288.6	42.099	-76.835
USC00302610	ELMIRA	20050129	203	-83	-228	203	-83	-228	288.6	42.099	-76.835
USC00302610	ELMIRA	20050130	203	-6	-144	203	-6	-144	288.6	42.099	-76.835
USC00302610	ELMIRA	20050131	203	-6	-144	203	-6	-144	288.6	42.099	-76.835
