STATION	NAME	DATE	SNWD	TMAX	TMIN	SNWD2	TMAX2	TMIN2	ELEV	LAT	LONG
USC00182906	EMMITSBURG	19950101	0	133	-11	0	133	-11	126.8	39.68333	-77.3
USC00182906	EMMITSBURG	19950102	0	94	-28	0	94	-28	126.8	39.68333	-77.3
USC00182906	EMMITSBURG	19950103	0	-11	-72	0	-11	-72	126.8	39.68333	-77.3
USC00182906	EMMITSBURG	19950104	0	-6	-50	0	-6	-50	126.8	39.68333	-77.3
USC00182906	EMMITSBURG	19950105	0	-50	-122	0	-50	-122	126.8	39.68333	-77.3
USC00182906	EMMITSBURG	19950106	0	17	-117	0	17	-117	126.8	39.68333	-77.3
USC00182906	EMMITSBURG	19950107	0	61	-17	0	61	-17	126.8	39.68333	-77.3
USC00182906	EMMITSBURG	19950108	0	39	-22	0	39	-22	126.8	39.68333	-77.3
USC00182906	EMMITSBURG	19950109	0	67	-17	0	67	-17	126.8	39.68333	-77.3
USC00182906	EMMITSBURG	19950110	0	33	-44	0	33	-44	126.8	39.68333	-77.3
USC00182906	EMMITSBURG	19950111	0	-11	-33	0	-11	-33	126.8	39.68333	-77.3
USC00182906	EMMITSBURG	19950112	0	72	-11	0	72	-11	126.8	39.68333	-77.3
USC00182906	EMMITSBURG	19950113	0	111	0	0	111	0	126.8	39.68333	-77.3
USC00182906	EMMITSBURG	19950114	0	211	11	0	211	11	126.8	39.68333	-77.3
USC00182906	EMMITSBURG	19950115	0	178	156	0	178	156	126.8	39.68333	-77.3
USC00182906	EMMITSBURG	19950116	0	161	67	0	161	67	126.8	39.68333	-77.3
USC00182906	EMMITSBURG	19950117	0	83	39	0	83	39	126.8	39.68333	-77.3
USC00182906	EMMITSBURG	19950118	0	83	28	0	83	28	126.8	39.68333	-77.3
USC00182906	EMMITSBURG	19950119	0	67	44	0	67	44	126.8	39.68333	-77.3
USC00182906	EMMITSBURG	19950120	0	78	44	0	78	44	126.8	39.68333	-77.3
USC00182906	EMMITSBURG	19950121	0	50	17	0	50	17	126.8	39.68333	-77.3
USC00182906	EMMITSBURG	19950122	0	17	-28	0	17	-28	126.8	39.68333	-77.3
USC00182906	EMMITSBURG	19950123	0	28	-50	0	28	-50	126.8	39.68333	-77.3
USC00182906	EMMITSBURG	19950124	0	33	-39	0	33	-39	126.8	39.68333	-77.3
USC00182906	EMMITSBURG	19950125	0	-17	-11	0	-17	-11	126.8	39.68333	-77.3
USC00182906	EMMITSBURG	19950126	0	28	-44	0	28	-44	126.8	39.68333	-77.3
USC00182906	EMMITSBURG	19950127	0	33	-72	0	33	-72	126.8	39.68333	-77.3
USC00182906	EMMITSBURG	19950128	0	22	-22	0	22	-22	126.8	39.68333	-77.3
USC00182906	EMMITSBURG	19950129	0	22	-83	0	22	-83	126.8	39.68333	-77.3
USC00182906	EMMITSBURG	19950130	0	22	-56	0	22	-56	126.8	39.68333	-77.3
USC00182906	EMMITSBURG	19950131	0	72	-78	0	72	-78	126.8	39.68333	-77.3
USC00182906	EMMITSBURG	19960101	0	39	11	0	39	11	126.8	39.68333	-77.3
USC00182906	EMMITSBURG	19960102	0	17	6	0	17	6	126.8	39.68333	-77.3
USC00182906	EMMITSBURG	19960103	0	28	-28	0	28	-28	126.8	39.68333	-77.3
USC00182906	EMMITSBURG	19960104	0	-17	-78	0	-17	-78	126.8	39.68333	-77.3
USC00182906	EMMITSBURG	19960105	0	-17	-78	0	-17	-78	126.8	39.68333	-77.3
USC00182906	EMMITSBURG	19960106	0	-44	-106	0	-44	-106	126.8	39.68333	-77.3
USC00182906	EMMITSBURG	19960107	432	-72	-111	432	-72	-111	126.8	39.68333	-77.3
USC00182906	EMMITSBURG	19960108	660	-50	-89	660	-50	-89	126.8	39.68333	-77.3
USC00182906	EMMITSBURG	19960109	660	-56	-111	660	-56	-111	126.8	39.68333	-77.3
USC00182906	EMMITSBURG	19960110	762	-28	-111	762	-28	-111	126.8	39.68333	-77.3
USC00182906	EMMITSBURG	19960111	762	-61	-167	762	-61	-167	126.8	39.68333	-77.3
USC00182906	EMMITSBURG	19960112	1016	-22	-117	1016	-22	-117	126.8	39.68333	-77.3
USC00182906	EMMITSBURG	19960113	965	-117	28	965	-117	28	126.8	39.68333	-77.3
USC00182906	EMMITSBURG	19960114	914	39	-117	914	39	-117	126.8	39.68333	-77.3
USC00182906	EMMITSBURG	19960115	635	72	-72	635	72	-72	126.8	39.68333	-77.3
USC00182906	EMMITSBURG	19960116	635	17	-139	635	17	-139	126.8	39.68333	-77.3
USC00182906	EMMITSBURG	19960117	508	39	-39	508	39	-39	126.8	39.68333	-77.3
USC00182906	EMMITSBURG	19960118	457	39	-28	457	39	-28	126.8	39.68333	-77.3
USC00182906	EMMITSBURG	19960119	381	128	-28	381	128	-28	126.8	39.68333	-77.3
USC00182906	EMMITSBURG	19960120	127	-28	-106	127	-28	-106	126.8	39.68333	-77.3
USC00182906	EMMITSBURG	19960121	76	-6	-122	76	-6	-122	126.8	39.68333	-77.3
USC00182906	EMMITSBURG	19960122	76	33	-122	76	33	-122	126.8	39.68333	-77.3
USC00182906	EMMITSBURG	19960123	76	11	-61	76	11	-61	126.8	39.68333	-77.3
USC00182906	EMMITSBURG	19960124	76	89	0	76	89	0	126.8	39.68333	-77.3
USC00182906	EMMITSBURG	19960125	76	89	-33	76	89	-33	126.8	39.68333	-77.3
USC00182906	EMMITSBURG	19960126	0	33	-94	0	33	-94	126.8	39.68333	-77.3
USC00182906	EMMITSBURG	19960127	0	117	6	0	117	6	126.8	39.68333	-77.3
USC00182906	EMMITSBURG	19960128	0	0	-33	0	0	-33	126.8	39.68333	-77.3
USC00182906	EMMITSBURG	19960129	0	11	-72	0	11	-72	126.8	39.68333	-77.3
USC00182906	EMMITSBURG	19960130	0	83	-33	0	83	-33	126.8	39.68333	-77.3
USC00182906	EMMITSBURG	19960131	0	56	-56	0	56	-56	126.8	39.68333	-77.3
USC00182906	EMMITSBURG	19970101	0	33	-61	0	33	-61	126.8	39.68333	-77.3
USC00182906	EMMITSBURG	19970102	0	83	-61	0	83	-61	126.8	39.68333	-77.3
USC00182906	EMMITSBURG	19970103	0	183	67	0	183	67	126.8	39.68333	-77.3
USC00182906	EMMITSBURG	19970104	0	189	83	0	189	83	126.8	39.68333	-77.3
USC00182906	EMMITSBURG	19970105	0	194	83	0	194	83	126.8	39.68333	-77.3
USC00182906	EMMITSBURG	19970106	0	178	50	0	178	50	126.8	39.68333	-77.3
USC00182906	EMMITSBURG	19970107	0	178	-28	0	178	-28	126.8	39.68333	-77.3
USC00182906	EMMITSBURG	19970108	0	28	-56	0	28	-56	126.8	39.68333	-77.3
USC00182906	EMMITSBURG	19970109	102	11	-39	102	11	-39	126.8	39.68333	-77.3
USC00182906	EMMITSBURG	19970110	51	28	-28	51	28	-28	126.8	39.68333	-77.3
USC00182906	EMMITSBURG	19970111	51	17	-78	51	17	-78	126.8	39.68333	-77.3
USC00182906	EMMITSBURG	19970112	51	-44	-106	51	-44	-106	126.8	39.68333	-77.3
USC00182906	EMMITSBURG	19970113	51	-33	-106	51	-33	-106	126.8	39.68333	-77.3
USC00182906	EMMITSBURG	19970114	25	0	-111	25	0	-111	126.8	39.68333	-77.3
USC00182906	EMMITSBURG	19970115	25	28	-144	25	28	-144	126.8	39.68333	-77.3
USC00182906	EMMITSBURG	19970116	25	56	-22	25	56	-22	126.8	39.68333	-77.3
USC00182906	EMMITSBURG	19970117	25	17	-144	25	17	-144	126.8	39.68333	-77.3
USC00182906	EMMITSBURG	19970118	9999	-89	-144	NA	-89	-144	126.8	39.68333	-77.3
USC00182906	EMMITSBURG	19970119	9999	-56	-178	NA	-56	-178	126.8	39.68333	-77.3
USC00182906	EMMITSBURG	19970120	9999	44	-122	NA	44	-122	126.8	39.68333	-77.3
USC00182906	EMMITSBURG	19970121	9999	56	-67	NA	56	-67	126.8	39.68333	-77.3
USC00182906	EMMITSBURG	19970122	0	72	-44	0	72	-44	126.8	39.68333	-77.3
USC00182906	EMMITSBURG	19970123	0	106	44	0	106	44	126.8	39.68333	-77.3
USC00182906	EMMITSBURG	19970124	0	50	-56	0	50	-56	126.8	39.68333	-77.3
USC00182906	EMMITSBURG	19970125	0	78	-11	0	78	-11	126.8	39.68333	-77.3
USC00182906	EMMITSBURG	19970126	0	33	-56	0	33	-56	126.8	39.68333	-77.3
USC00182906	EMMITSBURG	19970127	0	33	-50	0	33	-50	126.8	39.68333	-77.3
USC00182906	EMMITSBURG	19970128	0	61	0	0	61	0	126.8	39.68333	-77.3
USC00182906	EMMITSBURG	19970129	0	61	-72	0	61	-72	126.8	39.68333	-77.3
USC00182906	EMMITSBURG	19970130	0	22	-83	0	22	-83	126.8	39.68333	-77.3
USC00182906	EMMITSBURG	19970131	0	44	-28	0	44	-28	126.8	39.68333	-77.3
USC00182906	EMMITSBURG	19980101	9999	-22	-122	NA	-22	-122	126.8	39.68333	-77.3
USC00182906	EMMITSBURG	19980102	9999	111	-33	NA	111	-33	126.8	39.68333	-77.3
USC00182906	EMMITSBURG	19980103	9999	133	17	NA	133	17	126.8	39.68333	-77.3
USC00182906	EMMITSBURG	19980104	0	194	61	0	194	61	126.8	39.68333	-77.3
USC00182906	EMMITSBURG	19980105	0	161	-22	0	161	-22	126.8	39.68333	-77.3
USC00182906	EMMITSBURG	19980106	0	178	72	0	178	72	126.8	39.68333	-77.3
USC00182906	EMMITSBURG	19980107	0	183	144	0	183	144	126.8	39.68333	-77.3
USC00182906	EMMITSBURG	19980108	0	200	167	0	200	167	126.8	39.68333	-77.3
USC00182906	EMMITSBURG	19980109	0	189	106	0	189	106	126.8	39.68333	-77.3
USC00182906	EMMITSBURG	19980110	0	117	-11	0	117	-11	126.8	39.68333	-77.3
USC00182906	EMMITSBURG	19980111	0	94	-6	0	94	-6	126.8	39.68333	-77.3
USC00182906	EMMITSBURG	19980112	0	67	-44	0	67	-44	126.8	39.68333	-77.3
USC00182906	EMMITSBURG	19980113	0	83	6	0	83	6	126.8	39.68333	-77.3
USC00182906	EMMITSBURG	19980114	0	33	-67	0	33	-67	126.8	39.68333	-77.3
USC00182906	EMMITSBURG	19980115	0	33	-61	0	33	-61	126.8	39.68333	-77.3
USC00182906	EMMITSBURG	19980116	0	39	0	0	39	0	126.8	39.68333	-77.3
USC00182906	EMMITSBURG	19980117	0	56	11	0	56	11	126.8	39.68333	-77.3
USC00182906	EMMITSBURG	19980118	0	50	-11	0	50	-11	126.8	39.68333	-77.3
USC00182906	EMMITSBURG	19980119	0	33	6	0	33	6	126.8	39.68333	-77.3
USC00182906	EMMITSBURG	19980120	0	33	-17	0	33	-17	126.8	39.68333	-77.3
USC00182906	EMMITSBURG	19980121	0	22	-56	0	22	-56	126.8	39.68333	-77.3
USC00182906	EMMITSBURG	19980122	0	39	-50	0	39	-50	126.8	39.68333	-77.3
USC00182906	EMMITSBURG	19980123	0	33	-6	0	33	-6	126.8	39.68333	-77.3
USC00182906	EMMITSBURG	19980124	0	67	-11	0	67	-11	126.8	39.68333	-77.3
USC00182906	EMMITSBURG	19980125	0	39	-17	0	39	-17	126.8	39.68333	-77.3
USC00182906	EMMITSBURG	19980126	0	56	-50	0	56	-50	126.8	39.68333	-77.3
USC00182906	EMMITSBURG	19980127	0	39	-33	0	39	-33	126.8	39.68333	-77.3
USC00182906	EMMITSBURG	19980128	0	28	6	0	28	6	126.8	39.68333	-77.3
USC00182906	EMMITSBURG	19980129	0	122	-6	0	122	-6	126.8	39.68333	-77.3
USC00182906	EMMITSBURG	19980130	0	111	33	0	111	33	126.8	39.68333	-77.3
USC00182906	EMMITSBURG	19980131	0	56	0	0	56	0	126.8	39.68333	-77.3
USC00182906	EMMITSBURG	19990101	0	-17	-111	0	-17	-111	126.8	39.68333	-77.3
USC00182906	EMMITSBURG	19990102	25	-50	-117	25	-50	-117	126.8	39.68333	-77.3
USC00182906	EMMITSBURG	19990103	25	89	-94	25	89	-94	126.8	39.68333	-77.3
USC00182906	EMMITSBURG	19990104	0	39	-72	0	39	-72	126.8	39.68333	-77.3
USC00182906	EMMITSBURG	19990105	0	-39	-106	0	-39	-106	126.8	39.68333	-77.3
USC00182906	EMMITSBURG	19990106	0	-28	-167	0	-28	-167	126.8	39.68333	-77.3
USC00182906	EMMITSBURG	19990107	0	17	-39	0	17	-39	126.8	39.68333	-77.3
USC00182906	EMMITSBURG	19990108	152	-39	-100	152	-39	-100	126.8	39.68333	-77.3
USC00182906	EMMITSBURG	19990109	127	44	-100	127	44	-100	126.8	39.68333	-77.3
USC00182906	EMMITSBURG	19990110	102	6	-94	102	6	-94	126.8	39.68333	-77.3
USC00182906	EMMITSBURG	19990111	76	-28	-83	76	-28	-83	126.8	39.68333	-77.3
USC00182906	EMMITSBURG	19990112	51	106	-78	51	106	-78	126.8	39.68333	-77.3
USC00182906	EMMITSBURG	19990113	9999	89	33	NA	89	33	126.8	39.68333	-77.3
USC00182906	EMMITSBURG	19990114	25	56	-83	25	56	-83	126.8	39.68333	-77.3
USC00182906	EMMITSBURG	19990115	25	-6	-89	25	-6	-89	126.8	39.68333	-77.3
USC00182906	EMMITSBURG	19990116	51	-22	-72	51	-22	-72	126.8	39.68333	-77.3
USC00182906	EMMITSBURG	19990117	9999	117	-17	NA	117	-17	126.8	39.68333	-77.3
USC00182906	EMMITSBURG	19990118	9999	117	17	NA	117	17	126.8	39.68333	-77.3
USC00182906	EMMITSBURG	19990119	0	94	-11	0	94	-11	126.8	39.68333	-77.3
USC00182906	EMMITSBURG	19990120	0	83	17	0	83	17	126.8	39.68333	-77.3
USC00182906	EMMITSBURG	19990121	0	78	-39	0	78	-39	126.8	39.68333	-77.3
USC00182906	EMMITSBURG	19990122	0	50	28	0	50	28	126.8	39.68333	-77.3
USC00182906	EMMITSBURG	19990123	0	106	44	0	106	44	126.8	39.68333	-77.3
USC00182906	EMMITSBURG	19990124	0	150	61	0	150	61	126.8	39.68333	-77.3
USC00182906	EMMITSBURG	19990125	0	78	-11	0	78	-11	126.8	39.68333	-77.3
USC00182906	EMMITSBURG	19990126	0	94	-11	0	94	-11	126.8	39.68333	-77.3
USC00182906	EMMITSBURG	19990127	0	122	-61	0	122	-61	126.8	39.68333	-77.3
USC00182906	EMMITSBURG	19990128	0	189	-11	0	189	-11	126.8	39.68333	-77.3
USC00182906	EMMITSBURG	19990129	0	167	28	0	167	28	126.8	39.68333	-77.3
USC00182906	EMMITSBURG	19990130	0	72	-78	0	72	-78	126.8	39.68333	-77.3
USC00182906	EMMITSBURG	19990131	0	44	-78	0	44	-78	126.8	39.68333	-77.3
USC00182906	EMMITSBURG	20000101	0	100	-67	0	100	-67	126.8	39.68333	-77.3
USC00182906	EMMITSBURG	20000102	0	183	0	0	183	0	126.8	39.68333	-77.3
USC00182906	EMMITSBURG	20000103	0	167	100	0	167	100	126.8	39.68333	-77.3
USC00182906	EMMITSBURG	20000104	0	194	83	0	194	83	126.8	39.68333	-77.3
USC00182906	EMMITSBURG	20000105	0	117	0	0	117	0	126.8	39.68333	-77.3
USC00182906	EMMITSBURG	20000106	0	61	-89	0	61	-89	126.8	39.68333	-77.3
USC00182906	EMMITSBURG	20000107	0	94	-89	0	94	-89	126.8	39.68333	-77.3
USC00182906	EMMITSBURG	20000108	0	61	-61	0	61	-61	126.8	39.68333	-77.3
USC00182906	EMMITSBURG	20000109	0	56	6	0	56	6	126.8	39.68333	-77.3
USC00182906	EMMITSBURG	20000110	0	78	6	0	78	6	126.8	39.68333	-77.3
USC00182906	EMMITSBURG	20000111	0	106	28	0	106	28	126.8	39.68333	-77.3
USC00182906	EMMITSBURG	20000112	0	106	11	0	106	11	126.8	39.68333	-77.3
USC00182906	EMMITSBURG	20000113	0	117	-11	0	117	-11	126.8	39.68333	-77.3
USC00182906	EMMITSBURG	20000114	0	11	-78	0	11	-78	126.8	39.68333	-77.3
USC00182906	EMMITSBURG	20000115	0	11	-89	0	11	-89	126.8	39.68333	-77.3
USC00182906	EMMITSBURG	20000116	0	150	-39	0	150	-39	126.8	39.68333	-77.3
USC00182906	EMMITSBURG	20000117	0	44	-106	0	44	-106	126.8	39.68333	-77.3
USC00182906	EMMITSBURG	20000118	0	-67	-128	0	-67	-128	126.8	39.68333	-77.3
USC00182906	EMMITSBURG	20000119	0	28	-94	0	28	-94	126.8	39.68333	-77.3
USC00182906	EMMITSBURG	20000120	203	-6	-94	203	-6	-94	126.8	39.68333	-77.3
USC00182906	EMMITSBURG	20000121	178	-6	-111	178	-6	-111	126.8	39.68333	-77.3
USC00182906	EMMITSBURG	20000122	152	-67	-167	152	-67	-167	126.8	39.68333	-77.3
USC00182906	EMMITSBURG	20000123	152	-28	-83	152	-28	-83	126.8	39.68333	-77.3
USC00182906	EMMITSBURG	20000124	9999	17	-83	NA	17	-83	126.8	39.68333	-77.3
USC00182906	EMMITSBURG	20000125	356	6	-67	356	6	-67	126.8	39.68333	-77.3
USC00182906	EMMITSBURG	20000126	254	-6	-67	254	-6	-67	126.8	39.68333	-77.3
USC00182906	EMMITSBURG	20000127	229	-17	-111	229	-17	-111	126.8	39.68333	-77.3
USC00182906	EMMITSBURG	20000128	178	-6	-106	178	-6	-106	126.8	39.68333	-77.3
USC00182906	EMMITSBURG	20000129	152	6	-178	152	6	-178	126.8	39.68333	-77.3
USC00182906	EMMITSBURG	20000130	229	-11	-161	229	-11	-161	126.8	39.68333	-77.3
USC00182906	EMMITSBURG	20000131	229	22	-139	229	22	-139	126.8	39.68333	-77.3
USC00182906	EMMITSBURG	20010101	9999	6	-50	NA	6	-50	126.8	39.68333	-77.3
USC00182906	EMMITSBURG	20010102	9999	-11	-72	NA	-11	-72	126.8	39.68333	-77.3
USC00182906	EMMITSBURG	20010103	9999	0	-94	NA	0	-94	126.8	39.68333	-77.3
USC00182906	EMMITSBURG	20010104	0	6	-78	0	6	-78	126.8	39.68333	-77.3
USC00182906	EMMITSBURG	20010105	102	-17	-100	102	-17	-100	126.8	39.68333	-77.3
USC00182906	EMMITSBURG	20010106	51	22	-61	51	22	-61	126.8	39.68333	-77.3
USC00182906	EMMITSBURG	20010107	9999	44	-89	NA	44	-89	126.8	39.68333	-77.3
USC00182906	EMMITSBURG	20010108	0	28	-44	0	28	-44	126.8	39.68333	-77.3
USC00182906	EMMITSBURG	20010109	0	6	-56	0	6	-56	126.8	39.68333	-77.3
USC00182906	EMMITSBURG	20010110	0	61	-50	0	61	-50	126.8	39.68333	-77.3
USC00182906	EMMITSBURG	20010111	0	117	22	0	117	22	126.8	39.68333	-77.3
USC00182906	EMMITSBURG	20010112	0	100	-28	0	100	-28	126.8	39.68333	-77.3
USC00182906	EMMITSBURG	20010113	0	61	-94	0	61	-94	126.8	39.68333	-77.3
USC00182906	EMMITSBURG	20010114	0	56	-72	0	56	-72	126.8	39.68333	-77.3
USC00182906	EMMITSBURG	20010115	0	39	6	0	39	6	126.8	39.68333	-77.3
USC00182906	EMMITSBURG	20010116	0	50	-11	0	50	-11	126.8	39.68333	-77.3
USC00182906	EMMITSBURG	20010117	0	33	17	0	33	17	126.8	39.68333	-77.3
USC00182906	EMMITSBURG	20010118	0	28	-39	0	28	-39	126.8	39.68333	-77.3
USC00182906	EMMITSBURG	20010119	0	22	0	0	22	0	126.8	39.68333	-77.3
USC00182906	EMMITSBURG	20010120	0	22	0	0	22	0	126.8	39.68333	-77.3
USC00182906	EMMITSBURG	20010121	203	0	-61	203	0	-61	126.8	39.68333	-77.3
USC00182906	EMMITSBURG	20010122	152	-11	-183	152	-11	-183	126.8	39.68333	-77.3
USC00182906	EMMITSBURG	20010123	127	6	-189	127	6	-189	126.8	39.68333	-77.3
USC00182906	EMMITSBURG	20010124	102	56	-133	102	56	-133	126.8	39.68333	-77.3
USC00182906	EMMITSBURG	20010125	51	33	-61	51	33	-61	126.8	39.68333	-77.3
USC00182906	EMMITSBURG	20010126	25	33	-133	25	33	-133	126.8	39.68333	-77.3
USC00182906	EMMITSBURG	20010127	0	50	-33	0	50	-33	126.8	39.68333	-77.3
USC00182906	EMMITSBURG	20010128	0	39	-67	0	39	-67	126.8	39.68333	-77.3
USC00182906	EMMITSBURG	20010129	0	33	-83	0	33	-83	126.8	39.68333	-77.3
USC00182906	EMMITSBURG	20010130	0	106	-6	0	106	-6	126.8	39.68333	-77.3
USC00182906	EMMITSBURG	20010131	0	78	-22	0	78	-22	126.8	39.68333	-77.3
USC00182906	EMMITSBURG	20020101	0	6	-144	0	6	-144	126.8	39.68333	-77.3
USC00182906	EMMITSBURG	20020102	0	17	-106	0	17	-106	126.8	39.68333	-77.3
USC00182906	EMMITSBURG	20020103	0	28	-78	0	28	-78	126.8	39.68333	-77.3
USC00182906	EMMITSBURG	20020104	0	39	-44	0	39	-44	126.8	39.68333	-77.3
USC00182906	EMMITSBURG	20020105	0	39	-11	0	39	-11	126.8	39.68333	-77.3
USC00182906	EMMITSBURG	20020106	25	28	-83	25	28	-83	126.8	39.68333	-77.3
USC00182906	EMMITSBURG	20020107	76	28	-89	76	28	-89	126.8	39.68333	-77.3
USC00182906	EMMITSBURG	20020108	25	17	-50	25	17	-50	126.8	39.68333	-77.3
USC00182906	EMMITSBURG	20020109	0	61	-56	0	61	-56	126.8	39.68333	-77.3
USC00182906	EMMITSBURG	20020110	0	172	28	0	172	28	126.8	39.68333	-77.3
USC00182906	EMMITSBURG	20020111	0	133	28	0	133	28	126.8	39.68333	-77.3
USC00182906	EMMITSBURG	20020112	0	94	0	0	94	0	126.8	39.68333	-77.3
USC00182906	EMMITSBURG	20020113	0	67	6	0	67	6	126.8	39.68333	-77.3
USC00182906	EMMITSBURG	20020114	0	117	-33	0	117	-33	126.8	39.68333	-77.3
USC00182906	EMMITSBURG	20020115	0	89	-6	0	89	-6	126.8	39.68333	-77.3
USC00182906	EMMITSBURG	20020116	0	61	17	0	61	17	126.8	39.68333	-77.3
USC00182906	EMMITSBURG	20020117	0	111	-6	0	111	-6	126.8	39.68333	-77.3
USC00182906	EMMITSBURG	20020118	0	50	-39	0	50	-39	126.8	39.68333	-77.3
USC00182906	EMMITSBURG	20020119	76	56	-67	76	56	-67	126.8	39.68333	-77.3
USC00182906	EMMITSBURG	20020120	102	-6	-61	102	-6	-61	126.8	39.68333	-77.3
USC00182906	EMMITSBURG	20020121	0	39	-89	0	39	-89	126.8	39.68333	-77.3
USC00182906	EMMITSBURG	20020122	0	100	22	0	100	22	126.8	39.68333	-77.3
USC00182906	EMMITSBURG	20020123	0	128	-22	0	128	-22	126.8	39.68333	-77.3
USC00182906	EMMITSBURG	20020124	0	6	39	0	6	39	126.8	39.68333	-77.3
USC00182906	EMMITSBURG	20020125	0	139	11	0	139	11	126.8	39.68333	-77.3
USC00182906	EMMITSBURG	20020126	0	133	-33	0	133	-33	126.8	39.68333	-77.3
USC00182906	EMMITSBURG	20020127	0	200	-67	0	200	-67	126.8	39.68333	-77.3
USC00182906	EMMITSBURG	20020128	0	189	-50	0	189	-50	126.8	39.68333	-77.3
USC00182906	EMMITSBURG	20020129	0	222	-56	0	222	-56	126.8	39.68333	-77.3
USC00182906	EMMITSBURG	20020130	0	228	-44	0	228	-44	126.8	39.68333	-77.3
USC00182906	EMMITSBURG	20020131	0	128	44	0	128	44	126.8	39.68333	-77.3
USC00182906	EMMITSBURG	20030101	0	78	22	0	78	22	126.8	39.68333	-77.3
USC00182906	EMMITSBURG	20030102	0	61	17	0	61	17	126.8	39.68333	-77.3
USC00182906	EMMITSBURG	20030103	0	56	0	0	56	0	126.8	39.68333	-77.3
USC00182906	EMMITSBURG	20030104	0	17	-6	0	17	-6	126.8	39.68333	-77.3
USC00182906	EMMITSBURG	20030105	102	11	-56	102	11	-56	126.8	39.68333	-77.3
USC00182906	EMMITSBURG	20030106	76	11	-28	76	11	-28	126.8	39.68333	-77.3
USC00182906	EMMITSBURG	20030107	76	6	-67	76	6	-67	126.8	39.68333	-77.3
USC00182906	EMMITSBURG	20030108	0	83	-67	0	83	-67	126.8	39.68333	-77.3
USC00182906	EMMITSBURG	20030109	0	122	6	0	122	6	126.8	39.68333	-77.3
USC00182906	EMMITSBURG	20030110	0	122	6	0	122	6	126.8	39.68333	-77.3
USC00182906	EMMITSBURG	20030111	0	133	-56	0	133	-56	126.8	39.68333	-77.3
USC00182906	EMMITSBURG	20030112	0	0	-72	0	0	-72	126.8	39.68333	-77.3
USC00182906	EMMITSBURG	20030113	0	61	-89	0	61	-89	126.8	39.68333	-77.3
USC00182906	EMMITSBURG	20030114	0	44	-94	0	44	-94	126.8	39.68333	-77.3
USC00182906	EMMITSBURG	20030115	0	-22	-78	0	-22	-78	126.8	39.68333	-77.3
USC00182906	EMMITSBURG	20030116	0	33	-111	0	33	-111	126.8	39.68333	-77.3
USC00182906	EMMITSBURG	20030117	51	-22	-111	51	-22	-111	126.8	39.68333	-77.3
USC00182906	EMMITSBURG	20030118	25	-50	-194	25	-50	-194	126.8	39.68333	-77.3
USC00182906	EMMITSBURG	20030119	0	-28	-194	0	-28	-194	126.8	39.68333	-77.3
USC00182906	EMMITSBURG	20030120	0	11	-67	0	11	-67	126.8	39.68333	-77.3
USC00182906	EMMITSBURG	20030121	0	-22	-100	0	-22	-100	126.8	39.68333	-77.3
USC00182906	EMMITSBURG	20030122	0	-50	-139	0	-50	-139	126.8	39.68333	-77.3
USC00182906	EMMITSBURG	20030123	0	-72	-133	0	-72	-133	126.8	39.68333	-77.3
USC00182906	EMMITSBURG	20030124	0	-6	-117	0	-6	-117	126.8	39.68333	-77.3
USC00182906	EMMITSBURG	20030125	0	6	-100	0	6	-100	126.8	39.68333	-77.3
USC00182906	EMMITSBURG	20030126	0	11	-89	0	11	-89	126.8	39.68333	-77.3
USC00182906	EMMITSBURG	20030127	0	-11	-122	0	-11	-122	126.8	39.68333	-77.3
USC00182906	EMMITSBURG	20030128	0	-11	-133	0	-11	-133	126.8	39.68333	-77.3
USC00182906	EMMITSBURG	20030129	0	0	-22	0	0	-22	126.8	39.68333	-77.3
USC00182906	EMMITSBURG	20030130	0	22	-89	0	22	-89	126.8	39.68333	-77.3
USC00182906	EMMITSBURG	20030131	0	17	-17	0	17	-17	126.8	39.68333	-77.3
USC00182906	EMMITSBURG	20040101	0	117	-61	0	117	-61	126.8	39.68333	-77.3
USC00182906	EMMITSBURG	20040102	0	78	-6	0	78	-6	126.8	39.68333	-77.3
USC00182906	EMMITSBURG	20040103	0	144	39	0	144	39	126.8	39.68333	-77.3
USC00182906	EMMITSBURG	20040104	0	144	94	0	144	94	126.8	39.68333	-77.3
USC00182906	EMMITSBURG	20040105	0	67	28	0	67	28	126.8	39.68333	-77.3
USC00182906	EMMITSBURG	20040106	0	56	-28	0	56	-28	126.8	39.68333	-77.3
USC00182906	EMMITSBURG	20040107	0	-28	-89	0	-28	-89	126.8	39.68333	-77.3
USC00182906	EMMITSBURG	20040108	0	0	-83	0	0	-83	126.8	39.68333	-77.3
USC00182906	EMMITSBURG	20040109	0	-11	-67	0	-11	-67	126.8	39.68333	-77.3
USC00182906	EMMITSBURG	20040110	0	-67	-167	0	-67	-167	126.8	39.68333	-77.3
USC00182906	EMMITSBURG	20040111	0	-11	-139	0	-11	-139	126.8	39.68333	-77.3
USC00182906	EMMITSBURG	20040112	0	94	61	0	94	61	126.8	39.68333	-77.3
USC00182906	EMMITSBURG	20040113	0	78	17	0	78	17	126.8	39.68333	-77.3
USC00182906	EMMITSBURG	20040114	0	44	-94	0	44	-94	126.8	39.68333	-77.3
USC00182906	EMMITSBURG	20040115	0	-22	-100	0	-22	-100	126.8	39.68333	-77.3
USC00182906	EMMITSBURG	20040116	0	-44	-128	0	-44	-128	126.8	39.68333	-77.3
USC00182906	EMMITSBURG	20040117	0	-6	-100	0	-6	-100	126.8	39.68333	-77.3
USC00182906	EMMITSBURG	20040118	0	6	-100	0	6	-100	126.8	39.68333	-77.3
USC00182906	EMMITSBURG	20040119	0	11	-67	0	11	-67	126.8	39.68333	-77.3
USC00182906	EMMITSBURG	20040120	0	-33	-72	0	-33	-72	126.8	39.68333	-77.3
USC00182906	EMMITSBURG	20040121	0	-33	-106	0	-33	-106	126.8	39.68333	-77.3
USC00182906	EMMITSBURG	20040122	0	44	-94	0	44	-94	126.8	39.68333	-77.3
USC00182906	EMMITSBURG	20040123	0	28	-122	0	28	-122	126.8	39.68333	-77.3
USC00182906	EMMITSBURG	20040124	178	-50	-106	178	-50	-106	126.8	39.68333	-77.3
USC00182906	EMMITSBURG	20040125	127	-50	-200	127	-50	-200	126.8	39.68333	-77.3
USC00182906	EMMITSBURG	20040126	305	-78	-111	305	-78	-111	126.8	39.68333	-77.3
USC00182906	EMMITSBURG	20040127	229	-56	-111	229	-56	-111	126.8	39.68333	-77.3
USC00182906	EMMITSBURG	20040128	254	-33	-72	254	-33	-72	126.8	39.68333	-77.3
USC00182906	EMMITSBURG	20040129	229	6	-83	229	6	-83	126.8	39.68333	-77.3
USC00182906	EMMITSBURG	20040130	254	-6	-83	254	-6	-83	126.8	39.68333	-77.3
USC00182906	EMMITSBURG	20040131	229	-6	-133	229	-6	-133	126.8	39.68333	-77.3
USC00182906	EMMITSBURG	20050101	0	183	44	0	183	44	126.8	39.68333	-77.3
USC00182906	EMMITSBURG	20050102	0	100	-17	0	100	-17	126.8	39.68333	-77.3
USC00182906	EMMITSBURG	20050103	0	172	22	0	172	22	126.8	39.68333	-77.3
USC00182906	EMMITSBURG	20050104	0	128	6	0	128	6	126.8	39.68333	-77.3
USC00182906	EMMITSBURG	20050105	0	44	39	0	44	39	126.8	39.68333	-77.3
USC00182906	EMMITSBURG	20050106	0	39	17	0	39	17	126.8	39.68333	-77.3
USC00182906	EMMITSBURG	20050107	0	78	6	0	78	6	126.8	39.68333	-77.3
USC00182906	EMMITSBURG	20050108	0	106	6	0	106	6	126.8	39.68333	-77.3
USC00182906	EMMITSBURG	20050109	0	78	17	0	78	17	126.8	39.68333	-77.3
USC00182906	EMMITSBURG	20050110	0	117	-11	0	117	-11	126.8	39.68333	-77.3
USC00182906	EMMITSBURG	20050111	0	111	6	0	111	6	126.8	39.68333	-77.3
USC00182906	EMMITSBURG	20050112	0	117	61	0	117	61	126.8	39.68333	-77.3
USC00182906	EMMITSBURG	20050113	0	200	56	0	200	56	126.8	39.68333	-77.3
USC00182906	EMMITSBURG	20050114	0	172	44	0	172	44	126.8	39.68333	-77.3
USC00182906	EMMITSBURG	20050115	0	39	-50	0	39	-50	126.8	39.68333	-77.3
USC00182906	EMMITSBURG	20050116	0	39	-50	0	39	-50	126.8	39.68333	-77.3
USC00182906	EMMITSBURG	20050117	0	39	-89	0	39	-89	126.8	39.68333	-77.3
USC00182906	EMMITSBURG	20050118	0	-67	-117	0	-67	-117	126.8	39.68333	-77.3
USC00182906	EMMITSBURG	20050119	0	-67	-122	0	-67	-122	126.8	39.68333	-77.3
USC00182906	EMMITSBURG	20050120	152	0	-67	152	0	-67	126.8	39.68333	-77.3
USC00182906	EMMITSBURG	20050121	127	-56	-150	127	-56	-150	126.8	39.68333	-77.3
USC00182906	EMMITSBURG	20050122	152	0	-150	152	0	-150	126.8	39.68333	-77.3
USC00182906	EMMITSBURG	20050123	102	6	-72	102	6	-72	126.8	39.68333	-77.3
USC00182906	EMMITSBURG	20050124	102	-61	-189	102	-61	-189	126.8	39.68333	-77.3
USC00182906	EMMITSBURG	20050125	102	-11	-67	102	-11	-67	126.8	39.68333	-77.3
USC00182906	EMMITSBURG	20050126	76	50	17	76	50	17	126.8	39.68333	-77.3
USC00182906	EMMITSBURG	20050127	51	44	-128	51	44	-128	126.8	39.68333	-77.3
USC00182906	EMMITSBURG	20050128	51	50	-122	51	50	-122	126.8	39.68333	-77.3
USC00182906	EMMITSBURG	20050129	51	-33	-167	51	-33	-167	126.8	39.68333	-77.3
USC00182906	EMMITSBURG	20050130	76	22	-167	76	22	-167	126.8	39.68333	-77.3
USC00182906	EMMITSBURG	20050131	76	17	-117	76	17	-117	126.8	39.68333	-77.3
