STATION	NAME	DATE	SNWD	TMAX	TMIN	SNWD2	TMAX2	TMIN2	ELEV	LAT	LONG
USC00362574	EMSWORTH	19950101	9999	111	44	NA	111	44	218.5	40.5019	-80.0833
USC00362574	EMSWORTH	19950102	9999	17	-33	NA	17	-33	218.5	40.5019	-80.0833
USC00362574	EMSWORTH	19950103	9999	0	-61	NA	0	-61	218.5	40.5019	-80.0833
USC00362574	EMSWORTH	19950104	9999	-39	-150	NA	-39	-150	218.5	40.5019	-80.0833
USC00362574	EMSWORTH	19950105	9999	-78	-133	NA	-78	-133	218.5	40.5019	-80.0833
USC00362574	EMSWORTH	19950106	9999	-67	-144	NA	-67	-144	218.5	40.5019	-80.0833
USC00362574	EMSWORTH	19950107	9999	44	-17	NA	44	-17	218.5	40.5019	-80.0833
USC00362574	EMSWORTH	19950108	9999	44	-17	NA	44	-17	218.5	40.5019	-80.0833
USC00362574	EMSWORTH	19950109	9999	44	-44	NA	44	-44	218.5	40.5019	-80.0833
USC00362574	EMSWORTH	19950110	9999	0	-67	NA	0	-67	218.5	40.5019	-80.0833
USC00362574	EMSWORTH	19950111	9999	61	-11	NA	61	-11	218.5	40.5019	-80.0833
USC00362574	EMSWORTH	19950112	9999	133	67	NA	133	67	218.5	40.5019	-80.0833
USC00362574	EMSWORTH	19950113	9999	194	94	NA	194	94	218.5	40.5019	-80.0833
USC00362574	EMSWORTH	19950114	9999	200	72	NA	200	72	218.5	40.5019	-80.0833
USC00362574	EMSWORTH	19950115	9999	167	72	NA	167	72	218.5	40.5019	-80.0833
USC00362574	EMSWORTH	19950116	9999	61	22	NA	61	22	218.5	40.5019	-80.0833
USC00362574	EMSWORTH	19950117	9999	44	-11	NA	44	-11	218.5	40.5019	-80.0833
USC00362574	EMSWORTH	19950118	9999	117	0	NA	117	0	218.5	40.5019	-80.0833
USC00362574	EMSWORTH	19950119	9999	161	39	NA	161	39	218.5	40.5019	-80.0833
USC00362574	EMSWORTH	19950120	9999	78	44	NA	78	44	218.5	40.5019	-80.0833
USC00362574	EMSWORTH	19950121	9999	11	-11	NA	11	-11	218.5	40.5019	-80.0833
USC00362574	EMSWORTH	19950122	9999	6	-67	NA	6	-67	218.5	40.5019	-80.0833
USC00362574	EMSWORTH	19950123	9999	-17	-67	NA	-17	-67	218.5	40.5019	-80.0833
USC00362574	EMSWORTH	19950124	9999	6	-44	NA	6	-44	218.5	40.5019	-80.0833
USC00362574	EMSWORTH	19950125	9999	22	-61	NA	22	-61	218.5	40.5019	-80.0833
USC00362574	EMSWORTH	19950126	9999	0	-61	NA	0	-61	218.5	40.5019	-80.0833
USC00362574	EMSWORTH	19950127	9999	50	-39	NA	50	-39	218.5	40.5019	-80.0833
USC00362574	EMSWORTH	19950128	9999	28	-11	NA	28	-11	218.5	40.5019	-80.0833
USC00362574	EMSWORTH	19950129	9999	61	-50	NA	61	-50	218.5	40.5019	-80.0833
USC00362574	EMSWORTH	19950130	9999	78	-11	NA	78	-11	218.5	40.5019	-80.0833
USC00362574	EMSWORTH	19950131	9999	0	-28	NA	0	-28	218.5	40.5019	-80.0833
USC00362574	EMSWORTH	19960101	9999	44	33	NA	44	33	218.5	40.5019	-80.0833
USC00362574	EMSWORTH	19960102	9999	44	11	NA	44	11	218.5	40.5019	-80.0833
USC00362574	EMSWORTH	19960103	9999	28	-72	NA	28	-72	218.5	40.5019	-80.0833
USC00362574	EMSWORTH	19960104	9999	-44	-72	NA	-44	-72	218.5	40.5019	-80.0833
USC00362574	EMSWORTH	19960105	9999	-50	-78	NA	-50	-78	218.5	40.5019	-80.0833
USC00362574	EMSWORTH	19960106	9999	-56	-106	NA	-56	-106	218.5	40.5019	-80.0833
USC00362574	EMSWORTH	19960107	9999	-78	-122	NA	-78	-122	218.5	40.5019	-80.0833
USC00362574	EMSWORTH	19960108	9999	-11	-111	NA	-11	-111	218.5	40.5019	-80.0833
USC00362574	EMSWORTH	19960109	9999	-22	-94	NA	-22	-94	218.5	40.5019	-80.0833
USC00362574	EMSWORTH	19960110	9999	-22	-89	NA	-22	-89	218.5	40.5019	-80.0833
USC00362574	EMSWORTH	19960111	9999	-61	-139	NA	-61	-139	218.5	40.5019	-80.0833
USC00362574	EMSWORTH	19960112	9999	-17	-78	NA	-17	-78	218.5	40.5019	-80.0833
USC00362574	EMSWORTH	19960113	9999	6	-67	NA	6	-67	218.5	40.5019	-80.0833
USC00362574	EMSWORTH	19960114	9999	100	-39	NA	100	-39	218.5	40.5019	-80.0833
USC00362574	EMSWORTH	19960115	9999	22	-22	NA	22	-22	218.5	40.5019	-80.0833
USC00362574	EMSWORTH	19960116	9999	89	-100	NA	89	-100	218.5	40.5019	-80.0833
USC00362574	EMSWORTH	19960117	9999	111	0	NA	111	0	218.5	40.5019	-80.0833
USC00362574	EMSWORTH	19960118	9999	167	-67	NA	167	-67	218.5	40.5019	-80.0833
USC00362574	EMSWORTH	19960119	9999	161	-117	NA	161	-117	218.5	40.5019	-80.0833
USC00362574	EMSWORTH	19960120	9999	-111	-117	NA	-111	-117	218.5	40.5019	-80.0833
USC00362574	EMSWORTH	19960121	9999	33	-44	NA	33	-44	218.5	40.5019	-80.0833
USC00362574	EMSWORTH	19960122	9999	128	-22	NA	128	-22	218.5	40.5019	-80.0833
USC00362574	EMSWORTH	19960123	9999	61	-44	NA	61	-44	218.5	40.5019	-80.0833
USC00362574	EMSWORTH	19960124	9999	100	-122	NA	100	-122	218.5	40.5019	-80.0833
USC00362574	EMSWORTH	19960125	9999	-11	-67	NA	-11	-67	218.5	40.5019	-80.0833
USC00362574	EMSWORTH	19960126	9999	0	-78	NA	0	-78	218.5	40.5019	-80.0833
USC00362574	EMSWORTH	19960127	9999	78	-17	NA	78	-17	218.5	40.5019	-80.0833
USC00362574	EMSWORTH	19960128	9999	44	-56	NA	44	-56	218.5	40.5019	-80.0833
USC00362574	EMSWORTH	19960129	9999	44	-11	NA	44	-11	218.5	40.5019	-80.0833
USC00362574	EMSWORTH	19960130	9999	28	-50	NA	28	-50	218.5	40.5019	-80.0833
USC00362574	EMSWORTH	19960131	9999	-28	-111	NA	-28	-111	218.5	40.5019	-80.0833
USC00362574	EMSWORTH	19970101	9999	72	0	NA	72	0	218.5	40.5019	-80.0833
USC00362574	EMSWORTH	19970102	9999	122	100	NA	122	100	218.5	40.5019	-80.0833
USC00362574	EMSWORTH	19970103	9999	156	128	NA	156	128	218.5	40.5019	-80.0833
USC00362574	EMSWORTH	19970104	9999	200	100	NA	200	100	218.5	40.5019	-80.0833
USC00362574	EMSWORTH	19970105	9999	183	67	NA	183	67	218.5	40.5019	-80.0833
USC00362574	EMSWORTH	19970106	9999	56	-11	NA	56	-11	218.5	40.5019	-80.0833
USC00362574	EMSWORTH	19970107	9999	11	-94	NA	11	-94	218.5	40.5019	-80.0833
USC00362574	EMSWORTH	19970108	9999	-11	-89	NA	-11	-89	218.5	40.5019	-80.0833
USC00362574	EMSWORTH	19970109	9999	33	-56	NA	33	-56	218.5	40.5019	-80.0833
USC00362574	EMSWORTH	19970110	9999	17	-61	NA	17	-61	218.5	40.5019	-80.0833
USC00362574	EMSWORTH	19970111	9999	-56	-100	NA	-56	-100	218.5	40.5019	-80.0833
USC00362574	EMSWORTH	19970112	9999	-78	-128	NA	-78	-128	218.5	40.5019	-80.0833
USC00362574	EMSWORTH	19970113	9999	-78	-139	NA	-78	-139	218.5	40.5019	-80.0833
USC00362574	EMSWORTH	19970114	9999	-11	-100	NA	-11	-100	218.5	40.5019	-80.0833
USC00362574	EMSWORTH	19970115	9999	67	-89	NA	67	-89	218.5	40.5019	-80.0833
USC00362574	EMSWORTH	19970116	9999	28	-94	NA	28	-94	218.5	40.5019	-80.0833
USC00362574	EMSWORTH	19970117	9999	-144	-172	NA	-144	-172	218.5	40.5019	-80.0833
USC00362574	EMSWORTH	19970118	9999	-139	-161	NA	-139	-161	218.5	40.5019	-80.0833
USC00362574	EMSWORTH	19970119	9999	-61	-144	NA	-61	-144	218.5	40.5019	-80.0833
USC00362574	EMSWORTH	19970120	9999	22	-33	NA	22	-33	218.5	40.5019	-80.0833
USC00362574	EMSWORTH	19970121	9999	56	-67	NA	56	-67	218.5	40.5019	-80.0833
USC00362574	EMSWORTH	19970122	9999	111	17	NA	111	17	218.5	40.5019	-80.0833
USC00362574	EMSWORTH	19970123	9999	100	0	NA	100	0	218.5	40.5019	-80.0833
USC00362574	EMSWORTH	19970124	9999	67	-17	NA	67	-17	218.5	40.5019	-80.0833
USC00362574	EMSWORTH	19970125	9999	106	-33	NA	106	-33	218.5	40.5019	-80.0833
USC00362574	EMSWORTH	19970126	9999	0	-89	NA	0	-89	218.5	40.5019	-80.0833
USC00362574	EMSWORTH	19970127	9999	44	-22	NA	44	-22	218.5	40.5019	-80.0833
USC00362574	EMSWORTH	19970128	9999	44	-39	NA	44	-39	218.5	40.5019	-80.0833
USC00362574	EMSWORTH	19970129	9999	-6	-83	NA	-6	-83	218.5	40.5019	-80.0833
USC00362574	EMSWORTH	19970130	9999	56	-44	NA	56	-44	218.5	40.5019	-80.0833
USC00362574	EMSWORTH	19970131	9999	72	-22	NA	72	-22	218.5	40.5019	-80.0833
USC00362574	EMSWORTH	19980101	9999	22	-94	NA	22	-94	218.5	40.5019	-80.0833
USC00362574	EMSWORTH	19980102	9999	106	0	NA	106	0	218.5	40.5019	-80.0833
USC00362574	EMSWORTH	19980103	9999	150	100	NA	150	100	218.5	40.5019	-80.0833
USC00362574	EMSWORTH	19980104	9999	167	100	NA	167	100	218.5	40.5019	-80.0833
USC00362574	EMSWORTH	19980105	9999	189	44	NA	189	44	218.5	40.5019	-80.0833
USC00362574	EMSWORTH	19980106	9999	161	122	NA	161	122	218.5	40.5019	-80.0833
USC00362574	EMSWORTH	19980107	9999	167	122	NA	167	122	218.5	40.5019	-80.0833
USC00362574	EMSWORTH	19980108	9999	178	156	NA	178	156	218.5	40.5019	-80.0833
USC00362574	EMSWORTH	19980109	9999	139	33	NA	139	33	218.5	40.5019	-80.0833
USC00362574	EMSWORTH	19980110	9999	56	33	NA	56	33	218.5	40.5019	-80.0833
USC00362574	EMSWORTH	19980111	9999	44	-11	NA	44	-11	218.5	40.5019	-80.0833
USC00362574	EMSWORTH	19980112	9999	89	-6	NA	89	-6	218.5	40.5019	-80.0833
USC00362574	EMSWORTH	19980113	9999	106	-28	NA	106	-28	218.5	40.5019	-80.0833
USC00362574	EMSWORTH	19980114	9999	11	-61	NA	11	-61	218.5	40.5019	-80.0833
USC00362574	EMSWORTH	19980115	9999	72	17	NA	72	17	218.5	40.5019	-80.0833
USC00362574	EMSWORTH	19980116	9999	44	22	NA	44	22	218.5	40.5019	-80.0833
USC00362574	EMSWORTH	19980117	9999	44	0	NA	44	0	218.5	40.5019	-80.0833
USC00362574	EMSWORTH	19980118	9999	22	0	NA	22	0	218.5	40.5019	-80.0833
USC00362574	EMSWORTH	19980119	9999	50	-28	NA	50	-28	218.5	40.5019	-80.0833
USC00362574	EMSWORTH	19980120	9999	11	-28	NA	11	-28	218.5	40.5019	-80.0833
USC00362574	EMSWORTH	19980121	9999	0	-50	NA	0	-50	218.5	40.5019	-80.0833
USC00362574	EMSWORTH	19980122	9999	67	-11	NA	67	-11	218.5	40.5019	-80.0833
USC00362574	EMSWORTH	19980123	9999	72	28	NA	72	28	218.5	40.5019	-80.0833
USC00362574	EMSWORTH	19980124	9999	22	0	NA	22	0	218.5	40.5019	-80.0833
USC00362574	EMSWORTH	19980125	9999	33	0	NA	33	0	218.5	40.5019	-80.0833
USC00362574	EMSWORTH	19980126	9999	67	6	NA	67	6	218.5	40.5019	-80.0833
USC00362574	EMSWORTH	19980127	9999	78	22	NA	78	22	218.5	40.5019	-80.0833
USC00362574	EMSWORTH	19980128	9999	78	22	NA	78	22	218.5	40.5019	-80.0833
USC00362574	EMSWORTH	19980129	9999	111	22	NA	111	22	218.5	40.5019	-80.0833
USC00362574	EMSWORTH	19980130	9999	44	11	NA	44	11	218.5	40.5019	-80.0833
USC00362574	EMSWORTH	19980131	9999	28	0	NA	28	0	218.5	40.5019	-80.0833
USC00362574	EMSWORTH	19990101	9999	-61	-94	NA	-61	-94	218.5	40.5019	-80.0833
USC00362574	EMSWORTH	19990102	9999	6	-89	NA	6	-89	218.5	40.5019	-80.0833
USC00362574	EMSWORTH	19990103	9999	11	-67	NA	11	-67	218.5	40.5019	-80.0833
USC00362574	EMSWORTH	19990104	9999	-83	-111	NA	-83	-111	218.5	40.5019	-80.0833
USC00362574	EMSWORTH	19990105	9999	-89	-133	NA	-89	-133	218.5	40.5019	-80.0833
USC00362574	EMSWORTH	19990106	9999	0	-178	NA	0	-178	218.5	40.5019	-80.0833
USC00362574	EMSWORTH	19990107	9999	-11	-78	NA	-11	-78	218.5	40.5019	-80.0833
USC00362574	EMSWORTH	19990108	9999	67	-78	NA	67	-78	218.5	40.5019	-80.0833
USC00362574	EMSWORTH	19990109	9999	72	-78	NA	72	-78	218.5	40.5019	-80.0833
USC00362574	EMSWORTH	19990110	9999	-50	-94	NA	-50	-94	218.5	40.5019	-80.0833
USC00362574	EMSWORTH	19990111	9999	-33	-122	NA	-33	-122	218.5	40.5019	-80.0833
USC00362574	EMSWORTH	19990112	9999	72	33	NA	72	33	218.5	40.5019	-80.0833
USC00362574	EMSWORTH	19990113	9999	94	-11	NA	94	-11	218.5	40.5019	-80.0833
USC00362574	EMSWORTH	19990114	9999	11	-67	NA	11	-67	218.5	40.5019	-80.0833
USC00362574	EMSWORTH	19990115	9999	17	-78	NA	17	-78	218.5	40.5019	-80.0833
USC00362574	EMSWORTH	19990116	9999	61	-33	NA	61	-33	218.5	40.5019	-80.0833
USC00362574	EMSWORTH	19990117	9999	117	-11	NA	117	-11	218.5	40.5019	-80.0833
USC00362574	EMSWORTH	19990118	9999	111	22	NA	111	22	218.5	40.5019	-80.0833
USC00362574	EMSWORTH	19990119	9999	39	17	NA	39	17	218.5	40.5019	-80.0833
USC00362574	EMSWORTH	19990120	9999	78	22	NA	78	22	218.5	40.5019	-80.0833
USC00362574	EMSWORTH	19990121	9999	56	11	NA	56	11	218.5	40.5019	-80.0833
USC00362574	EMSWORTH	19990122	9999	211	50	NA	211	50	218.5	40.5019	-80.0833
USC00362574	EMSWORTH	19990123	9999	178	106	NA	178	106	218.5	40.5019	-80.0833
USC00362574	EMSWORTH	19990124	9999	144	28	NA	144	28	218.5	40.5019	-80.0833
USC00362574	EMSWORTH	19990125	9999	44	28	NA	44	28	218.5	40.5019	-80.0833
USC00362574	EMSWORTH	19990126	9999	100	22	NA	100	22	218.5	40.5019	-80.0833
USC00362574	EMSWORTH	19990127	9999	172	0	NA	172	0	218.5	40.5019	-80.0833
USC00362574	EMSWORTH	19990128	9999	150	44	NA	150	44	218.5	40.5019	-80.0833
USC00362574	EMSWORTH	19990129	9999	50	17	NA	50	17	218.5	40.5019	-80.0833
USC00362574	EMSWORTH	19990130	9999	50	-28	NA	50	-28	218.5	40.5019	-80.0833
USC00362574	EMSWORTH	19990131	9999	61	-39	NA	61	-39	218.5	40.5019	-80.0833
USC00362574	EMSWORTH	20000101	9999	139	-28	NA	139	-28	218.5	40.5019	-80.0833
USC00362574	EMSWORTH	20000102	9999	194	44	NA	194	44	218.5	40.5019	-80.0833
USC00362574	EMSWORTH	20000103	9999	178	117	NA	178	117	218.5	40.5019	-80.0833
USC00362574	EMSWORTH	20000104	9999	167	17	NA	167	17	218.5	40.5019	-80.0833
USC00362574	EMSWORTH	20000105	9999	11	-11	NA	11	-11	218.5	40.5019	-80.0833
USC00362574	EMSWORTH	20000106	9999	72	-33	NA	72	-33	218.5	40.5019	-80.0833
USC00362574	EMSWORTH	20000107	9999	56	6	NA	56	6	218.5	40.5019	-80.0833
USC00362574	EMSWORTH	20000108	9999	50	-33	NA	50	-33	218.5	40.5019	-80.0833
USC00362574	EMSWORTH	20000109	9999	100	33	NA	100	33	218.5	40.5019	-80.0833
USC00362574	EMSWORTH	20000110	9999	139	56	NA	139	56	218.5	40.5019	-80.0833
USC00362574	EMSWORTH	20000111	9999	133	11	NA	133	11	218.5	40.5019	-80.0833
USC00362574	EMSWORTH	20000112	9999	89	6	NA	89	6	218.5	40.5019	-80.0833
USC00362574	EMSWORTH	20000113	9999	44	-44	NA	44	-44	218.5	40.5019	-80.0833
USC00362574	EMSWORTH	20000114	9999	-39	-72	NA	-39	-72	218.5	40.5019	-80.0833
USC00362574	EMSWORTH	20000115	9999	28	-67	NA	28	-67	218.5	40.5019	-80.0833
USC00362574	EMSWORTH	20000116	9999	94	-39	NA	94	-39	218.5	40.5019	-80.0833
USC00362574	EMSWORTH	20000117	9999	-11	-111	NA	-11	-111	218.5	40.5019	-80.0833
USC00362574	EMSWORTH	20000118	9999	-39	-78	NA	-39	-78	218.5	40.5019	-80.0833
USC00362574	EMSWORTH	20000119	9999	22	-33	NA	22	-33	218.5	40.5019	-80.0833
USC00362574	EMSWORTH	20000120	9999	-11	-67	NA	-11	-67	218.5	40.5019	-80.0833
USC00362574	EMSWORTH	20000121	9999	-94	-139	NA	-94	-139	218.5	40.5019	-80.0833
USC00362574	EMSWORTH	20000122	9999	-61	-183	NA	-61	-183	218.5	40.5019	-80.0833
USC00362574	EMSWORTH	20000123	9999	-28	-67	NA	-28	-67	218.5	40.5019	-80.0833
USC00362574	EMSWORTH	20000124	9999	22	-67	NA	22	-67	218.5	40.5019	-80.0833
USC00362574	EMSWORTH	20000125	9999	-44	-122	NA	-44	-122	218.5	40.5019	-80.0833
USC00362574	EMSWORTH	20000126	9999	-28	-72	NA	-28	-72	218.5	40.5019	-80.0833
USC00362574	EMSWORTH	20000127	9999	-22	-111	NA	-22	-111	218.5	40.5019	-80.0833
USC00362574	EMSWORTH	20000128	9999	-50	-106	NA	-50	-106	218.5	40.5019	-80.0833
USC00362574	EMSWORTH	20000129	9999	22	-133	NA	22	-133	218.5	40.5019	-80.0833
USC00362574	EMSWORTH	20000130	9999	22	0	NA	22	0	218.5	40.5019	-80.0833
USC00362574	EMSWORTH	20000131	9999	-11	-28	NA	-11	-28	218.5	40.5019	-80.0833
USC00362574	EMSWORTH	20010101	9999	-22	-89	NA	-22	-89	218.5	40.5019	-80.0833
USC00362574	EMSWORTH	20010102	9999	-22	-83	NA	-22	-83	218.5	40.5019	-80.0833
USC00362574	EMSWORTH	20010103	9999	-6	-111	NA	-6	-111	218.5	40.5019	-80.0833
USC00362574	EMSWORTH	20010104	9999	6	-89	NA	6	-89	218.5	40.5019	-80.0833
USC00362574	EMSWORTH	20010105	9999	22	-22	NA	22	-22	218.5	40.5019	-80.0833
USC00362574	EMSWORTH	20010106	9999	33	0	NA	33	0	218.5	40.5019	-80.0833
USC00362574	EMSWORTH	20010107	9999	94	-17	NA	94	-17	218.5	40.5019	-80.0833
USC00362574	EMSWORTH	20010108	9999	17	-33	NA	17	-33	218.5	40.5019	-80.0833
USC00362574	EMSWORTH	20010109	9999	-6	-78	NA	-6	-78	218.5	40.5019	-80.0833
USC00362574	EMSWORTH	20010110	9999	56	-39	NA	56	-39	218.5	40.5019	-80.0833
USC00362574	EMSWORTH	20010111	9999	78	-22	NA	78	-22	218.5	40.5019	-80.0833
USC00362574	EMSWORTH	20010112	9999	61	-17	NA	61	-17	218.5	40.5019	-80.0833
USC00362574	EMSWORTH	20010113	9999	83	0	NA	83	0	218.5	40.5019	-80.0833
USC00362574	EMSWORTH	20010114	9999	61	0	NA	61	0	218.5	40.5019	-80.0833
USC00362574	EMSWORTH	20010115	9999	89	22	NA	89	22	218.5	40.5019	-80.0833
USC00362574	EMSWORTH	20010116	9999	44	17	NA	44	17	218.5	40.5019	-80.0833
USC00362574	EMSWORTH	20010117	9999	22	0	NA	22	0	218.5	40.5019	-80.0833
USC00362574	EMSWORTH	20010118	9999	50	0	NA	50	0	218.5	40.5019	-80.0833
USC00362574	EMSWORTH	20010119	9999	22	0	NA	22	0	218.5	40.5019	-80.0833
USC00362574	EMSWORTH	20010120	9999	11	-22	NA	11	-22	218.5	40.5019	-80.0833
USC00362574	EMSWORTH	20010121	9999	-11	-89	NA	-11	-89	218.5	40.5019	-80.0833
USC00362574	EMSWORTH	20010122	9999	-44	-89	NA	-44	-89	218.5	40.5019	-80.0833
USC00362574	EMSWORTH	20010123	9999	56	-94	NA	56	-94	218.5	40.5019	-80.0833
USC00362574	EMSWORTH	20010124	9999	28	-11	NA	28	-11	218.5	40.5019	-80.0833
USC00362574	EMSWORTH	20010125	9999	-11	-39	NA	-11	-39	218.5	40.5019	-80.0833
USC00362574	EMSWORTH	20010126	9999	17	-83	NA	17	-83	218.5	40.5019	-80.0833
USC00362574	EMSWORTH	20010127	9999	6	-22	NA	6	-22	218.5	40.5019	-80.0833
USC00362574	EMSWORTH	20010128	9999	11	-50	NA	11	-50	218.5	40.5019	-80.0833
USC00362574	EMSWORTH	20010129	9999	72	-50	NA	72	-50	218.5	40.5019	-80.0833
USC00362574	EMSWORTH	20010130	9999	100	44	NA	100	44	218.5	40.5019	-80.0833
USC00362574	EMSWORTH	20010131	9999	56	22	NA	56	22	218.5	40.5019	-80.0833
USC00362574	EMSWORTH	20020101	9999	-50	-122	NA	-50	-122	218.5	40.5019	-80.0833
USC00362574	EMSWORTH	20020102	9999	-28	-122	NA	-28	-122	218.5	40.5019	-80.0833
USC00362574	EMSWORTH	20020103	9999	-11	-89	NA	-11	-89	218.5	40.5019	-80.0833
USC00362574	EMSWORTH	20020104	9999	-17	-78	NA	-17	-78	218.5	40.5019	-80.0833
USC00362574	EMSWORTH	20020105	9999	22	-50	NA	22	-50	218.5	40.5019	-80.0833
USC00362574	EMSWORTH	20020106	9999	17	-22	NA	17	-22	218.5	40.5019	-80.0833
USC00362574	EMSWORTH	20020107	9999	11	-67	NA	11	-67	218.5	40.5019	-80.0833
USC00362574	EMSWORTH	20020108	9999	-39	-61	NA	-39	-61	218.5	40.5019	-80.0833
USC00362574	EMSWORTH	20020109	9999	56	-28	NA	56	-28	218.5	40.5019	-80.0833
USC00362574	EMSWORTH	20020110	9999	78	17	NA	78	17	218.5	40.5019	-80.0833
USC00362574	EMSWORTH	20020111	9999	56	0	NA	56	0	218.5	40.5019	-80.0833
USC00362574	EMSWORTH	20020112	9999	56	-28	NA	56	-28	218.5	40.5019	-80.0833
USC00362574	EMSWORTH	20020113	9999	22	-39	NA	22	-39	218.5	40.5019	-80.0833
USC00362574	EMSWORTH	20020114	9999	89	-28	NA	89	-28	218.5	40.5019	-80.0833
USC00362574	EMSWORTH	20020115	9999	39	-17	NA	39	-17	218.5	40.5019	-80.0833
USC00362574	EMSWORTH	20020116	9999	11	-17	NA	11	-17	218.5	40.5019	-80.0833
USC00362574	EMSWORTH	20020117	9999	28	-17	NA	28	-17	218.5	40.5019	-80.0833
USC00362574	EMSWORTH	20020118	9999	33	-56	NA	33	-56	218.5	40.5019	-80.0833
USC00362574	EMSWORTH	20020119	9999	-22	-50	NA	-22	-50	218.5	40.5019	-80.0833
USC00362574	EMSWORTH	20020120	9999	0	-78	NA	0	-78	218.5	40.5019	-80.0833
USC00362574	EMSWORTH	20020121	9999	33	-39	NA	33	-39	218.5	40.5019	-80.0833
USC00362574	EMSWORTH	20020122	9999	78	-33	NA	78	-33	218.5	40.5019	-80.0833
USC00362574	EMSWORTH	20020123	9999	89	-44	NA	89	-44	218.5	40.5019	-80.0833
USC00362574	EMSWORTH	20020124	9999	100	67	NA	100	67	218.5	40.5019	-80.0833
USC00362574	EMSWORTH	20020125	9999	61	-33	NA	61	-33	218.5	40.5019	-80.0833
USC00362574	EMSWORTH	20020126	9999	94	-11	NA	94	-11	218.5	40.5019	-80.0833
USC00362574	EMSWORTH	20020127	9999	144	-11	NA	144	-11	218.5	40.5019	-80.0833
USC00362574	EMSWORTH	20020128	9999	167	11	NA	167	11	218.5	40.5019	-80.0833
USC00362574	EMSWORTH	20020129	9999	178	106	NA	178	106	218.5	40.5019	-80.0833
USC00362574	EMSWORTH	20020130	9999	156	39	NA	156	39	218.5	40.5019	-80.0833
USC00362574	EMSWORTH	20020131	9999	222	39	NA	222	39	218.5	40.5019	-80.0833
USC00362574	EMSWORTH	20030101	9999	78	6	NA	78	6	218.5	40.5019	-80.0833
USC00362574	EMSWORTH	20030102	9999	61	-11	NA	61	-11	218.5	40.5019	-80.0833
USC00362574	EMSWORTH	20030103	9999	50	-44	NA	50	-44	218.5	40.5019	-80.0833
USC00362574	EMSWORTH	20030104	9999	-6	-50	NA	-6	-50	218.5	40.5019	-80.0833
USC00362574	EMSWORTH	20030105	9999	17	-44	NA	17	-44	218.5	40.5019	-80.0833
USC00362574	EMSWORTH	20030106	9999	17	-78	NA	17	-78	218.5	40.5019	-80.0833
USC00362574	EMSWORTH	20030107	9999	11	-117	NA	11	-117	218.5	40.5019	-80.0833
USC00362574	EMSWORTH	20030108	9999	72	11	NA	72	11	218.5	40.5019	-80.0833
USC00362574	EMSWORTH	20030109	9999	89	22	NA	89	22	218.5	40.5019	-80.0833
USC00362574	EMSWORTH	20030110	9999	17	-83	NA	17	-83	218.5	40.5019	-80.0833
USC00362574	EMSWORTH	20030111	9999	-89	-150	NA	-89	-150	218.5	40.5019	-80.0833
USC00362574	EMSWORTH	20030112	9999	-50	-167	NA	-50	-167	218.5	40.5019	-80.0833
USC00362574	EMSWORTH	20030113	9999	-28	-83	NA	-28	-83	218.5	40.5019	-80.0833
USC00362574	EMSWORTH	20030114	9999	-94	-39	NA	-94	-39	218.5	40.5019	-80.0833
USC00362574	EMSWORTH	20030115	9999	-111	-50	NA	-111	-50	218.5	40.5019	-80.0833
USC00362574	EMSWORTH	20030116	9999	-133	-33	NA	-133	-33	218.5	40.5019	-80.0833
USC00362574	EMSWORTH	20030117	9999	-150	-111	NA	-150	-111	218.5	40.5019	-80.0833
USC00362574	EMSWORTH	20030118	9999	-161	-78	NA	-161	-78	218.5	40.5019	-80.0833
USC00362574	EMSWORTH	20030119	9999	-111	-56	NA	-111	-56	218.5	40.5019	-80.0833
USC00362574	EMSWORTH	20030120	9999	-94	-56	NA	-94	-56	218.5	40.5019	-80.0833
USC00362574	EMSWORTH	20030121	9999	-94	-72	NA	-94	-72	218.5	40.5019	-80.0833
USC00362574	EMSWORTH	20030122	9999	-144	-100	NA	-144	-100	218.5	40.5019	-80.0833
USC00362574	EMSWORTH	20030123	9999	-150	-172	NA	-150	-172	218.5	40.5019	-80.0833
USC00362574	EMSWORTH	20030124	9999	-94	-67	NA	-94	-67	218.5	40.5019	-80.0833
USC00362574	EMSWORTH	20030125	9999	-100	-39	NA	-100	-39	218.5	40.5019	-80.0833
USC00362574	EMSWORTH	20030126	9999	-122	-33	NA	-122	-33	218.5	40.5019	-80.0833
USC00362574	EMSWORTH	20030127	9999	-167	-106	NA	-167	-106	218.5	40.5019	-80.0833
USC00362574	EMSWORTH	20030128	9999	-106	-22	NA	-106	-22	218.5	40.5019	-80.0833
USC00362574	EMSWORTH	20030129	9999	-39	0	NA	-39	0	218.5	40.5019	-80.0833
USC00362574	EMSWORTH	20030130	9999	-56	17	NA	-56	17	218.5	40.5019	-80.0833
USC00362574	EMSWORTH	20030131	9999	-61	39	NA	-61	39	218.5	40.5019	-80.0833
USC00362574	EMSWORTH	20040101	9999	72	-11	NA	72	-11	218.5	40.5019	-80.0833
USC00362574	EMSWORTH	20040102	9999	111	50	NA	111	50	218.5	40.5019	-80.0833
USC00362574	EMSWORTH	20040103	9999	161	100	NA	161	100	218.5	40.5019	-80.0833
USC00362574	EMSWORTH	20040104	9999	89	33	NA	89	33	218.5	40.5019	-80.0833
USC00362574	EMSWORTH	20040105	9999	94	-11	NA	94	-11	218.5	40.5019	-80.0833
USC00362574	EMSWORTH	20040106	9999	6	-83	NA	6	-83	218.5	40.5019	-80.0833
USC00362574	EMSWORTH	20040107	9999	-61	-111	NA	-61	-111	218.5	40.5019	-80.0833
USC00362574	EMSWORTH	20040108	9999	-28	-67	NA	-28	-67	218.5	40.5019	-80.0833
USC00362574	EMSWORTH	20040109	9999	-44	-133	NA	-44	-133	218.5	40.5019	-80.0833
USC00362574	EMSWORTH	20040110	9999	-106	-161	NA	-106	-161	218.5	40.5019	-80.0833
USC00362574	EMSWORTH	20040111	9999	22	-133	NA	22	-133	218.5	40.5019	-80.0833
USC00362574	EMSWORTH	20040112	9999	33	6	NA	33	6	218.5	40.5019	-80.0833
USC00362574	EMSWORTH	20040113	9999	11	-56	NA	11	-56	218.5	40.5019	-80.0833
USC00362574	EMSWORTH	20040114	9999	28	-100	NA	28	-100	218.5	40.5019	-80.0833
USC00362574	EMSWORTH	20040115	9999	22	-117	NA	22	-117	218.5	40.5019	-80.0833
USC00362574	EMSWORTH	20040116	9999	-61	-161	NA	-61	-161	218.5	40.5019	-80.0833
USC00362574	EMSWORTH	20040117	9999	17	-128	NA	17	-128	218.5	40.5019	-80.0833
USC00362574	EMSWORTH	20040118	9999	17	-50	NA	17	-50	218.5	40.5019	-80.0833
USC00362574	EMSWORTH	20040119	9999	-44	-94	NA	-44	-94	218.5	40.5019	-80.0833
USC00362574	EMSWORTH	20040120	9999	-61	-117	NA	-61	-117	218.5	40.5019	-80.0833
USC00362574	EMSWORTH	20040121	9999	-39	-144	NA	-39	-144	218.5	40.5019	-80.0833
USC00362574	EMSWORTH	20040122	9999	11	-122	NA	11	-122	218.5	40.5019	-80.0833
USC00362574	EMSWORTH	20040123	9999	-94	-156	NA	-94	-156	218.5	40.5019	-80.0833
USC00362574	EMSWORTH	20040124	9999	-72	-117	NA	-72	-117	218.5	40.5019	-80.0833
USC00362574	EMSWORTH	20040125	9999	-83	-167	NA	-83	-167	218.5	40.5019	-80.0833
USC00362574	EMSWORTH	20040126	9999	-6	-89	NA	-6	-89	218.5	40.5019	-80.0833
USC00362574	EMSWORTH	20040127	9999	28	-61	NA	28	-61	218.5	40.5019	-80.0833
USC00362574	EMSWORTH	20040128	9999	-56	-100	NA	-56	-100	218.5	40.5019	-80.0833
USC00362574	EMSWORTH	20040129	9999	-61	-106	NA	-61	-106	218.5	40.5019	-80.0833
USC00362574	EMSWORTH	20040130	9999	-72	-122	NA	-72	-122	218.5	40.5019	-80.0833
USC00362574	EMSWORTH	20040131	9999	-100	-133	NA	-100	-133	218.5	40.5019	-80.0833
USC00362574	EMSWORTH	20050101	9999	133	61	NA	133	61	218.5	40.5019	-80.0833
USC00362574	EMSWORTH	20050102	9999	167	61	NA	167	61	218.5	40.5019	-80.0833
USC00362574	EMSWORTH	20050103	9999	172	111	NA	172	111	218.5	40.5019	-80.0833
USC00362574	EMSWORTH	20050104	9999	133	56	NA	133	56	218.5	40.5019	-80.0833
USC00362574	EMSWORTH	20050105	9999	72	22	NA	72	22	218.5	40.5019	-80.0833
USC00362574	EMSWORTH	20050106	9999	117	0	NA	117	0	218.5	40.5019	-80.0833
USC00362574	EMSWORTH	20050107	9999	28	-17	NA	28	-17	218.5	40.5019	-80.0833
USC00362574	EMSWORTH	20050108	9999	78	6	NA	78	6	218.5	40.5019	-80.0833
USC00362574	EMSWORTH	20050109	9999	61	6	NA	61	6	218.5	40.5019	-80.0833
USC00362574	EMSWORTH	20050110	9999	61	0	NA	61	0	218.5	40.5019	-80.0833
USC00362574	EMSWORTH	20050111	9999	89	0	NA	89	0	218.5	40.5019	-80.0833
USC00362574	EMSWORTH	20050112	9999	172	89	NA	172	89	218.5	40.5019	-80.0833
USC00362574	EMSWORTH	20050113	9999	222	56	NA	222	56	218.5	40.5019	-80.0833
USC00362574	EMSWORTH	20050114	9999	56	-50	NA	56	-50	218.5	40.5019	-80.0833
USC00362574	EMSWORTH	20050115	9999	0	-67	NA	0	-67	218.5	40.5019	-80.0833
USC00362574	EMSWORTH	20050116	9999	-22	-83	NA	-22	-83	218.5	40.5019	-80.0833
USC00362574	EMSWORTH	20050117	9999	-72	-133	NA	-72	-133	218.5	40.5019	-80.0833
USC00362574	EMSWORTH	20050118	9999	-94	-150	NA	-94	-150	218.5	40.5019	-80.0833
USC00362574	EMSWORTH	20050119	9999	6	-100	NA	6	-100	218.5	40.5019	-80.0833
USC00362574	EMSWORTH	20050120	9999	-28	-78	NA	-28	-78	218.5	40.5019	-80.0833
USC00362574	EMSWORTH	20050121	9999	-44	-133	NA	-44	-133	218.5	40.5019	-80.0833
USC00362574	EMSWORTH	20050122	9999	0	-117	NA	0	-117	218.5	40.5019	-80.0833
USC00362574	EMSWORTH	20050123	9999	-94	-139	NA	-94	-139	218.5	40.5019	-80.0833
USC00362574	EMSWORTH	20050124	9999	-50	-156	NA	-50	-156	218.5	40.5019	-80.0833
USC00362574	EMSWORTH	20050125	9999	28	-50	NA	28	-50	218.5	40.5019	-80.0833
USC00362574	EMSWORTH	20050126	9999	56	-94	NA	56	-94	218.5	40.5019	-80.0833
USC00362574	EMSWORTH	20050127	9999	-11	-133	NA	-11	-133	218.5	40.5019	-80.0833
USC00362574	EMSWORTH	20050128	9999	-11	-150	NA	-11	-150	218.5	40.5019	-80.0833
USC00362574	EMSWORTH	20050129	9999	28	-89	NA	28	-89	218.5	40.5019	-80.0833
USC00362574	EMSWORTH	20050130	9999	67	-33	NA	67	-33	218.5	40.5019	-80.0833
USC00362574	EMSWORTH	20050131	9999	56	-83	NA	56	-83	218.5	40.5019	-80.0833
