STATION	NAME	DATE	SNWD	TMAX	TMIN	SNWD2	TMAX2	TMIN2	ELEV	LAT	LONG
USC00362721	EVERETT	19950101	9999	6	-89	NA	6	-89	304.8	40.0136	-78.3653
USC00362721	EVERETT	19950102	9999	94	-50	NA	94	-50	304.8	40.0136	-78.3653
USC00362721	EVERETT	19950103	9999	-39	-89	NA	-39	-89	304.8	40.0136	-78.3653
USC00362721	EVERETT	19950104	9999	-22	-89	NA	-22	-89	304.8	40.0136	-78.3653
USC00362721	EVERETT	19950105	9999	-61	-144	NA	-61	-144	304.8	40.0136	-78.3653
USC00362721	EVERETT	19950106	9999	-61	-156	NA	-61	-156	304.8	40.0136	-78.3653
USC00362721	EVERETT	19950107	9999	28	-117	NA	28	-117	304.8	40.0136	-78.3653
USC00362721	EVERETT	19950108	9999	33	-33	NA	33	-33	304.8	40.0136	-78.3653
USC00362721	EVERETT	19950109	9999	6	-28	NA	6	-28	304.8	40.0136	-78.3653
USC00362721	EVERETT	19950110	9999	33	-72	NA	33	-72	304.8	40.0136	-78.3653
USC00362721	EVERETT	19950111	9999	-22	-61	NA	-22	-61	304.8	40.0136	-78.3653
USC00362721	EVERETT	19950112	9999	0	-22	NA	0	-22	304.8	40.0136	-78.3653
USC00362721	EVERETT	19950113	0	44	0	0	44	0	304.8	40.0136	-78.3653
USC00362721	EVERETT	19950114	0	167	-11	0	167	-11	304.8	40.0136	-78.3653
USC00362721	EVERETT	19950115	0	172	33	0	172	33	304.8	40.0136	-78.3653
USC00362721	EVERETT	19950116	0	161	44	0	161	44	304.8	40.0136	-78.3653
USC00362721	EVERETT	19950117	0	50	22	0	50	22	304.8	40.0136	-78.3653
USC00362721	EVERETT	19950118	0	50	28	0	50	28	304.8	40.0136	-78.3653
USC00362721	EVERETT	19950119	0	94	44	0	94	44	304.8	40.0136	-78.3653
USC00362721	EVERETT	19950120	0	56	44	0	56	44	304.8	40.0136	-78.3653
USC00362721	EVERETT	19950121	0	56	6	0	56	6	304.8	40.0136	-78.3653
USC00362721	EVERETT	19950122	0	6	-44	0	6	-44	304.8	40.0136	-78.3653
USC00362721	EVERETT	19950123	0	-17	-61	0	-17	-61	304.8	40.0136	-78.3653
USC00362721	EVERETT	19950124	0	0	-61	0	0	-61	304.8	40.0136	-78.3653
USC00362721	EVERETT	19950125	0	0	-44	0	0	-44	304.8	40.0136	-78.3653
USC00362721	EVERETT	19950126	0	6	-56	0	6	-56	304.8	40.0136	-78.3653
USC00362721	EVERETT	19950127	0	-17	-56	0	-17	-56	304.8	40.0136	-78.3653
USC00362721	EVERETT	19950128	0	22	-50	0	22	-50	304.8	40.0136	-78.3653
USC00362721	EVERETT	19950129	0	-6	-106	0	-6	-106	304.8	40.0136	-78.3653
USC00362721	EVERETT	19950130	0	33	-111	0	33	-111	304.8	40.0136	-78.3653
USC00362721	EVERETT	19950131	0	39	-44	0	39	-44	304.8	40.0136	-78.3653
USC00362721	EVERETT	19970101	0	100	-33	0	100	-33	304.8	40.0136	-78.3653
USC00362721	EVERETT	19970102	0	6	-33	0	6	-33	304.8	40.0136	-78.3653
USC00362721	EVERETT	19970103	0	156	6	0	156	6	304.8	40.0136	-78.3653
USC00362721	EVERETT	19970104	0	172	89	0	172	89	304.8	40.0136	-78.3653
USC00362721	EVERETT	19970105	0	211	67	0	211	67	304.8	40.0136	-78.3653
USC00362721	EVERETT	19970106	0	178	22	0	178	22	304.8	40.0136	-78.3653
USC00362721	EVERETT	19970107	0	61	-50	0	61	-50	304.8	40.0136	-78.3653
USC00362721	EVERETT	19970108	0	-6	-72	0	-6	-72	304.8	40.0136	-78.3653
USC00362721	EVERETT	19970109	25	0	-67	25	0	-67	304.8	40.0136	-78.3653
USC00362721	EVERETT	19970110	102	11	-50	102	11	-50	304.8	40.0136	-78.3653
USC00362721	EVERETT	19970111	102	6	-117	102	6	-117	304.8	40.0136	-78.3653
USC00362721	EVERETT	19970112	102	-78	-122	102	-78	-122	304.8	40.0136	-78.3653
USC00362721	EVERETT	19970113	102	-83	-122	102	-83	-122	304.8	40.0136	-78.3653
USC00362721	EVERETT	19970114	102	-61	-122	102	-61	-122	304.8	40.0136	-78.3653
USC00362721	EVERETT	19970115	102	-33	-172	102	-33	-172	304.8	40.0136	-78.3653
USC00362721	EVERETT	19970116	102	28	-144	102	28	-144	304.8	40.0136	-78.3653
USC00362721	EVERETT	19970117	102	28	-172	102	28	-172	304.8	40.0136	-78.3653
USC00362721	EVERETT	19970118	102	-128	-172	102	-128	-172	304.8	40.0136	-78.3653
USC00362721	EVERETT	19970119	102	-128	-200	102	-128	-200	304.8	40.0136	-78.3653
USC00362721	EVERETT	19970120	9999	9999	-178	NA	NA	-178	304.8	40.0136	-78.3653
USC00362721	EVERETT	19970121	76	22	-83	76	22	-83	304.8	40.0136	-78.3653
USC00362721	EVERETT	19970122	76	50	-83	76	50	-83	304.8	40.0136	-78.3653
USC00362721	EVERETT	19970123	51	83	-33	51	83	-33	304.8	40.0136	-78.3653
USC00362721	EVERETT	19970124	25	50	-39	25	50	-39	304.8	40.0136	-78.3653
USC00362721	EVERETT	19970125	152	11	-33	152	11	-33	304.8	40.0136	-78.3653
USC00362721	EVERETT	19970126	102	67	-83	102	67	-83	304.8	40.0136	-78.3653
USC00362721	EVERETT	19970127	102	-33	-78	102	-33	-78	304.8	40.0136	-78.3653
USC00362721	EVERETT	19970128	102	56	-39	102	56	-39	304.8	40.0136	-78.3653
USC00362721	EVERETT	19970129	76	11	-100	76	11	-100	304.8	40.0136	-78.3653
USC00362721	EVERETT	19970130	76	-6	-117	76	-6	-117	304.8	40.0136	-78.3653
USC00362721	EVERETT	19970131	76	6	-117	76	6	-117	304.8	40.0136	-78.3653
USC00362721	EVERETT	19980101	127	-44	-167	127	-44	-167	304.8	40.0136	-78.3653
USC00362721	EVERETT	19980102	102	83	-167	102	83	-167	304.8	40.0136	-78.3653
USC00362721	EVERETT	19980103	25	50	17	25	50	17	304.8	40.0136	-78.3653
USC00362721	EVERETT	19980104	0	156	17	0	156	17	304.8	40.0136	-78.3653
USC00362721	EVERETT	19980105	0	189	-17	0	189	-17	304.8	40.0136	-78.3653
USC00362721	EVERETT	19980106	0	183	-11	0	183	-11	304.8	40.0136	-78.3653
USC00362721	EVERETT	19980107	0	161	-11	0	161	-11	304.8	40.0136	-78.3653
USC00362721	EVERETT	19980108	0	178	106	0	178	106	304.8	40.0136	-78.3653
USC00362721	EVERETT	19980109	0	167	94	0	167	94	304.8	40.0136	-78.3653
USC00362721	EVERETT	19980110	0	111	17	0	111	17	304.8	40.0136	-78.3653
USC00362721	EVERETT	19980111	0	78	6	0	78	6	304.8	40.0136	-78.3653
USC00362721	EVERETT	19980112	0	67	-44	0	67	-44	304.8	40.0136	-78.3653
USC00362721	EVERETT	19980113	0	39	-6	0	39	-6	304.8	40.0136	-78.3653
USC00362721	EVERETT	19980114	0	61	-83	0	61	-83	304.8	40.0136	-78.3653
USC00362721	EVERETT	19980115	0	17	-61	0	17	-61	304.8	40.0136	-78.3653
USC00362721	EVERETT	19980116	0	6	-28	0	6	-28	304.8	40.0136	-78.3653
USC00362721	EVERETT	19980117	0	33	6	0	33	6	304.8	40.0136	-78.3653
USC00362721	EVERETT	19980118	0	28	-6	0	28	-6	304.8	40.0136	-78.3653
USC00362721	EVERETT	19980119	0	28	-11	0	28	-11	304.8	40.0136	-78.3653
USC00362721	EVERETT	19980120	0	44	-33	0	44	-33	304.8	40.0136	-78.3653
USC00362721	EVERETT	19980121	0	11	-78	0	11	-78	304.8	40.0136	-78.3653
USC00362721	EVERETT	19980122	0	0	-67	0	0	-67	304.8	40.0136	-78.3653
USC00362721	EVERETT	19980123	76	33	-33	76	33	-33	304.8	40.0136	-78.3653
USC00362721	EVERETT	19980124	51	22	0	51	22	0	304.8	40.0136	-78.3653
USC00362721	EVERETT	19980125	51	22	-28	51	22	-28	304.8	40.0136	-78.3653
USC00362721	EVERETT	19980126	25	6	-28	25	6	-28	304.8	40.0136	-78.3653
USC00362721	EVERETT	19980127	25	44	-33	25	44	-33	304.8	40.0136	-78.3653
USC00362721	EVERETT	19980128	51	28	-11	51	28	-11	304.8	40.0136	-78.3653
USC00362721	EVERETT	19980129	51	39	-44	51	39	-44	304.8	40.0136	-78.3653
USC00362721	EVERETT	19980130	25	100	-44	25	100	-44	304.8	40.0136	-78.3653
USC00362721	EVERETT	19980131	0	28	-6	0	28	-6	304.8	40.0136	-78.3653
USC00362721	EVERETT	19990101	0	-44	-83	0	-44	-83	304.8	40.0136	-78.3653
USC00362721	EVERETT	19990102	0	-56	-133	0	-56	-133	304.8	40.0136	-78.3653
USC00362721	EVERETT	19990103	51	17	-117	51	17	-117	304.8	40.0136	-78.3653
USC00362721	EVERETT	19990104	51	28	-100	51	28	-100	304.8	40.0136	-78.3653
USC00362721	EVERETT	19990105	51	-72	-144	51	-72	-144	304.8	40.0136	-78.3653
USC00362721	EVERETT	19990106	51	-94	-217	51	-94	-217	304.8	40.0136	-78.3653
USC00362721	EVERETT	19990107	102	11	-206	102	11	-206	304.8	40.0136	-78.3653
USC00362721	EVERETT	19990108	203	-56	-111	203	-56	-111	304.8	40.0136	-78.3653
USC00362721	EVERETT	19990109	203	0	-78	203	0	-78	304.8	40.0136	-78.3653
USC00362721	EVERETT	19990110	203	22	-167	203	22	-167	304.8	40.0136	-78.3653
USC00362721	EVERETT	19990111	203	-33	-150	203	-33	-150	304.8	40.0136	-78.3653
USC00362721	EVERETT	19990112	152	56	-122	152	56	-122	304.8	40.0136	-78.3653
USC00362721	EVERETT	19990113	152	72	0	152	72	0	304.8	40.0136	-78.3653
USC00362721	EVERETT	19990114	127	44	-83	127	44	-83	304.8	40.0136	-78.3653
USC00362721	EVERETT	19990115	229	-17	-78	229	-17	-78	304.8	40.0136	-78.3653
USC00362721	EVERETT	19990116	229	-39	-117	229	-39	-117	304.8	40.0136	-78.3653
USC00362721	EVERETT	19990117	203	106	-100	203	106	-100	304.8	40.0136	-78.3653
USC00362721	EVERETT	19990118	127	117	-17	127	117	-17	304.8	40.0136	-78.3653
USC00362721	EVERETT	19990119	127	117	-17	127	117	-17	304.8	40.0136	-78.3653
USC00362721	EVERETT	19990120	127	117	-22	127	117	-22	304.8	40.0136	-78.3653
USC00362721	EVERETT	19990121	127	78	-44	127	78	-44	304.8	40.0136	-78.3653
USC00362721	EVERETT	19990122	127	11	-28	127	11	-28	304.8	40.0136	-78.3653
USC00362721	EVERETT	19990123	102	56	6	102	56	6	304.8	40.0136	-78.3653
USC00362721	EVERETT	19990124	51	128	17	51	128	17	304.8	40.0136	-78.3653
USC00362721	EVERETT	19990125	51	89	6	51	89	6	304.8	40.0136	-78.3653
USC00362721	EVERETT	19990126	25	28	0	25	28	0	304.8	40.0136	-78.3653
USC00362721	EVERETT	19990127	0	56	-67	0	56	-67	304.8	40.0136	-78.3653
USC00362721	EVERETT	19990128	0	139	33	0	139	33	304.8	40.0136	-78.3653
USC00362721	EVERETT	19990129	0	144	17	0	144	17	304.8	40.0136	-78.3653
USC00362721	EVERETT	19990130	0	44	-61	0	44	-61	304.8	40.0136	-78.3653
USC00362721	EVERETT	19990131	0	67	-111	0	67	-111	304.8	40.0136	-78.3653
USC00362721	EVERETT	20000101	0	89	-83	0	89	-83	304.8	40.0136	-78.3653
USC00362721	EVERETT	20000102	0	133	-17	0	133	-17	304.8	40.0136	-78.3653
USC00362721	EVERETT	20000103	0	189	6	0	189	6	304.8	40.0136	-78.3653
USC00362721	EVERETT	20000104	0	183	61	0	183	61	304.8	40.0136	-78.3653
USC00362721	EVERETT	20000105	0	167	-11	0	167	-11	304.8	40.0136	-78.3653
USC00362721	EVERETT	20000106	0	17	-94	0	17	-94	304.8	40.0136	-78.3653
USC00362721	EVERETT	20000107	0	72	-83	0	72	-83	304.8	40.0136	-78.3653
USC00362721	EVERETT	20000108	0	56	-67	0	56	-67	304.8	40.0136	-78.3653
USC00362721	EVERETT	20000109	0	56	-72	0	56	-72	304.8	40.0136	-78.3653
USC00362721	EVERETT	20000110	0	83	-6	0	83	-6	304.8	40.0136	-78.3653
USC00362721	EVERETT	20000111	0	106	11	0	106	11	304.8	40.0136	-78.3653
USC00362721	EVERETT	20000112	0	83	-11	0	83	-11	304.8	40.0136	-78.3653
USC00362721	EVERETT	20000113	0	78	0	0	78	0	304.8	40.0136	-78.3653
USC00362721	EVERETT	20000114	0	100	-100	0	100	-100	304.8	40.0136	-78.3653
USC00362721	EVERETT	20000115	0	-44	-100	0	-44	-100	304.8	40.0136	-78.3653
USC00362721	EVERETT	20000116	0	0	-106	0	0	-106	304.8	40.0136	-78.3653
USC00362721	EVERETT	20000117	0	111	-122	0	111	-122	304.8	40.0136	-78.3653
USC00362721	EVERETT	20000118	0	-50	-122	0	-50	-122	304.8	40.0136	-78.3653
USC00362721	EVERETT	20000119	0	-28	-122	0	-28	-122	304.8	40.0136	-78.3653
USC00362721	EVERETT	20000121	76	0	-122	76	0	-122	304.8	40.0136	-78.3653
USC00362721	EVERETT	20000122	76	-100	-150	76	-100	-150	304.8	40.0136	-78.3653
USC00362721	EVERETT	20000123	152	-72	-133	152	-72	-133	304.8	40.0136	-78.3653
USC00362721	EVERETT	20000124	152	-11	-72	152	-11	-72	304.8	40.0136	-78.3653
USC00362721	EVERETT	20000125	127	11	-100	127	11	-100	304.8	40.0136	-78.3653
USC00362721	EVERETT	20000126	127	-17	-83	127	-17	-83	304.8	40.0136	-78.3653
USC00362721	EVERETT	20000127	102	-33	-139	102	-33	-139	304.8	40.0136	-78.3653
USC00362721	EVERETT	20000128	102	-83	-133	102	-83	-133	304.8	40.0136	-78.3653
USC00362721	EVERETT	20000129	102	-33	-167	102	-33	-167	304.8	40.0136	-78.3653
USC00362721	EVERETT	20000130	102	28	-172	102	28	-172	304.8	40.0136	-78.3653
USC00362721	EVERETT	20000131	305	-17	-72	305	-17	-72	304.8	40.0136	-78.3653
USC00362721	EVERETT	20010101	76	-28	-61	76	-28	-61	304.8	40.0136	-78.3653
USC00362721	EVERETT	20010102	76	-33	-83	76	-33	-83	304.8	40.0136	-78.3653
USC00362721	EVERETT	20010103	76	-33	-94	76	-33	-94	304.8	40.0136	-78.3653
USC00362721	EVERETT	20010104	51	-17	-72	51	-17	-72	304.8	40.0136	-78.3653
USC00362721	EVERETT	20010105	178	-22	-106	178	-22	-106	304.8	40.0136	-78.3653
USC00362721	EVERETT	20010106	203	22	-50	203	22	-50	304.8	40.0136	-78.3653
USC00362721	EVERETT	20010107	178	11	-122	178	11	-122	304.8	40.0136	-78.3653
USC00362721	EVERETT	20010108	9999	94	-122	NA	94	-122	304.8	40.0136	-78.3653
USC00362721	EVERETT	20010109	178	11	-89	178	11	-89	304.8	40.0136	-78.3653
USC00362721	EVERETT	20010110	127	-33	-89	127	-33	-89	304.8	40.0136	-78.3653
USC00362721	EVERETT	20010111	102	44	-39	102	44	-39	304.8	40.0136	-78.3653
USC00362721	EVERETT	20010112	76	89	-44	76	89	-44	304.8	40.0136	-78.3653
USC00362721	EVERETT	20010113	76	83	-106	76	83	-106	304.8	40.0136	-78.3653
USC00362721	EVERETT	20010114	51	89	-100	51	89	-100	304.8	40.0136	-78.3653
USC00362721	EVERETT	20010115	51	44	-78	51	44	-78	304.8	40.0136	-78.3653
USC00362721	EVERETT	20010116	0	50	-22	0	50	-22	304.8	40.0136	-78.3653
USC00362721	EVERETT	20010117	0	50	-22	0	50	-22	304.8	40.0136	-78.3653
USC00362721	EVERETT	20010118	0	11	-22	0	11	-22	304.8	40.0136	-78.3653
USC00362721	EVERETT	20010119	0	6	-11	0	6	-11	304.8	40.0136	-78.3653
USC00362721	EVERETT	20010120	0	17	-17	0	17	-17	304.8	40.0136	-78.3653
USC00362721	EVERETT	20010121	127	-6	-89	127	-6	-89	304.8	40.0136	-78.3653
USC00362721	EVERETT	20010122	127	-44	-161	127	-44	-161	304.8	40.0136	-78.3653
USC00362721	EVERETT	20010123	127	0	-172	127	0	-172	304.8	40.0136	-78.3653
USC00362721	EVERETT	20010124	127	67	-150	127	67	-150	304.8	40.0136	-78.3653
USC00362721	EVERETT	20010125	102	50	-33	102	50	-33	304.8	40.0136	-78.3653
USC00362721	EVERETT	20010126	76	-22	-117	76	-22	-117	304.8	40.0136	-78.3653
USC00362721	EVERETT	20010127	76	28	-111	76	28	-111	304.8	40.0136	-78.3653
USC00362721	EVERETT	20010128	76	22	-67	76	22	-67	304.8	40.0136	-78.3653
USC00362721	EVERETT	20010129	76	17	-89	76	17	-89	304.8	40.0136	-78.3653
USC00362721	EVERETT	20010130	51	33	-39	51	33	-39	304.8	40.0136	-78.3653
USC00362721	EVERETT	20010131	9999	106	-11	NA	106	-11	304.8	40.0136	-78.3653
USC00362721	EVERETT	20020101	0	-39	-94	0	-39	-94	304.8	40.0136	-78.3653
USC00362721	EVERETT	20020102	0	-22	-111	0	-22	-111	304.8	40.0136	-78.3653
USC00362721	EVERETT	20020103	0	0	-122	0	0	-122	304.8	40.0136	-78.3653
USC00362721	EVERETT	20020104	0	11	-50	0	11	-50	304.8	40.0136	-78.3653
USC00362721	EVERETT	20020105	0	11	-50	0	11	-50	304.8	40.0136	-78.3653
USC00362721	EVERETT	20020106	0	78	-72	0	78	-72	304.8	40.0136	-78.3653
USC00362721	EVERETT	20020107	178	22	-22	178	22	-22	304.8	40.0136	-78.3653
USC00362721	EVERETT	20020108	178	17	-67	178	17	-67	304.8	40.0136	-78.3653
USC00362721	EVERETT	20020109	152	22	-106	152	22	-106	304.8	40.0136	-78.3653
USC00362721	EVERETT	20020110	127	106	11	127	106	11	304.8	40.0136	-78.3653
USC00362721	EVERETT	20020111	0	117	28	0	117	28	304.8	40.0136	-78.3653
USC00362721	EVERETT	20020112	0	56	-28	0	56	-28	304.8	40.0136	-78.3653
USC00362721	EVERETT	20020113	0	89	-22	0	89	-22	304.8	40.0136	-78.3653
USC00362721	EVERETT	20020114	0	39	-39	0	39	-39	304.8	40.0136	-78.3653
USC00362721	EVERETT	20020115	0	106	-17	0	106	-17	304.8	40.0136	-78.3653
USC00362721	EVERETT	20020116	0	61	0	0	61	0	304.8	40.0136	-78.3653
USC00362721	EVERETT	20020117	0	61	-11	0	61	-11	304.8	40.0136	-78.3653
USC00362721	EVERETT	20020118	0	72	-33	0	72	-33	304.8	40.0136	-78.3653
USC00362721	EVERETT	20020119	0	6	-50	0	6	-50	304.8	40.0136	-78.3653
USC00362721	EVERETT	20020120	51	-17	-67	51	-17	-67	304.8	40.0136	-78.3653
USC00362721	EVERETT	20020121	25	28	-83	25	28	-83	304.8	40.0136	-78.3653
USC00362721	EVERETT	20020122	0	61	-33	0	61	-33	304.8	40.0136	-78.3653
USC00362721	EVERETT	20020123	0	111	-28	0	111	-28	304.8	40.0136	-78.3653
USC00362721	EVERETT	20020124	0	161	6	0	161	6	304.8	40.0136	-78.3653
USC00362721	EVERETT	20020125	0	156	-11	0	156	-11	304.8	40.0136	-78.3653
USC00362721	EVERETT	20020126	0	78	-61	0	78	-61	304.8	40.0136	-78.3653
USC00362721	EVERETT	20020127	0	139	-56	0	139	-56	304.8	40.0136	-78.3653
USC00362721	EVERETT	20020128	0	194	-44	0	194	-44	304.8	40.0136	-78.3653
USC00362721	EVERETT	20020129	0	194	-6	0	194	-6	304.8	40.0136	-78.3653
USC00362721	EVERETT	20020130	0	194	111	0	194	111	304.8	40.0136	-78.3653
USC00362721	EVERETT	20020131	0	139	44	0	139	44	304.8	40.0136	-78.3653
USC00362721	EVERETT	20030101	0	133	6	0	133	6	304.8	40.0136	-78.3653
USC00362721	EVERETT	20030102	0	67	6	0	67	6	304.8	40.0136	-78.3653
USC00362721	EVERETT	20030103	25	17	-11	25	17	-11	304.8	40.0136	-78.3653
USC00362721	EVERETT	20030104	102	0	-33	102	0	-33	304.8	40.0136	-78.3653
USC00362721	EVERETT	20030105	76	6	-44	76	6	-44	304.8	40.0136	-78.3653
USC00362721	EVERETT	20030106	102	-22	-56	102	-22	-56	304.8	40.0136	-78.3653
USC00362721	EVERETT	20030107	76	0	-78	76	0	-78	304.8	40.0136	-78.3653
USC00362721	EVERETT	20030108	51	28	-67	51	28	-67	304.8	40.0136	-78.3653
USC00362721	EVERETT	20030109	0	94	6	0	94	6	304.8	40.0136	-78.3653
USC00362721	EVERETT	20030110	0	106	17	0	106	17	304.8	40.0136	-78.3653
USC00362721	EVERETT	20030111	0	17	-72	0	17	-72	304.8	40.0136	-78.3653
USC00362721	EVERETT	20030112	0	-39	-89	0	-39	-89	304.8	40.0136	-78.3653
USC00362721	EVERETT	20030113	0	-22	-83	0	-22	-83	304.8	40.0136	-78.3653
USC00362721	EVERETT	20030114	0	17	-89	0	17	-89	304.8	40.0136	-78.3653
USC00362721	EVERETT	20030115	0	-44	-89	0	-44	-89	304.8	40.0136	-78.3653
USC00362721	EVERETT	20030116	0	-61	-133	0	-61	-133	304.8	40.0136	-78.3653
USC00362721	EVERETT	20030117	0	-44	-128	0	-44	-128	304.8	40.0136	-78.3653
USC00362721	EVERETT	20030118	0	-50	-178	0	-50	-178	304.8	40.0136	-78.3653
USC00362721	EVERETT	20030119	0	-39	-133	0	-39	-133	304.8	40.0136	-78.3653
USC00362721	EVERETT	20030120	25	-17	-78	25	-17	-78	304.8	40.0136	-78.3653
USC00362721	EVERETT	20030121	0	-50	-83	0	-50	-83	304.8	40.0136	-78.3653
USC00362721	EVERETT	20030122	0	-56	-133	0	-56	-133	304.8	40.0136	-78.3653
USC00362721	EVERETT	20030123	0	-89	-161	0	-89	-161	304.8	40.0136	-78.3653
USC00362721	EVERETT	20030124	0	-111	-156	0	-111	-156	304.8	40.0136	-78.3653
USC00362721	EVERETT	20030125	0	-39	-111	0	-39	-111	304.8	40.0136	-78.3653
USC00362721	EVERETT	20030126	0	-11	-94	0	-11	-94	304.8	40.0136	-78.3653
USC00362721	EVERETT	20030127	0	-6	-150	0	-6	-150	304.8	40.0136	-78.3653
USC00362721	EVERETT	20030128	0	-94	-150	0	-94	-150	304.8	40.0136	-78.3653
USC00362721	EVERETT	20030129	0	-17	-106	0	-17	-106	304.8	40.0136	-78.3653
USC00362721	EVERETT	20030130	0	33	-50	0	33	-50	304.8	40.0136	-78.3653
USC00362721	EVERETT	20030131	0	28	-44	0	28	-44	304.8	40.0136	-78.3653
USC00362721	EVERETT	20040101	0	89	-61	0	89	-61	304.8	40.0136	-78.3653
USC00362721	EVERETT	20040102	0	78	-39	0	78	-39	304.8	40.0136	-78.3653
USC00362721	EVERETT	20040103	0	83	-17	0	83	-17	304.8	40.0136	-78.3653
USC00362721	EVERETT	20040104	0	206	67	0	206	67	304.8	40.0136	-78.3653
USC00362721	EVERETT	20040105	0	100	17	0	100	17	304.8	40.0136	-78.3653
USC00362721	EVERETT	20040106	0	83	-22	0	83	-22	304.8	40.0136	-78.3653
USC00362721	EVERETT	20040107	0	-28	-122	0	-28	-122	304.8	40.0136	-78.3653
USC00362721	EVERETT	20040108	0	-61	-100	0	-61	-100	304.8	40.0136	-78.3653
USC00362721	EVERETT	20040109	0	-22	-78	0	-22	-78	304.8	40.0136	-78.3653
USC00362721	EVERETT	20040110	0	-39	-183	0	-39	-183	304.8	40.0136	-78.3653
USC00362721	EVERETT	20040111	0	-100	-183	0	-100	-183	304.8	40.0136	-78.3653
USC00362721	EVERETT	20040112	0	56	-133	0	56	-133	304.8	40.0136	-78.3653
USC00362721	EVERETT	20040113	0	50	-11	0	50	-11	304.8	40.0136	-78.3653
USC00362721	EVERETT	20040114	0	6	-100	0	6	-100	304.8	40.0136	-78.3653
USC00362721	EVERETT	20040115	127	-39	-111	127	-39	-111	304.8	40.0136	-78.3653
USC00362721	EVERETT	20040116	102	-61	-167	102	-61	-167	304.8	40.0136	-78.3653
USC00362721	EVERETT	20040117	76	-94	-167	76	-94	-167	304.8	40.0136	-78.3653
USC00362721	EVERETT	20040118	178	-33	-133	178	-33	-133	304.8	40.0136	-78.3653
USC00362721	EVERETT	20040119	127	-6	-106	127	-6	-106	304.8	40.0136	-78.3653
USC00362721	EVERETT	20040120	127	-61	-111	127	-61	-111	304.8	40.0136	-78.3653
USC00362721	EVERETT	20040121	102	-67	-172	102	-67	-172	304.8	40.0136	-78.3653
USC00362721	EVERETT	20040122	102	0	-172	102	0	-172	304.8	40.0136	-78.3653
USC00362721	EVERETT	20040123	102	-17	-161	102	-17	-161	304.8	40.0136	-78.3653
USC00362721	EVERETT	20040124	152	-106	-161	152	-106	-161	304.8	40.0136	-78.3653
USC00362721	EVERETT	20040125	152	-72	-194	152	-72	-194	304.8	40.0136	-78.3653
USC00362721	EVERETT	20040126	254	-106	-200	254	-106	-200	304.8	40.0136	-78.3653
USC00362721	EVERETT	20040127	254	-89	-122	254	-89	-122	304.8	40.0136	-78.3653
USC00362721	EVERETT	20040128	356	-50	-94	356	-50	-94	304.8	40.0136	-78.3653
USC00362721	EVERETT	20040129	356	-61	-94	356	-61	-94	304.8	40.0136	-78.3653
USC00362721	EVERETT	20040130	356	-33	-150	356	-33	-150	304.8	40.0136	-78.3653
USC00362721	EVERETT	20040131	356	-94	-156	356	-94	-156	304.8	40.0136	-78.3653
USC00362721	EVERETT	20050101	0	150	6	0	150	6	304.8	40.0136	-78.3653
USC00362721	EVERETT	20050102	0	139	-17	0	139	-17	304.8	40.0136	-78.3653
USC00362721	EVERETT	20050103	0	61	11	0	61	11	304.8	40.0136	-78.3653
USC00362721	EVERETT	20050104	0	161	22	0	161	22	304.8	40.0136	-78.3653
USC00362721	EVERETT	20050105	0	122	33	0	122	33	304.8	40.0136	-78.3653
USC00362721	EVERETT	20050106	0	167	-6	0	167	-6	304.8	40.0136	-78.3653
USC00362721	EVERETT	20050107	0	222	156	0	222	156	304.8	40.0136	-78.3653
USC00362721	EVERETT	20050108	0	22	0	0	22	0	304.8	40.0136	-78.3653
USC00362721	EVERETT	20050109	0	78	11	0	78	11	304.8	40.0136	-78.3653
USC00362721	EVERETT	20050110	0	33	-44	0	33	-44	304.8	40.0136	-78.3653
USC00362721	EVERETT	20050111	0	83	-39	0	83	-39	304.8	40.0136	-78.3653
USC00362721	EVERETT	20050112	0	39	6	0	39	6	304.8	40.0136	-78.3653
USC00362721	EVERETT	20050113	0	83	28	0	83	28	304.8	40.0136	-78.3653
USC00362721	EVERETT	20050114	0	172	28	0	172	28	304.8	40.0136	-78.3653
USC00362721	EVERETT	20050115	0	33	-67	0	33	-67	304.8	40.0136	-78.3653
USC00362721	EVERETT	20050116	0	17	-67	0	17	-67	304.8	40.0136	-78.3653
USC00362721	EVERETT	20050117	0	0	-106	0	0	-106	304.8	40.0136	-78.3653
USC00362721	EVERETT	20050118	0	-89	-139	0	-89	-139	304.8	40.0136	-78.3653
USC00362721	EVERETT	20050119	0	-78	-144	0	-78	-144	304.8	40.0136	-78.3653
USC00362721	EVERETT	20050120	0	6	-94	0	6	-94	304.8	40.0136	-78.3653
USC00362721	EVERETT	20050121	0	-22	-117	0	-22	-117	304.8	40.0136	-78.3653
USC00362721	EVERETT	20050122	25	-50	-150	25	-50	-150	304.8	40.0136	-78.3653
USC00362721	EVERETT	20050123	127	-56	-144	127	-56	-144	304.8	40.0136	-78.3653
USC00362721	EVERETT	20050124	127	-83	-150	127	-83	-150	304.8	40.0136	-78.3653
USC00362721	EVERETT	20050125	102	-33	-111	102	-33	-111	304.8	40.0136	-78.3653
USC00362721	EVERETT	20050126	102	6	-33	102	6	-33	304.8	40.0136	-78.3653
USC00362721	EVERETT	20050127	51	72	-128	51	72	-128	304.8	40.0136	-78.3653
USC00362721	EVERETT	20050128	51	-56	-161	51	-56	-161	304.8	40.0136	-78.3653
USC00362721	EVERETT	20050129	51	-22	-167	51	-22	-167	304.8	40.0136	-78.3653
USC00362721	EVERETT	20050130	76	6	-150	76	6	-150	304.8	40.0136	-78.3653
USC00362721	EVERETT	20050131	51	44	-117	51	44	-117	304.8	40.0136	-78.3653
