STATION	NAME	DATE	SNWD	TMAX	TMIN	SNWD2	TMAX2	TMIN2	ELEV	LAT	LONG
USC00283029	FLEMINGTON	19950101	9999	56	-111	NA	56	-111	79.2	40.56667	-74.88333
USC00283029	FLEMINGTON	19950102	9999	94	6	NA	94	6	79.2	40.56667	-74.88333
USC00283029	FLEMINGTON	19950103	9999	28	-61	NA	28	-61	79.2	40.56667	-74.88333
USC00283029	FLEMINGTON	19950104	9999	28	-67	NA	28	-67	79.2	40.56667	-74.88333
USC00283029	FLEMINGTON	19950105	9999	28	-111	NA	28	-111	79.2	40.56667	-74.88333
USC00283029	FLEMINGTON	19950106	9999	-56	-117	NA	-56	-117	79.2	40.56667	-74.88333
USC00283029	FLEMINGTON	19950107	9999	17	-117	NA	17	-117	79.2	40.56667	-74.88333
USC00283029	FLEMINGTON	19950108	9999	50	-33	NA	50	-33	79.2	40.56667	-74.88333
USC00283029	FLEMINGTON	19950109	9999	17	-61	NA	17	-61	79.2	40.56667	-74.88333
USC00283029	FLEMINGTON	19950110	9999	33	-89	NA	33	-89	79.2	40.56667	-74.88333
USC00283029	FLEMINGTON	19950111	9999	0	-89	NA	0	-89	79.2	40.56667	-74.88333
USC00283029	FLEMINGTON	19950112	9999	0	-39	NA	0	-39	79.2	40.56667	-74.88333
USC00283029	FLEMINGTON	19950113	9999	33	0	NA	33	0	79.2	40.56667	-74.88333
USC00283029	FLEMINGTON	19950114	9999	106	11	NA	106	11	79.2	40.56667	-74.88333
USC00283029	FLEMINGTON	19950115	9999	178	11	NA	178	11	79.2	40.56667	-74.88333
USC00283029	FLEMINGTON	19950116	9999	183	133	NA	183	133	79.2	40.56667	-74.88333
USC00283029	FLEMINGTON	19950117	9999	161	56	NA	161	56	79.2	40.56667	-74.88333
USC00283029	FLEMINGTON	19950118	9999	161	39	NA	161	39	79.2	40.56667	-74.88333
USC00283029	FLEMINGTON	19950119	9999	61	28	NA	61	28	79.2	40.56667	-74.88333
USC00283029	FLEMINGTON	19950120	9999	56	28	NA	56	28	79.2	40.56667	-74.88333
USC00283029	FLEMINGTON	19950121	9999	78	22	NA	78	22	79.2	40.56667	-74.88333
USC00283029	FLEMINGTON	19950122	9999	56	-17	NA	56	-17	79.2	40.56667	-74.88333
USC00283029	FLEMINGTON	19950123	9999	17	-39	NA	17	-39	79.2	40.56667	-74.88333
USC00283029	FLEMINGTON	19950124	9999	22	-44	NA	22	-44	79.2	40.56667	-74.88333
USC00283029	FLEMINGTON	19950125	9999	28	-17	NA	28	-17	79.2	40.56667	-74.88333
USC00283029	FLEMINGTON	19950126	9999	39	-22	NA	39	-22	79.2	40.56667	-74.88333
USC00283029	FLEMINGTON	19950127	9999	28	-22	NA	28	-22	79.2	40.56667	-74.88333
USC00283029	FLEMINGTON	19950128	9999	28	-67	NA	28	-67	79.2	40.56667	-74.88333
USC00283029	FLEMINGTON	19950129	9999	-6	-100	NA	-6	-100	79.2	40.56667	-74.88333
USC00283029	FLEMINGTON	19950130	9999	28	-111	NA	28	-111	79.2	40.56667	-74.88333
USC00283029	FLEMINGTON	19950131	9999	33	-83	NA	33	-83	79.2	40.56667	-74.88333
USC00283029	FLEMINGTON	19960101	9999	78	-100	NA	78	-100	79.2	40.56667	-74.88333
USC00283029	FLEMINGTON	19960102	9999	61	6	NA	61	6	79.2	40.56667	-74.88333
USC00283029	FLEMINGTON	19960103	9999	17	-28	NA	17	-28	79.2	40.56667	-74.88333
USC00283029	FLEMINGTON	19960104	9999	-22	-106	NA	-22	-106	79.2	40.56667	-74.88333
USC00283029	FLEMINGTON	19960105	9999	-61	-117	NA	-61	-117	79.2	40.56667	-74.88333
USC00283029	FLEMINGTON	19960106	9999	-44	-183	NA	-44	-183	79.2	40.56667	-74.88333
USC00283029	FLEMINGTON	19960107	9999	-78	-183	NA	-78	-183	79.2	40.56667	-74.88333
USC00283029	FLEMINGTON	19960108	9999	-67	-122	NA	-67	-122	79.2	40.56667	-74.88333
USC00283029	FLEMINGTON	19960109	9999	-56	-178	NA	-56	-178	79.2	40.56667	-74.88333
USC00283029	FLEMINGTON	19960110	9999	-39	-167	NA	-39	-167	79.2	40.56667	-74.88333
USC00283029	FLEMINGTON	19960111	9999	-11	-106	NA	-11	-106	79.2	40.56667	-74.88333
USC00283029	FLEMINGTON	19960112	9999	-39	-128	NA	-39	-128	79.2	40.56667	-74.88333
USC00283029	FLEMINGTON	19960113	9999	11	-83	NA	11	-83	79.2	40.56667	-74.88333
USC00283029	FLEMINGTON	19960114	9999	6	-61	NA	6	-61	79.2	40.56667	-74.88333
USC00283029	FLEMINGTON	19960115	9999	61	-67	NA	61	-67	79.2	40.56667	-74.88333
USC00283029	FLEMINGTON	19960116	9999	39	-122	NA	39	-122	79.2	40.56667	-74.88333
USC00283029	FLEMINGTON	19960117	9999	-6	-133	NA	-6	-133	79.2	40.56667	-74.88333
USC00283029	FLEMINGTON	19960118	9999	56	-33	NA	56	-33	79.2	40.56667	-74.88333
USC00283029	FLEMINGTON	19960119	9999	111	-28	NA	111	-28	79.2	40.56667	-74.88333
USC00283029	FLEMINGTON	19960120	9999	133	-78	NA	133	-78	79.2	40.56667	-74.88333
USC00283029	FLEMINGTON	19960121	9999	-17	-122	NA	-17	-122	79.2	40.56667	-74.88333
USC00283029	FLEMINGTON	19960122	9999	-11	-83	NA	-11	-83	79.2	40.56667	-74.88333
USC00283029	FLEMINGTON	19960123	9999	28	-83	NA	28	-83	79.2	40.56667	-74.88333
USC00283029	FLEMINGTON	19960124	9999	44	0	NA	44	0	79.2	40.56667	-74.88333
USC00283029	FLEMINGTON	19960125	9999	106	-28	NA	106	-28	79.2	40.56667	-74.88333
USC00283029	FLEMINGTON	19960126	9999	-6	-89	NA	-6	-89	79.2	40.56667	-74.88333
USC00283029	FLEMINGTON	19960127	9999	72	-100	NA	72	-100	79.2	40.56667	-74.88333
USC00283029	FLEMINGTON	19960128	9999	117	-28	NA	117	-28	79.2	40.56667	-74.88333
USC00283029	FLEMINGTON	19960129	9999	11	-72	NA	11	-72	79.2	40.56667	-74.88333
USC00283029	FLEMINGTON	19960130	9999	22	-67	NA	22	-67	79.2	40.56667	-74.88333
USC00283029	FLEMINGTON	19960131	9999	67	-39	NA	67	-39	79.2	40.56667	-74.88333
USC00283029	FLEMINGTON	19970101	9999	0	-117	NA	0	-117	79.2	40.56667	-74.88333
USC00283029	FLEMINGTON	19970102	9999	-39	-100	NA	-39	-100	79.2	40.56667	-74.88333
USC00283029	FLEMINGTON	19970103	9999	33	-39	NA	33	-39	79.2	40.56667	-74.88333
USC00283029	FLEMINGTON	19970104	9999	172	28	NA	172	28	79.2	40.56667	-74.88333
USC00283029	FLEMINGTON	19970105	9999	89	56	NA	89	56	79.2	40.56667	-74.88333
USC00283029	FLEMINGTON	19970106	9999	117	50	NA	117	50	79.2	40.56667	-74.88333
USC00283029	FLEMINGTON	19970107	9999	78	-22	NA	78	-22	79.2	40.56667	-74.88333
USC00283029	FLEMINGTON	19970108	9999	11	-44	NA	11	-44	79.2	40.56667	-74.88333
USC00283029	FLEMINGTON	19970109	9999	17	-44	NA	17	-44	79.2	40.56667	-74.88333
USC00283029	FLEMINGTON	19970110	9999	22	-44	NA	22	-44	79.2	40.56667	-74.88333
USC00283029	FLEMINGTON	19970111	9999	28	-44	NA	28	-44	79.2	40.56667	-74.88333
USC00283029	FLEMINGTON	19970112	9999	-39	-100	NA	-39	-100	79.2	40.56667	-74.88333
USC00283029	FLEMINGTON	19970113	9999	-44	-94	NA	-44	-94	79.2	40.56667	-74.88333
USC00283029	FLEMINGTON	19970114	9999	-28	-89	NA	-28	-89	79.2	40.56667	-74.88333
USC00283029	FLEMINGTON	19970115	9999	-22	-106	NA	-22	-106	79.2	40.56667	-74.88333
USC00283029	FLEMINGTON	19970116	9999	28	-106	NA	28	-106	79.2	40.56667	-74.88333
USC00283029	FLEMINGTON	19970117	9999	50	-117	NA	50	-117	79.2	40.56667	-74.88333
USC00283029	FLEMINGTON	19970118	9999	-111	-161	NA	-111	-161	79.2	40.56667	-74.88333
USC00283029	FLEMINGTON	19970119	9999	-100	-183	NA	-100	-183	79.2	40.56667	-74.88333
USC00283029	FLEMINGTON	19970120	9999	-78	-150	NA	-78	-150	79.2	40.56667	-74.88333
USC00283029	FLEMINGTON	19970121	9999	0	-117	NA	0	-117	79.2	40.56667	-74.88333
USC00283029	FLEMINGTON	19970122	9999	22	-83	NA	22	-83	79.2	40.56667	-74.88333
USC00283029	FLEMINGTON	19970123	9999	83	-50	NA	83	-50	79.2	40.56667	-74.88333
USC00283029	FLEMINGTON	19970124	9999	100	-56	NA	100	-56	79.2	40.56667	-74.88333
USC00283029	FLEMINGTON	19970125	9999	83	-61	NA	83	-61	79.2	40.56667	-74.88333
USC00283029	FLEMINGTON	19970126	9999	83	-89	NA	83	-89	79.2	40.56667	-74.88333
USC00283029	FLEMINGTON	19970127	9999	-6	-72	NA	-6	-72	79.2	40.56667	-74.88333
USC00283029	FLEMINGTON	19970128	9999	22	-67	NA	22	-67	79.2	40.56667	-74.88333
USC00283029	FLEMINGTON	19970129	9999	56	-61	NA	56	-61	79.2	40.56667	-74.88333
USC00283029	FLEMINGTON	19970130	9999	-22	-89	NA	-22	-89	79.2	40.56667	-74.88333
USC00283029	FLEMINGTON	19970131	9999	-6	-89	NA	-6	-89	79.2	40.56667	-74.88333
USC00283029	FLEMINGTON	19980101	9999	-17	-106	NA	-17	-106	79.2	40.56667	-74.88333
USC00283029	FLEMINGTON	19980102	9999	6	-67	NA	6	-67	79.2	40.56667	-74.88333
USC00283029	FLEMINGTON	19980103	9999	89	6	NA	89	6	79.2	40.56667	-74.88333
USC00283029	FLEMINGTON	19980104	9999	161	44	NA	161	44	79.2	40.56667	-74.88333
USC00283029	FLEMINGTON	19980105	9999	167	50	NA	167	50	79.2	40.56667	-74.88333
USC00283029	FLEMINGTON	19980106	9999	83	50	NA	83	50	79.2	40.56667	-74.88333
USC00283029	FLEMINGTON	19980107	9999	161	56	NA	161	56	79.2	40.56667	-74.88333
USC00283029	FLEMINGTON	19980108	9999	156	67	NA	156	67	79.2	40.56667	-74.88333
USC00283029	FLEMINGTON	19980109	9999	183	106	NA	183	106	79.2	40.56667	-74.88333
USC00283029	FLEMINGTON	19980110	9999	183	17	NA	183	17	79.2	40.56667	-74.88333
USC00283029	FLEMINGTON	19980111	9999	78	-28	NA	78	-28	79.2	40.56667	-74.88333
USC00283029	FLEMINGTON	19980112	9999	83	-33	NA	83	-33	79.2	40.56667	-74.88333
USC00283029	FLEMINGTON	19980113	9999	56	-39	NA	56	-39	79.2	40.56667	-74.88333
USC00283029	FLEMINGTON	19980114	9999	83	-44	NA	83	-44	79.2	40.56667	-74.88333
USC00283029	FLEMINGTON	19980115	9999	6	-78	NA	6	-78	79.2	40.56667	-74.88333
USC00283029	FLEMINGTON	19980116	9999	39	-44	NA	39	-44	79.2	40.56667	-74.88333
USC00283029	FLEMINGTON	19980117	9999	28	-6	NA	28	-6	79.2	40.56667	-74.88333
USC00283029	FLEMINGTON	19980118	9999	61	-11	NA	61	-11	79.2	40.56667	-74.88333
USC00283029	FLEMINGTON	19980119	9999	61	-11	NA	61	-11	79.2	40.56667	-74.88333
USC00283029	FLEMINGTON	19980120	9999	33	-28	NA	33	-28	79.2	40.56667	-74.88333
USC00283029	FLEMINGTON	19980121	9999	22	-28	NA	22	-28	79.2	40.56667	-74.88333
USC00283029	FLEMINGTON	19980122	9999	28	-33	NA	28	-33	79.2	40.56667	-74.88333
USC00283029	FLEMINGTON	19980123	9999	39	-39	NA	39	-39	79.2	40.56667	-74.88333
USC00283029	FLEMINGTON	19980124	9999	50	6	NA	50	6	79.2	40.56667	-74.88333
USC00283029	FLEMINGTON	19980125	9999	78	6	NA	78	6	79.2	40.56667	-74.88333
USC00283029	FLEMINGTON	19980126	9999	33	-28	NA	33	-28	79.2	40.56667	-74.88333
USC00283029	FLEMINGTON	19980127	9999	44	-44	NA	44	-44	79.2	40.56667	-74.88333
USC00283029	FLEMINGTON	19980128	9999	50	-22	NA	50	-22	79.2	40.56667	-74.88333
USC00283029	FLEMINGTON	19980129	9999	22	-17	NA	22	-17	79.2	40.56667	-74.88333
USC00283029	FLEMINGTON	19980130	9999	100	-11	NA	100	-11	79.2	40.56667	-74.88333
USC00283029	FLEMINGTON	19980131	9999	78	-11	NA	78	-11	79.2	40.56667	-74.88333
USC00283029	FLEMINGTON	19990101	9999	-44	-89	NA	-44	-89	79.2	40.56667	-74.88333
USC00283029	FLEMINGTON	19990102	9999	-33	-150	NA	-33	-150	79.2	40.56667	-74.88333
USC00283029	FLEMINGTON	19990103	9999	67	-150	NA	67	-150	79.2	40.56667	-74.88333
USC00283029	FLEMINGTON	19990104	9999	89	-61	NA	89	-61	79.2	40.56667	-74.88333
USC00283029	FLEMINGTON	19990105	9999	-33	-106	NA	-33	-106	79.2	40.56667	-74.88333
USC00283029	FLEMINGTON	19990106	9999	-33	-144	NA	-33	-144	79.2	40.56667	-74.88333
USC00283029	FLEMINGTON	19990107	9999	6	-139	NA	6	-139	79.2	40.56667	-74.88333
USC00283029	FLEMINGTON	19990108	9999	-6	-78	NA	-6	-78	79.2	40.56667	-74.88333
USC00283029	FLEMINGTON	19990109	9999	0	-72	NA	0	-72	79.2	40.56667	-74.88333
USC00283029	FLEMINGTON	19990110	9999	44	-78	NA	44	-78	79.2	40.56667	-74.88333
USC00283029	FLEMINGTON	19990111	9999	-28	-94	NA	-28	-94	79.2	40.56667	-74.88333
USC00283029	FLEMINGTON	19990112	9999	-39	-106	NA	-39	-106	79.2	40.56667	-74.88333
USC00283029	FLEMINGTON	19990113	9999	61	-39	NA	61	-39	79.2	40.56667	-74.88333
USC00283029	FLEMINGTON	19990114	9999	89	-111	NA	89	-111	79.2	40.56667	-74.88333
USC00283029	FLEMINGTON	19990115	9999	0	-111	NA	0	-111	79.2	40.56667	-74.88333
USC00283029	FLEMINGTON	19990116	9999	17	-72	NA	17	-72	79.2	40.56667	-74.88333
USC00283029	FLEMINGTON	19990117	9999	67	-67	NA	67	-67	79.2	40.56667	-74.88333
USC00283029	FLEMINGTON	19990118	9999	100	-11	NA	100	-11	79.2	40.56667	-74.88333
USC00283029	FLEMINGTON	19990119	9999	128	11	NA	128	11	79.2	40.56667	-74.88333
USC00283029	FLEMINGTON	19990120	9999	83	17	NA	83	17	79.2	40.56667	-74.88333
USC00283029	FLEMINGTON	19990121	9999	72	-50	NA	72	-50	79.2	40.56667	-74.88333
USC00283029	FLEMINGTON	19990122	9999	61	-44	NA	61	-44	79.2	40.56667	-74.88333
USC00283029	FLEMINGTON	19990123	9999	56	39	NA	56	39	79.2	40.56667	-74.88333
USC00283029	FLEMINGTON	19990124	9999	156	39	NA	156	39	79.2	40.56667	-74.88333
USC00283029	FLEMINGTON	19990125	9999	144	17	NA	144	17	79.2	40.56667	-74.88333
USC00283029	FLEMINGTON	19990126	9999	28	-39	NA	28	-39	79.2	40.56667	-74.88333
USC00283029	FLEMINGTON	19990127	9999	56	-61	NA	56	-61	79.2	40.56667	-74.88333
USC00283029	FLEMINGTON	19990128	9999	78	-61	NA	78	-61	79.2	40.56667	-74.88333
USC00283029	FLEMINGTON	19990129	9999	94	-6	NA	94	-6	79.2	40.56667	-74.88333
USC00283029	FLEMINGTON	19990130	9999	22	-72	NA	22	-72	79.2	40.56667	-74.88333
USC00283029	FLEMINGTON	19990131	9999	33	-100	NA	33	-100	79.2	40.56667	-74.88333
USC00283029	FLEMINGTON	20000101	9999	39	-44	NA	39	-44	79.2	40.56667	-74.88333
USC00283029	FLEMINGTON	20000102	9999	56	-22	NA	56	-22	79.2	40.56667	-74.88333
USC00283029	FLEMINGTON	20000103	9999	156	22	NA	156	22	79.2	40.56667	-74.88333
USC00283029	FLEMINGTON	20000104	9999	172	83	NA	172	83	79.2	40.56667	-74.88333
USC00283029	FLEMINGTON	20000105	9999	183	11	NA	183	11	79.2	40.56667	-74.88333
USC00283029	FLEMINGTON	20000106	9999	28	-83	NA	28	-83	79.2	40.56667	-74.88333
USC00283029	FLEMINGTON	20000107	9999	67	-83	NA	67	-83	79.2	40.56667	-74.88333
USC00283029	FLEMINGTON	20000108	9999	83	-67	NA	83	-67	79.2	40.56667	-74.88333
USC00283029	FLEMINGTON	20000109	9999	39	-33	NA	39	-33	79.2	40.56667	-74.88333
USC00283029	FLEMINGTON	20000110	9999	100	17	NA	100	17	79.2	40.56667	-74.88333
USC00283029	FLEMINGTON	20000111	9999	133	44	NA	133	44	79.2	40.56667	-74.88333
USC00283029	FLEMINGTON	20000112	9999	106	28	NA	106	28	79.2	40.56667	-74.88333
USC00283029	FLEMINGTON	20000113	9999	67	-22	NA	67	-22	79.2	40.56667	-74.88333
USC00283029	FLEMINGTON	20000114	9999	6	-106	NA	6	-106	79.2	40.56667	-74.88333
USC00283029	FLEMINGTON	20000115	9999	-61	-133	NA	-61	-133	79.2	40.56667	-74.88333
USC00283029	FLEMINGTON	20000116	9999	-17	-83	NA	-17	-83	79.2	40.56667	-74.88333
USC00283029	FLEMINGTON	20000117	9999	9999	9999	NA	NA	NA	79.2	40.56667	-74.88333
USC00283029	FLEMINGTON	20000118	9999	-89	9999	NA	-89	NA	79.2	40.56667	-74.88333
USC00283029	FLEMINGTON	20000119	9999	-67	-139	NA	-67	-139	79.2	40.56667	-74.88333
USC00283029	FLEMINGTON	20000120	9999	-11	-89	NA	-11	-89	79.2	40.56667	-74.88333
USC00283029	FLEMINGTON	20000121	9999	-28	-122	NA	-28	-122	79.2	40.56667	-74.88333
USC00283029	FLEMINGTON	20000122	9999	-83	-139	NA	-83	-139	79.2	40.56667	-74.88333
USC00283029	FLEMINGTON	20000123	9999	-72	-122	NA	-72	-122	79.2	40.56667	-74.88333
USC00283029	FLEMINGTON	20000124	9999	-28	-78	NA	-28	-78	79.2	40.56667	-74.88333
USC00283029	FLEMINGTON	20000125	9999	33	-50	NA	33	-50	79.2	40.56667	-74.88333
USC00283029	FLEMINGTON	20000126	9999	-6	-56	NA	-6	-56	79.2	40.56667	-74.88333
USC00283029	FLEMINGTON	20000127	9999	-6	-111	NA	-6	-111	79.2	40.56667	-74.88333
USC00283029	FLEMINGTON	20000128	9999	-83	-144	NA	-83	-144	79.2	40.56667	-74.88333
USC00283029	FLEMINGTON	20000129	9999	-61	-133	NA	-61	-133	79.2	40.56667	-74.88333
USC00283029	FLEMINGTON	20000130	9999	11	-167	NA	11	-167	79.2	40.56667	-74.88333
USC00283029	FLEMINGTON	20000131	9999	17	-94	NA	17	-94	79.2	40.56667	-74.88333
USC00283029	FLEMINGTON	20010101	9999	-6	-94	NA	-6	-94	79.2	40.56667	-74.88333
USC00283029	FLEMINGTON	20010102	9999	6	-94	NA	6	-94	79.2	40.56667	-74.88333
USC00283029	FLEMINGTON	20010103	9999	6	-94	NA	6	-94	79.2	40.56667	-74.88333
USC00283029	FLEMINGTON	20010104	9999	-11	-100	NA	-11	-100	79.2	40.56667	-74.88333
USC00283029	FLEMINGTON	20010105	9999	6	-122	NA	6	-122	79.2	40.56667	-74.88333
USC00283029	FLEMINGTON	20010106	9999	-6	-117	NA	-6	-117	79.2	40.56667	-74.88333
USC00283029	FLEMINGTON	20010107	9999	33	-78	NA	33	-78	79.2	40.56667	-74.88333
USC00283029	FLEMINGTON	20010108	9999	78	-61	NA	78	-61	79.2	40.56667	-74.88333
USC00283029	FLEMINGTON	20010109	9999	39	-39	NA	39	-39	79.2	40.56667	-74.88333
USC00283029	FLEMINGTON	20010110	9999	-11	-56	NA	-11	-56	79.2	40.56667	-74.88333
USC00283029	FLEMINGTON	20010111	9999	22	-89	NA	22	-89	79.2	40.56667	-74.88333
USC00283029	FLEMINGTON	20010112	9999	72	-61	NA	72	-61	79.2	40.56667	-74.88333
USC00283029	FLEMINGTON	20010113	9999	56	-100	NA	56	-100	79.2	40.56667	-74.88333
USC00283029	FLEMINGTON	20010114	9999	56	-100	NA	56	-100	79.2	40.56667	-74.88333
USC00283029	FLEMINGTON	20010115	9999	50	-61	NA	50	-61	79.2	40.56667	-74.88333
USC00283029	FLEMINGTON	20010116	9999	28	6	NA	28	6	79.2	40.56667	-74.88333
USC00283029	FLEMINGTON	20010117	9999	61	6	NA	61	6	79.2	40.56667	-74.88333
USC00283029	FLEMINGTON	20010118	9999	44	-33	NA	44	-33	79.2	40.56667	-74.88333
USC00283029	FLEMINGTON	20010119	9999	17	-11	NA	17	-11	79.2	40.56667	-74.88333
USC00283029	FLEMINGTON	20010120	9999	28	-11	NA	28	-11	79.2	40.56667	-74.88333
USC00283029	FLEMINGTON	20010121	9999	11	-67	NA	11	-67	79.2	40.56667	-74.88333
USC00283029	FLEMINGTON	20010122	9999	-11	-139	NA	-11	-139	79.2	40.56667	-74.88333
USC00283029	FLEMINGTON	20010123	9999	11	-156	NA	11	-156	79.2	40.56667	-74.88333
USC00283029	FLEMINGTON	20010124	9999	22	-133	NA	22	-133	79.2	40.56667	-74.88333
USC00283029	FLEMINGTON	20010125	9999	56	-94	NA	56	-94	79.2	40.56667	-74.88333
USC00283029	FLEMINGTON	20010126	9999	33	-72	NA	33	-72	79.2	40.56667	-74.88333
USC00283029	FLEMINGTON	20010127	9999	6	-61	NA	6	-61	79.2	40.56667	-74.88333
USC00283029	FLEMINGTON	20010128	9999	33	-39	NA	33	-39	79.2	40.56667	-74.88333
USC00283029	FLEMINGTON	20010129	9999	17	-100	NA	17	-100	79.2	40.56667	-74.88333
USC00283029	FLEMINGTON	20010130	9999	39	-94	NA	39	-94	79.2	40.56667	-74.88333
USC00283029	FLEMINGTON	20010131	9999	106	-11	NA	106	-11	79.2	40.56667	-74.88333
USC00283029	FLEMINGTON	20020101	9999	-22	-89	NA	-22	-89	79.2	40.56667	-74.88333
USC00283029	FLEMINGTON	20020102	9999	11	-67	NA	11	-67	79.2	40.56667	-74.88333
USC00283029	FLEMINGTON	20020103	9999	11	-78	NA	11	-78	79.2	40.56667	-74.88333
USC00283029	FLEMINGTON	20020104	9999	17	-50	NA	17	-50	79.2	40.56667	-74.88333
USC00283029	FLEMINGTON	20020105	9999	33	-50	NA	33	-50	79.2	40.56667	-74.88333
USC00283029	FLEMINGTON	20020106	9999	50	-67	NA	50	-67	79.2	40.56667	-74.88333
USC00283029	FLEMINGTON	20020107	9999	17	-39	NA	17	-39	79.2	40.56667	-74.88333
USC00283029	FLEMINGTON	20020108	9999	17	-61	NA	17	-61	79.2	40.56667	-74.88333
USC00283029	FLEMINGTON	20020109	9999	11	-56	NA	11	-56	79.2	40.56667	-74.88333
USC00283029	FLEMINGTON	20020110	9999	44	-28	NA	44	-28	79.2	40.56667	-74.88333
USC00283029	FLEMINGTON	20020111	9999	117	11	NA	117	11	79.2	40.56667	-74.88333
USC00283029	FLEMINGTON	20020112	9999	67	11	NA	67	11	79.2	40.56667	-74.88333
USC00283029	FLEMINGTON	20020113	9999	72	-17	NA	72	-17	79.2	40.56667	-74.88333
USC00283029	FLEMINGTON	20020114	9999	72	-28	NA	72	-28	79.2	40.56667	-74.88333
USC00283029	FLEMINGTON	20020115	9999	78	-33	NA	78	-33	79.2	40.56667	-74.88333
USC00283029	FLEMINGTON	20020116	9999	83	-22	NA	83	-22	79.2	40.56667	-74.88333
USC00283029	FLEMINGTON	20020117	9999	44	-28	NA	44	-28	79.2	40.56667	-74.88333
USC00283029	FLEMINGTON	20020118	9999	72	-33	NA	72	-33	79.2	40.56667	-74.88333
USC00283029	FLEMINGTON	20020119	9999	28	-67	NA	28	-67	79.2	40.56667	-74.88333
USC00283029	FLEMINGTON	20020120	9999	-22	-83	NA	-22	-83	79.2	40.56667	-74.88333
USC00283029	FLEMINGTON	20020121	9999	22	-83	NA	22	-83	79.2	40.56667	-74.88333
USC00283029	FLEMINGTON	20020122	9999	44	-44	NA	44	-44	79.2	40.56667	-74.88333
USC00283029	FLEMINGTON	20020123	9999	67	-39	NA	67	-39	79.2	40.56667	-74.88333
USC00283029	FLEMINGTON	20020124	9999	89	6	NA	89	6	79.2	40.56667	-74.88333
USC00283029	FLEMINGTON	20020125	9999	9999	9999	NA	NA	NA	79.2	40.56667	-74.88333
USC00283029	FLEMINGTON	20020126	9999	78	17	NA	78	17	79.2	40.56667	-74.88333
USC00283029	FLEMINGTON	20020127	9999	128	-50	NA	128	-50	79.2	40.56667	-74.88333
USC00283029	FLEMINGTON	20020128	9999	167	-33	NA	167	-33	79.2	40.56667	-74.88333
USC00283029	FLEMINGTON	20020129	9999	156	-22	NA	156	-22	79.2	40.56667	-74.88333
USC00283029	FLEMINGTON	20020130	9999	200	11	NA	200	11	79.2	40.56667	-74.88333
USC00283029	FLEMINGTON	20020131	9999	161	17	NA	161	17	79.2	40.56667	-74.88333
USC00283029	FLEMINGTON	20030101	9999	94	17	NA	94	17	79.2	40.56667	-74.88333
USC00283029	FLEMINGTON	20030102	9999	61	17	NA	61	17	79.2	40.56667	-74.88333
USC00283029	FLEMINGTON	20030103	9999	61	-28	NA	61	-28	79.2	40.56667	-74.88333
USC00283029	FLEMINGTON	20030104	9999	6	-11	NA	6	-11	79.2	40.56667	-74.88333
USC00283029	FLEMINGTON	20030105	9999	17	-11	NA	17	-11	79.2	40.56667	-74.88333
USC00283029	FLEMINGTON	20030106	9999	17	-17	NA	17	-17	79.2	40.56667	-74.88333
USC00283029	FLEMINGTON	20030107	9999	6	-44	NA	6	-44	79.2	40.56667	-74.88333
USC00283029	FLEMINGTON	20030108	9999	-6	-67	NA	-6	-67	79.2	40.56667	-74.88333
USC00283029	FLEMINGTON	20030109	9999	78	-17	NA	78	-17	79.2	40.56667	-74.88333
USC00283029	FLEMINGTON	20030110	9999	100	-11	NA	100	-11	79.2	40.56667	-74.88333
USC00283029	FLEMINGTON	20030111	9999	50	-56	NA	50	-56	79.2	40.56667	-74.88333
USC00283029	FLEMINGTON	20030112	9999	-11	-61	NA	-11	-61	79.2	40.56667	-74.88333
USC00283029	FLEMINGTON	20030113	9999	6	-94	NA	6	-94	79.2	40.56667	-74.88333
USC00283029	FLEMINGTON	20030114	9999	39	-78	NA	39	-78	79.2	40.56667	-74.88333
USC00283029	FLEMINGTON	20030115	9999	-28	-72	NA	-28	-72	79.2	40.56667	-74.88333
USC00283029	FLEMINGTON	20030116	9999	-28	-100	NA	-28	-100	79.2	40.56667	-74.88333
USC00283029	FLEMINGTON	20030117	9999	-28	-106	NA	-28	-106	79.2	40.56667	-74.88333
USC00283029	FLEMINGTON	20030118	9999	-17	-167	NA	-17	-167	79.2	40.56667	-74.88333
USC00283029	FLEMINGTON	20030119	9999	-72	-167	NA	-72	-167	79.2	40.56667	-74.88333
USC00283029	FLEMINGTON	20030120	9999	-17	-133	NA	-17	-133	79.2	40.56667	-74.88333
USC00283029	FLEMINGTON	20030121	9999	-11	-128	NA	-11	-128	79.2	40.56667	-74.88333
USC00283029	FLEMINGTON	20030122	9999	-44	-122	NA	-44	-122	79.2	40.56667	-74.88333
USC00283029	FLEMINGTON	20030123	9999	-67	-139	NA	-67	-139	79.2	40.56667	-74.88333
USC00283029	FLEMINGTON	20030124	9999	-78	-144	NA	-78	-144	79.2	40.56667	-74.88333
USC00283029	FLEMINGTON	20030125	9999	-33	-122	NA	-33	-122	79.2	40.56667	-74.88333
USC00283029	FLEMINGTON	20030126	9999	-11	-89	NA	-11	-89	79.2	40.56667	-74.88333
USC00283029	FLEMINGTON	20030127	9999	-11	-133	NA	-11	-133	79.2	40.56667	-74.88333
USC00283029	FLEMINGTON	20030128	9999	-89	-161	NA	-89	-161	79.2	40.56667	-74.88333
USC00283029	FLEMINGTON	20030129	9999	-56	-111	NA	-56	-111	79.2	40.56667	-74.88333
USC00283029	FLEMINGTON	20030130	9999	-11	-133	NA	-11	-133	79.2	40.56667	-74.88333
USC00283029	FLEMINGTON	20030131	9999	17	-106	NA	17	-106	79.2	40.56667	-74.88333
USC00283029	FLEMINGTON	20040101	9999	78	6	NA	78	6	79.2	40.56667	-74.88333
USC00283029	FLEMINGTON	20040102	9999	72	-28	NA	72	-28	79.2	40.56667	-74.88333
USC00283029	FLEMINGTON	20040103	9999	83	11	NA	83	11	79.2	40.56667	-74.88333
USC00283029	FLEMINGTON	20040104	9999	133	44	NA	133	44	79.2	40.56667	-74.88333
USC00283029	FLEMINGTON	20040105	9999	89	17	NA	89	17	79.2	40.56667	-74.88333
USC00283029	FLEMINGTON	20040106	9999	33	0	NA	33	0	79.2	40.56667	-74.88333
USC00283029	FLEMINGTON	20040107	9999	28	-89	NA	28	-89	79.2	40.56667	-74.88333
USC00283029	FLEMINGTON	20040108	9999	-44	-89	NA	-44	-89	79.2	40.56667	-74.88333
USC00283029	FLEMINGTON	20040109	9999	-17	-83	NA	-17	-83	79.2	40.56667	-74.88333
USC00283029	FLEMINGTON	20040110	9999	-78	-178	NA	-78	-178	79.2	40.56667	-74.88333
USC00283029	FLEMINGTON	20040111	9999	-100	-178	NA	-100	-178	79.2	40.56667	-74.88333
USC00283029	FLEMINGTON	20040112	9999	-33	-144	NA	-33	-144	79.2	40.56667	-74.88333
USC00283029	FLEMINGTON	20040113	9999	33	-39	NA	33	-39	79.2	40.56667	-74.88333
USC00283029	FLEMINGTON	20040114	9999	56	-133	NA	56	-133	79.2	40.56667	-74.88333
USC00283029	FLEMINGTON	20040115	9999	-89	-144	NA	-89	-144	79.2	40.56667	-74.88333
USC00283029	FLEMINGTON	20040116	9999	-72	-183	NA	-72	-183	79.2	40.56667	-74.88333
USC00283029	FLEMINGTON	20040117	9999	-33	-144	NA	-33	-144	79.2	40.56667	-74.88333
USC00283029	FLEMINGTON	20040118	9999	-6	-89	NA	-6	-89	79.2	40.56667	-74.88333
USC00283029	FLEMINGTON	20040119	9999	6	-78	NA	6	-78	79.2	40.56667	-74.88333
USC00283029	FLEMINGTON	20040120	9999	-33	-83	NA	-33	-83	79.2	40.56667	-74.88333
USC00283029	FLEMINGTON	20040121	9999	-22	-106	NA	-22	-106	79.2	40.56667	-74.88333
USC00283029	FLEMINGTON	20040122	9999	-33	-111	NA	-33	-111	79.2	40.56667	-74.88333
USC00283029	FLEMINGTON	20040123	9999	39	-122	NA	39	-122	79.2	40.56667	-74.88333
USC00283029	FLEMINGTON	20040124	9999	-100	-128	NA	-100	-128	79.2	40.56667	-74.88333
USC00283029	FLEMINGTON	20040125	9999	-56	-178	NA	-56	-178	79.2	40.56667	-74.88333
USC00283029	FLEMINGTON	20040126	9999	-94	-172	NA	-94	-172	79.2	40.56667	-74.88333
USC00283029	FLEMINGTON	20040127	9999	-72	-100	NA	-72	-100	79.2	40.56667	-74.88333
USC00283029	FLEMINGTON	20040128	9999	-44	-89	NA	-44	-89	79.2	40.56667	-74.88333
USC00283029	FLEMINGTON	20040129	9999	-28	-89	NA	-28	-89	79.2	40.56667	-74.88333
USC00283029	FLEMINGTON	20040130	9999	-44	-111	NA	-44	-111	79.2	40.56667	-74.88333
USC00283029	FLEMINGTON	20040131	9999	-56	-111	NA	-56	-111	79.2	40.56667	-74.88333
USC00283029	FLEMINGTON	20050101	9999	122	22	NA	122	22	79.2	40.56667	-74.88333
USC00283029	FLEMINGTON	20050102	9999	167	-33	NA	167	-33	79.2	40.56667	-74.88333
USC00283029	FLEMINGTON	20050103	9999	50	-33	NA	50	-33	79.2	40.56667	-74.88333
USC00283029	FLEMINGTON	20050104	9999	100	44	NA	100	44	79.2	40.56667	-74.88333
USC00283029	FLEMINGTON	20050105	9999	83	33	NA	83	33	79.2	40.56667	-74.88333
USC00283029	FLEMINGTON	20050106	9999	33	-6	NA	33	-6	79.2	40.56667	-74.88333
USC00283029	FLEMINGTON	20050107	9999	39	0	NA	39	0	79.2	40.56667	-74.88333
USC00283029	FLEMINGTON	20050108	9999	33	-6	NA	33	-6	79.2	40.56667	-74.88333
USC00283029	FLEMINGTON	20050109	9999	39	0	NA	39	0	79.2	40.56667	-74.88333
USC00283029	FLEMINGTON	20050110	9999	28	0	NA	28	0	79.2	40.56667	-74.88333
USC00283029	FLEMINGTON	20050111	9999	78	-22	NA	78	-22	79.2	40.56667	-74.88333
USC00283029	FLEMINGTON	20050112	9999	22	-11	NA	22	-11	79.2	40.56667	-74.88333
USC00283029	FLEMINGTON	20050113	9999	39	17	NA	39	17	79.2	40.56667	-74.88333
USC00283029	FLEMINGTON	20050114	9999	178	33	NA	178	33	79.2	40.56667	-74.88333
USC00283029	FLEMINGTON	20050115	9999	56	-61	NA	56	-61	79.2	40.56667	-74.88333
USC00283029	FLEMINGTON	20050116	9999	-17	-72	NA	-17	-72	79.2	40.56667	-74.88333
USC00283029	FLEMINGTON	20050117	9999	-6	-56	NA	-6	-56	79.2	40.56667	-74.88333
USC00283029	FLEMINGTON	20050118	9999	-33	-122	NA	-33	-122	79.2	40.56667	-74.88333
USC00283029	FLEMINGTON	20050119	9999	-100	-150	NA	-100	-150	79.2	40.56667	-74.88333
USC00283029	FLEMINGTON	20050120	9999	-56	-139	NA	-56	-139	79.2	40.56667	-74.88333
USC00283029	FLEMINGTON	20050121	9999	-17	-139	NA	-17	-139	79.2	40.56667	-74.88333
USC00283029	FLEMINGTON	20050122	9999	-83	-178	NA	-83	-178	79.2	40.56667	-74.88333
USC00283029	FLEMINGTON	20050123	9999	-72	-156	NA	-72	-156	79.2	40.56667	-74.88333
USC00283029	FLEMINGTON	20050124	9999	-67	-156	NA	-67	-156	79.2	40.56667	-74.88333
USC00283029	FLEMINGTON	20050125	9999	-44	-139	NA	-44	-139	79.2	40.56667	-74.88333
USC00283029	FLEMINGTON	20050126	9999	6	-50	NA	6	-50	79.2	40.56667	-74.88333
USC00283029	FLEMINGTON	20050127	9999	22	-144	NA	22	-144	79.2	40.56667	-74.88333
USC00283029	FLEMINGTON	20050128	9999	-72	-167	NA	-72	-167	79.2	40.56667	-74.88333
USC00283029	FLEMINGTON	20050129	9999	-44	-167	NA	-44	-167	79.2	40.56667	-74.88333
USC00283029	FLEMINGTON	20050130	9999	-6	-167	NA	-6	-167	79.2	40.56667	-74.88333
USC00283029	FLEMINGTON	20050131	9999	39	-67	NA	39	-67	79.2	40.56667	-74.88333
