STATION	NAME	DATE	SNWD	TMAX	TMIN	SNWD2	TMAX2	TMIN2	ELEV	LAT	LONG
USC00362942	FORDCITY	19950101	9999	89	-67	NA	89	-67	283.5	40.7131	-79.5145
USC00362942	FORDCITY	19950102	9999	-39	-100	NA	-39	-100	283.5	40.7131	-79.5145
USC00362942	FORDCITY	19950103	9999	-22	-111	NA	-22	-111	283.5	40.7131	-79.5145
USC00362942	FORDCITY	19950104	9999	-67	-150	NA	-67	-150	283.5	40.7131	-79.5145
USC00362942	FORDCITY	19950105	9999	-67	-144	NA	-67	-144	283.5	40.7131	-79.5145
USC00362942	FORDCITY	19950106	9999	44	-122	NA	44	-122	283.5	40.7131	-79.5145
USC00362942	FORDCITY	19950107	9999	28	-22	NA	28	-22	283.5	40.7131	-79.5145
USC00362942	FORDCITY	19950108	9999	11	-28	NA	11	-28	283.5	40.7131	-79.5145
USC00362942	FORDCITY	19950109	9999	-11	-100	NA	-11	-100	283.5	40.7131	-79.5145
USC00362942	FORDCITY	19950110	9999	0	-72	NA	0	-72	283.5	40.7131	-79.5145
USC00362942	FORDCITY	19950111	9999	61	0	NA	61	0	283.5	40.7131	-79.5145
USC00362942	FORDCITY	19950112	9999	156	56	NA	156	56	283.5	40.7131	-79.5145
USC00362942	FORDCITY	19950113	9999	211	39	NA	211	39	283.5	40.7131	-79.5145
USC00362942	FORDCITY	19950114	9999	206	144	NA	206	144	283.5	40.7131	-79.5145
USC00362942	FORDCITY	19950115	9999	189	39	NA	189	39	283.5	40.7131	-79.5145
USC00362942	FORDCITY	19950116	9999	44	11	NA	44	11	283.5	40.7131	-79.5145
USC00362942	FORDCITY	19950117	9999	44	-11	NA	44	-11	283.5	40.7131	-79.5145
USC00362942	FORDCITY	19950118	9999	150	-6	NA	150	-6	283.5	40.7131	-79.5145
USC00362942	FORDCITY	19950119	9999	156	50	NA	156	50	283.5	40.7131	-79.5145
USC00362942	FORDCITY	19950120	9999	67	11	NA	67	11	283.5	40.7131	-79.5145
USC00362942	FORDCITY	19950121	9999	11	-50	NA	11	-50	283.5	40.7131	-79.5145
USC00362942	FORDCITY	19950122	9999	-17	-89	NA	-17	-89	283.5	40.7131	-79.5145
USC00362942	FORDCITY	19950123	9999	-11	-67	NA	-11	-67	283.5	40.7131	-79.5145
USC00362942	FORDCITY	19950124	9999	-11	-44	NA	-11	-44	283.5	40.7131	-79.5145
USC00362942	FORDCITY	19950125	9999	-11	-78	NA	-11	-78	283.5	40.7131	-79.5145
USC00362942	FORDCITY	19950126	9999	-11	-67	NA	-11	-67	283.5	40.7131	-79.5145
USC00362942	FORDCITY	19950127	9999	22	-56	NA	22	-56	283.5	40.7131	-79.5145
USC00362942	FORDCITY	19950128	9999	39	-128	NA	39	-128	283.5	40.7131	-79.5145
USC00362942	FORDCITY	19950129	9999	44	-117	NA	44	-117	283.5	40.7131	-79.5145
USC00362942	FORDCITY	19950130	9999	56	-94	NA	56	-94	283.5	40.7131	-79.5145
USC00362942	FORDCITY	19950131	9999	9999	9999	NA	NA	NA	283.5	40.7131	-79.5145
USC00362942	FORDCITY	19960101	9999	44	11	NA	44	11	283.5	40.7131	-79.5145
USC00362942	FORDCITY	19960102	9999	0	-128	NA	0	-128	283.5	40.7131	-79.5145
USC00362942	FORDCITY	19960103	9999	0	-156	NA	0	-156	283.5	40.7131	-79.5145
USC00362942	FORDCITY	19960104	9999	-61	-133	NA	-61	-133	283.5	40.7131	-79.5145
USC00362942	FORDCITY	19960105	9999	-56	-172	NA	-56	-172	283.5	40.7131	-79.5145
USC00362942	FORDCITY	19960106	9999	-67	-111	NA	-67	-111	283.5	40.7131	-79.5145
USC00362942	FORDCITY	19960107	9999	-83	-122	NA	-83	-122	283.5	40.7131	-79.5145
USC00362942	FORDCITY	19960108	9999	-44	-111	NA	-44	-111	283.5	40.7131	-79.5145
USC00362942	FORDCITY	19960109	9999	-33	-67	NA	-33	-67	283.5	40.7131	-79.5145
USC00362942	FORDCITY	19960110	9999	-44	-117	NA	-44	-117	283.5	40.7131	-79.5145
USC00362942	FORDCITY	19960111	9999	-44	-178	NA	-44	-178	283.5	40.7131	-79.5145
USC00362942	FORDCITY	19960112	9999	-22	-61	NA	-22	-61	283.5	40.7131	-79.5145
USC00362942	FORDCITY	19960113	9999	0	-61	NA	0	-61	283.5	40.7131	-79.5145
USC00362942	FORDCITY	19960114	9999	117	-6	NA	117	-6	283.5	40.7131	-79.5145
USC00362942	FORDCITY	19960115	9999	11	-100	NA	11	-100	283.5	40.7131	-79.5145
USC00362942	FORDCITY	19960116	9999	94	-72	NA	94	-72	283.5	40.7131	-79.5145
USC00362942	FORDCITY	19960117	9999	144	0	NA	144	0	283.5	40.7131	-79.5145
USC00362942	FORDCITY	19960118	9999	167	33	NA	167	33	283.5	40.7131	-79.5145
USC00362942	FORDCITY	19960119	9999	33	-144	NA	33	-144	283.5	40.7131	-79.5145
USC00362942	FORDCITY	19960120	9999	-17	-150	NA	-17	-150	283.5	40.7131	-79.5145
USC00362942	FORDCITY	19960121	9999	44	-111	NA	44	-111	283.5	40.7131	-79.5145
USC00362942	FORDCITY	19960122	9999	100	-67	NA	100	-67	283.5	40.7131	-79.5145
USC00362942	FORDCITY	19960123	9999	89	11	NA	89	11	283.5	40.7131	-79.5145
USC00362942	FORDCITY	19960124	9999	100	-78	NA	100	-78	283.5	40.7131	-79.5145
USC00362942	FORDCITY	19960125	9999	-6	-78	NA	-6	-78	283.5	40.7131	-79.5145
USC00362942	FORDCITY	19960126	9999	111	-78	NA	111	-78	283.5	40.7131	-79.5145
USC00362942	FORDCITY	19960127	9999	122	-67	NA	122	-67	283.5	40.7131	-79.5145
USC00362942	FORDCITY	19960128	9999	-11	-67	NA	-11	-67	283.5	40.7131	-79.5145
USC00362942	FORDCITY	19960129	9999	67	-11	NA	67	-11	283.5	40.7131	-79.5145
USC00362942	FORDCITY	19960130	9999	11	-111	NA	11	-111	283.5	40.7131	-79.5145
USC00362942	FORDCITY	19960131	9999	-67	-178	NA	-67	-178	283.5	40.7131	-79.5145
USC00362942	FORDCITY	19970101	9999	78	-33	NA	78	-33	283.5	40.7131	-79.5145
USC00362942	FORDCITY	19970102	9999	106	-17	NA	106	-17	283.5	40.7131	-79.5145
USC00362942	FORDCITY	19970103	9999	144	89	NA	144	89	283.5	40.7131	-79.5145
USC00362942	FORDCITY	19970104	9999	161	100	NA	161	100	283.5	40.7131	-79.5145
USC00362942	FORDCITY	19970105	9999	217	106	NA	217	106	283.5	40.7131	-79.5145
USC00362942	FORDCITY	19970106	9999	167	33	NA	167	33	283.5	40.7131	-79.5145
USC00362942	FORDCITY	19970107	9999	6	-50	NA	6	-50	283.5	40.7131	-79.5145
USC00362942	FORDCITY	19970108	9999	-22	-67	NA	-22	-67	283.5	40.7131	-79.5145
USC00362942	FORDCITY	19970109	9999	11	-50	NA	11	-50	283.5	40.7131	-79.5145
USC00362942	FORDCITY	19970110	9999	-56	-133	NA	-56	-133	283.5	40.7131	-79.5145
USC00362942	FORDCITY	19970111	9999	-72	-122	NA	-72	-122	283.5	40.7131	-79.5145
USC00362942	FORDCITY	19970112	9999	-78	-178	NA	-78	-178	283.5	40.7131	-79.5145
USC00362942	FORDCITY	19970113	9999	-61	-150	NA	-61	-150	283.5	40.7131	-79.5145
USC00362942	FORDCITY	19970114	9999	-28	-167	NA	-28	-167	283.5	40.7131	-79.5145
USC00362942	FORDCITY	19970115	9999	78	-144	NA	78	-144	283.5	40.7131	-79.5145
USC00362942	FORDCITY	19970116	9999	11	-178	NA	11	-178	283.5	40.7131	-79.5145
USC00362942	FORDCITY	19970117	9999	-133	-161	NA	-133	-161	283.5	40.7131	-79.5145
USC00362942	FORDCITY	19970118	9999	-111	-139	NA	-111	-139	283.5	40.7131	-79.5145
USC00362942	FORDCITY	19970119	9999	-22	-178	NA	-22	-178	283.5	40.7131	-79.5145
USC00362942	FORDCITY	19970120	9999	-50	-111	NA	-50	-111	283.5	40.7131	-79.5145
USC00362942	FORDCITY	19970121	9999	83	-133	NA	83	-133	283.5	40.7131	-79.5145
USC00362942	FORDCITY	19970122	9999	111	17	NA	111	17	283.5	40.7131	-79.5145
USC00362942	FORDCITY	19970123	9999	22	-44	NA	22	-44	283.5	40.7131	-79.5145
USC00362942	FORDCITY	19970124	9999	100	11	NA	100	11	283.5	40.7131	-79.5145
USC00362942	FORDCITY	19970125	9999	50	-100	NA	50	-100	283.5	40.7131	-79.5145
USC00362942	FORDCITY	19970126	9999	-11	-89	NA	-11	-89	283.5	40.7131	-79.5145
USC00362942	FORDCITY	19970127	9999	61	-22	NA	61	-22	283.5	40.7131	-79.5145
USC00362942	FORDCITY	19970128	9999	11	-100	NA	11	-100	283.5	40.7131	-79.5145
USC00362942	FORDCITY	19970129	9999	-17	-100	NA	-17	-100	283.5	40.7131	-79.5145
USC00362942	FORDCITY	19970130	9999	61	-72	NA	61	-72	283.5	40.7131	-79.5145
USC00362942	FORDCITY	19970131	9999	89	0	NA	89	0	283.5	40.7131	-79.5145
USC00362942	FORDCITY	19980101	9999	39	-78	NA	39	-78	283.5	40.7131	-79.5145
USC00362942	FORDCITY	19980102	9999	117	-22	NA	117	-22	283.5	40.7131	-79.5145
USC00362942	FORDCITY	19980103	9999	144	67	NA	144	67	283.5	40.7131	-79.5145
USC00362942	FORDCITY	19980104	9999	144	-11	NA	144	-11	283.5	40.7131	-79.5145
USC00362942	FORDCITY	19980105	9999	200	-6	NA	200	-6	283.5	40.7131	-79.5145
USC00362942	FORDCITY	19980106	9999	156	78	NA	156	78	283.5	40.7131	-79.5145
USC00362942	FORDCITY	19980107	9999	161	89	NA	161	89	283.5	40.7131	-79.5145
USC00362942	FORDCITY	19980108	9999	189	89	NA	189	89	283.5	40.7131	-79.5145
USC00362942	FORDCITY	19980109	9999	100	28	NA	100	28	283.5	40.7131	-79.5145
USC00362942	FORDCITY	19980110	9999	67	-28	NA	67	-28	283.5	40.7131	-79.5145
USC00362942	FORDCITY	19980111	9999	72	-67	NA	72	-67	283.5	40.7131	-79.5145
USC00362942	FORDCITY	19980112	9999	106	-39	NA	106	-39	283.5	40.7131	-79.5145
USC00362942	FORDCITY	19980113	9999	56	-100	NA	56	-100	283.5	40.7131	-79.5145
USC00362942	FORDCITY	19980114	9999	17	-100	NA	17	-100	283.5	40.7131	-79.5145
USC00362942	FORDCITY	19980115	9999	56	17	NA	56	17	283.5	40.7131	-79.5145
USC00362942	FORDCITY	19980116	9999	33	0	NA	33	0	283.5	40.7131	-79.5145
USC00362942	FORDCITY	19980117	9999	33	-11	NA	33	-11	283.5	40.7131	-79.5145
USC00362942	FORDCITY	19980118	9999	11	-28	NA	11	-28	283.5	40.7131	-79.5145
USC00362942	FORDCITY	19980119	9999	33	-28	NA	33	-28	283.5	40.7131	-79.5145
USC00362942	FORDCITY	19980120	9999	11	-94	NA	11	-94	283.5	40.7131	-79.5145
USC00362942	FORDCITY	19980121	9999	-11	-83	NA	-11	-83	283.5	40.7131	-79.5145
USC00362942	FORDCITY	19980122	9999	44	-56	NA	44	-56	283.5	40.7131	-79.5145
USC00362942	FORDCITY	19980123	9999	61	0	NA	61	0	283.5	40.7131	-79.5145
USC00362942	FORDCITY	19980124	9999	11	-22	NA	11	-22	283.5	40.7131	-79.5145
USC00362942	FORDCITY	19980125	9999	11	-11	NA	11	-11	283.5	40.7131	-79.5145
USC00362942	FORDCITY	19980126	9999	78	-17	NA	78	-17	283.5	40.7131	-79.5145
USC00362942	FORDCITY	19980127	9999	67	11	NA	67	11	283.5	40.7131	-79.5145
USC00362942	FORDCITY	19980128	9999	78	-11	NA	78	-11	283.5	40.7131	-79.5145
USC00362942	FORDCITY	19980129	9999	122	11	NA	122	11	283.5	40.7131	-79.5145
USC00362942	FORDCITY	19980130	9999	28	-6	NA	28	-6	283.5	40.7131	-79.5145
USC00362942	FORDCITY	19980131	9999	28	-78	NA	28	-78	283.5	40.7131	-79.5145
USC00362942	FORDCITY	19990101	9999	-56	-144	NA	-56	-144	283.5	40.7131	-79.5145
USC00362942	FORDCITY	19990102	9999	17	-78	NA	17	-78	283.5	40.7131	-79.5145
USC00362942	FORDCITY	19990103	9999	28	-94	NA	28	-94	283.5	40.7131	-79.5145
USC00362942	FORDCITY	19990104	9999	-72	-161	NA	-72	-161	283.5	40.7131	-79.5145
USC00362942	FORDCITY	19990105	9999	-83	-194	NA	-83	-194	283.5	40.7131	-79.5145
USC00362942	FORDCITY	19990106	9999	6	-111	NA	6	-111	283.5	40.7131	-79.5145
USC00362942	FORDCITY	19990107	9999	-44	-167	NA	-44	-167	283.5	40.7131	-79.5145
USC00362942	FORDCITY	19990108	9999	-11	-22	NA	-11	-22	283.5	40.7131	-79.5145
USC00362942	FORDCITY	19990109	9999	-11	-156	NA	-11	-156	283.5	40.7131	-79.5145
USC00362942	FORDCITY	19990110	9999	-50	-133	NA	-50	-133	283.5	40.7131	-79.5145
USC00362942	FORDCITY	19990111	9999	44	-128	NA	44	-128	283.5	40.7131	-79.5145
USC00362942	FORDCITY	19990112	9999	78	22	NA	78	22	283.5	40.7131	-79.5145
USC00362942	FORDCITY	19990113	9999	72	-72	NA	72	-72	283.5	40.7131	-79.5145
USC00362942	FORDCITY	19990114	9999	17	-67	NA	17	-67	283.5	40.7131	-79.5145
USC00362942	FORDCITY	19990115	9999	-28	-89	NA	-28	-89	283.5	40.7131	-79.5145
USC00362942	FORDCITY	19990116	9999	78	-39	NA	78	-39	283.5	40.7131	-79.5145
USC00362942	FORDCITY	19990117	9999	139	-39	NA	139	-39	283.5	40.7131	-79.5145
USC00362942	FORDCITY	19990118	9999	89	11	NA	89	11	283.5	40.7131	-79.5145
USC00362942	FORDCITY	19990119	9999	83	6	NA	83	6	283.5	40.7131	-79.5145
USC00362942	FORDCITY	19990120	9999	89	-33	NA	89	-33	283.5	40.7131	-79.5145
USC00362942	FORDCITY	19990121	9999	61	-11	NA	61	-11	283.5	40.7131	-79.5145
USC00362942	FORDCITY	19990122	9999	150	61	NA	150	61	283.5	40.7131	-79.5145
USC00362942	FORDCITY	19990123	9999	200	67	NA	200	67	283.5	40.7131	-79.5145
USC00362942	FORDCITY	19990124	9999	78	6	NA	78	6	283.5	40.7131	-79.5145
USC00362942	FORDCITY	19990125	9999	33	-11	NA	33	-11	283.5	40.7131	-79.5145
USC00362942	FORDCITY	19990126	9999	83	-61	NA	83	-61	283.5	40.7131	-79.5145
USC00362942	FORDCITY	19990127	9999	172	-44	NA	172	-44	283.5	40.7131	-79.5145
USC00362942	FORDCITY	19990128	9999	128	11	NA	128	11	283.5	40.7131	-79.5145
USC00362942	FORDCITY	19990129	9999	50	-78	NA	50	-78	283.5	40.7131	-79.5145
USC00362942	FORDCITY	19990130	9999	67	-83	NA	67	-83	283.5	40.7131	-79.5145
USC00362942	FORDCITY	19990131	9999	72	-67	NA	72	-67	283.5	40.7131	-79.5145
USC00362942	FORDCITY	20000101	9999	139	6	NA	139	6	283.5	40.7131	-79.5145
USC00362942	FORDCITY	20000102	9999	183	17	NA	183	17	283.5	40.7131	-79.5145
USC00362942	FORDCITY	20000103	9999	167	106	NA	167	106	283.5	40.7131	-79.5145
USC00362942	FORDCITY	20000104	9999	172	-22	NA	172	-22	283.5	40.7131	-79.5145
USC00362942	FORDCITY	20000105	9999	6	-83	NA	6	-83	283.5	40.7131	-79.5145
USC00362942	FORDCITY	20000106	9999	72	-67	NA	72	-67	283.5	40.7131	-79.5145
USC00362942	FORDCITY	20000107	9999	50	-78	NA	50	-78	283.5	40.7131	-79.5145
USC00362942	FORDCITY	20000108	9999	50	-6	NA	50	-6	283.5	40.7131	-79.5145
USC00362942	FORDCITY	20000109	9999	100	-83	NA	100	-83	283.5	40.7131	-79.5145
USC00362942	FORDCITY	20000110	9999	122	61	NA	122	61	283.5	40.7131	-79.5145
USC00362942	FORDCITY	20000111	9999	83	-17	NA	83	-17	283.5	40.7131	-79.5145
USC00362942	FORDCITY	20000112	9999	61	-11	NA	61	-11	283.5	40.7131	-79.5145
USC00362942	FORDCITY	20000113	9999	6	-117	NA	6	-117	283.5	40.7131	-79.5145
USC00362942	FORDCITY	20000114	9999	-44	-106	NA	-44	-106	283.5	40.7131	-79.5145
USC00362942	FORDCITY	20000115	9999	78	-94	NA	78	-94	283.5	40.7131	-79.5145
USC00362942	FORDCITY	20000116	9999	78	-144	NA	78	-144	283.5	40.7131	-79.5145
USC00362942	FORDCITY	20000117	9999	-56	-139	NA	-56	-139	283.5	40.7131	-79.5145
USC00362942	FORDCITY	20000118	9999	-33	-106	NA	-33	-106	283.5	40.7131	-79.5145
USC00362942	FORDCITY	20000119	9999	0	-106	NA	0	-106	283.5	40.7131	-79.5145
USC00362942	FORDCITY	20000120	9999	0	-144	NA	0	-144	283.5	40.7131	-79.5145
USC00362942	FORDCITY	20000121	9999	0	-206	NA	0	-206	283.5	40.7131	-79.5145
USC00362942	FORDCITY	20000122	9999	-67	-100	NA	-67	-100	283.5	40.7131	-79.5145
USC00362942	FORDCITY	20000123	9999	-6	-78	NA	-6	-78	283.5	40.7131	-79.5145
USC00362942	FORDCITY	20000124	9999	0	-139	NA	0	-139	283.5	40.7131	-79.5145
USC00362942	FORDCITY	20000125	9999	0	-139	NA	0	-139	283.5	40.7131	-79.5145
USC00362942	FORDCITY	20000126	9999	-28	-161	NA	-28	-161	283.5	40.7131	-79.5145
USC00362942	FORDCITY	20000127	9999	-72	-156	NA	-72	-156	283.5	40.7131	-79.5145
USC00362942	FORDCITY	20000128	9999	-28	-167	NA	-28	-167	283.5	40.7131	-79.5145
USC00362942	FORDCITY	20000129	9999	22	-167	NA	22	-167	283.5	40.7131	-79.5145
USC00362942	FORDCITY	20000130	9999	28	-167	NA	28	-167	283.5	40.7131	-79.5145
USC00362942	FORDCITY	20000131	9999	-17	-67	NA	-17	-67	283.5	40.7131	-79.5145
USC00362942	FORDCITY	20010101	9999	-22	-94	NA	-22	-94	283.5	40.7131	-79.5145
USC00362942	FORDCITY	20010102	9999	-39	-133	NA	-39	-133	283.5	40.7131	-79.5145
USC00362942	FORDCITY	20010103	9999	-17	-144	NA	-17	-144	283.5	40.7131	-79.5145
USC00362942	FORDCITY	20010104	9999	-17	-144	NA	-17	-144	283.5	40.7131	-79.5145
USC00362942	FORDCITY	20010105	9999	6	-28	NA	6	-28	283.5	40.7131	-79.5145
USC00362942	FORDCITY	20010106	9999	6	-28	NA	6	-28	283.5	40.7131	-79.5145
USC00362942	FORDCITY	20010107	9999	44	-33	NA	44	-33	283.5	40.7131	-79.5145
USC00362942	FORDCITY	20010108	9999	44	-133	NA	44	-133	283.5	40.7131	-79.5145
USC00362942	FORDCITY	20010109	9999	-56	-122	NA	-56	-122	283.5	40.7131	-79.5145
USC00362942	FORDCITY	20010110	9999	28	-83	NA	28	-83	283.5	40.7131	-79.5145
USC00362942	FORDCITY	20010111	9999	72	-83	NA	72	-83	283.5	40.7131	-79.5145
USC00362942	FORDCITY	20010112	9999	67	-83	NA	67	-83	283.5	40.7131	-79.5145
USC00362942	FORDCITY	20010113	9999	78	-67	NA	78	-67	283.5	40.7131	-79.5145
USC00362942	FORDCITY	20010114	9999	50	6	NA	50	6	283.5	40.7131	-79.5145
USC00362942	FORDCITY	20010115	9999	72	11	NA	72	11	283.5	40.7131	-79.5145
USC00362942	FORDCITY	20010116	9999	17	-6	NA	17	-6	283.5	40.7131	-79.5145
USC00362942	FORDCITY	20010117	9999	6	-22	NA	6	-22	283.5	40.7131	-79.5145
USC00362942	FORDCITY	20010118	9999	28	-22	NA	28	-22	283.5	40.7131	-79.5145
USC00362942	FORDCITY	20010119	9999	17	-28	NA	17	-28	283.5	40.7131	-79.5145
USC00362942	FORDCITY	20010120	9999	-6	-106	NA	-6	-106	283.5	40.7131	-79.5145
USC00362942	FORDCITY	20010121	9999	-6	-106	NA	-6	-106	283.5	40.7131	-79.5145
USC00362942	FORDCITY	20010122	9999	-17	-189	NA	-17	-189	283.5	40.7131	-79.5145
USC00362942	FORDCITY	20010123	9999	44	-189	NA	44	-189	283.5	40.7131	-79.5145
USC00362942	FORDCITY	20010124	9999	44	-189	NA	44	-189	283.5	40.7131	-79.5145
USC00362942	FORDCITY	20010125	9999	33	-128	NA	33	-128	283.5	40.7131	-79.5145
USC00362942	FORDCITY	20010126	9999	11	-111	NA	11	-111	283.5	40.7131	-79.5145
USC00362942	FORDCITY	20010127	9999	-6	-111	NA	-6	-111	283.5	40.7131	-79.5145
USC00362942	FORDCITY	20010128	9999	-6	-111	NA	-6	-111	283.5	40.7131	-79.5145
USC00362942	FORDCITY	20010129	9999	-6	-117	NA	-6	-117	283.5	40.7131	-79.5145
USC00362942	FORDCITY	20010130	9999	28	-94	NA	28	-94	283.5	40.7131	-79.5145
USC00362942	FORDCITY	20010131	9999	111	11	NA	111	11	283.5	40.7131	-79.5145
USC00362942	FORDCITY	20020101	9999	-33	-122	NA	-33	-122	283.5	40.7131	-79.5145
USC00362942	FORDCITY	20020102	9999	-6	-144	NA	-6	-144	283.5	40.7131	-79.5145
USC00362942	FORDCITY	20020103	9999	11	-111	NA	11	-111	283.5	40.7131	-79.5145
USC00362942	FORDCITY	20020104	9999	6	-50	NA	6	-50	283.5	40.7131	-79.5145
USC00362942	FORDCITY	20020105	9999	33	-50	NA	33	-50	283.5	40.7131	-79.5145
USC00362942	FORDCITY	20020106	9999	6	-11	NA	6	-11	283.5	40.7131	-79.5145
USC00362942	FORDCITY	20020107	9999	-6	-67	NA	-6	-67	283.5	40.7131	-79.5145
USC00362942	FORDCITY	20020108	9999	6	-72	NA	6	-72	283.5	40.7131	-79.5145
USC00362942	FORDCITY	20020109	9999	61	-72	NA	61	-72	283.5	40.7131	-79.5145
USC00362942	FORDCITY	20020110	9999	89	11	NA	89	11	283.5	40.7131	-79.5145
USC00362942	FORDCITY	20020111	9999	28	-28	NA	28	-28	283.5	40.7131	-79.5145
USC00362942	FORDCITY	20020112	9999	67	-22	NA	67	-22	283.5	40.7131	-79.5145
USC00362942	FORDCITY	20020113	9999	39	-56	NA	39	-56	283.5	40.7131	-79.5145
USC00362942	FORDCITY	20020114	9999	94	-50	NA	94	-50	283.5	40.7131	-79.5145
USC00362942	FORDCITY	20020115	9999	33	0	NA	33	0	283.5	40.7131	-79.5145
USC00362942	FORDCITY	20020116	9999	39	-11	NA	39	-11	283.5	40.7131	-79.5145
USC00362942	FORDCITY	20020117	9999	39	-44	NA	39	-44	283.5	40.7131	-79.5145
USC00362942	FORDCITY	20020118	9999	6	-78	NA	6	-78	283.5	40.7131	-79.5145
USC00362942	FORDCITY	20020119	9999	-17	-128	NA	-17	-128	283.5	40.7131	-79.5145
USC00362942	FORDCITY	20020120	9999	11	-133	NA	11	-133	283.5	40.7131	-79.5145
USC00362942	FORDCITY	20020121	9999	39	-50	NA	39	-50	283.5	40.7131	-79.5145
USC00362942	FORDCITY	20020122	9999	100	-50	NA	100	-50	283.5	40.7131	-79.5145
USC00362942	FORDCITY	20020123	9999	100	-50	NA	100	-50	283.5	40.7131	-79.5145
USC00362942	FORDCITY	20020124	9999	106	-33	NA	106	-33	283.5	40.7131	-79.5145
USC00362942	FORDCITY	20020125	9999	72	-33	NA	72	-33	283.5	40.7131	-79.5145
USC00362942	FORDCITY	20020126	9999	117	-61	NA	117	-61	283.5	40.7131	-79.5145
USC00362942	FORDCITY	20020127	9999	161	-44	NA	161	-44	283.5	40.7131	-79.5145
USC00362942	FORDCITY	20020128	9999	172	-39	NA	172	-39	283.5	40.7131	-79.5145
USC00362942	FORDCITY	20020129	9999	183	100	NA	183	100	283.5	40.7131	-79.5145
USC00362942	FORDCITY	20020130	9999	106	50	NA	106	50	283.5	40.7131	-79.5145
USC00362942	FORDCITY	20020131	9999	222	50	NA	222	50	283.5	40.7131	-79.5145
USC00362942	FORDCITY	20030101	9999	61	-6	NA	61	-6	283.5	40.7131	-79.5145
USC00362942	FORDCITY	20030102	9999	33	-6	NA	33	-6	283.5	40.7131	-79.5145
USC00362942	FORDCITY	20030103	9999	22	-33	NA	22	-33	283.5	40.7131	-79.5145
USC00362942	FORDCITY	20030104	9999	-6	-33	NA	-6	-33	283.5	40.7131	-79.5145
USC00362942	FORDCITY	20030105	9999	-6	-33	NA	-6	-33	283.5	40.7131	-79.5145
USC00362942	FORDCITY	20030106	9999	-6	-89	NA	-6	-89	283.5	40.7131	-79.5145
USC00362942	FORDCITY	20030107	9999	22	-89	NA	22	-89	283.5	40.7131	-79.5145
USC00362942	FORDCITY	20030108	9999	72	22	NA	72	22	283.5	40.7131	-79.5145
USC00362942	FORDCITY	20030109	9999	100	-17	NA	100	-17	283.5	40.7131	-79.5145
USC00362942	FORDCITY	20030110	9999	-17	-83	NA	-17	-83	283.5	40.7131	-79.5145
USC00362942	FORDCITY	20030111	9999	-50	-100	NA	-50	-100	283.5	40.7131	-79.5145
USC00362942	FORDCITY	20030112	9999	-28	-94	NA	-28	-94	283.5	40.7131	-79.5145
USC00362942	FORDCITY	20030113	9999	-6	-128	NA	-6	-128	283.5	40.7131	-79.5145
USC00362942	FORDCITY	20030114	9999	-44	-106	NA	-44	-106	283.5	40.7131	-79.5145
USC00362942	FORDCITY	20030115	9999	-72	-156	NA	-72	-156	283.5	40.7131	-79.5145
USC00362942	FORDCITY	20030116	9999	-67	-156	NA	-67	-156	283.5	40.7131	-79.5145
USC00362942	FORDCITY	20030117	9999	-56	-211	NA	-56	-211	283.5	40.7131	-79.5145
USC00362942	FORDCITY	20030118	9999	-61	-206	NA	-61	-206	283.5	40.7131	-79.5145
USC00362942	FORDCITY	20030119	9999	-39	-89	NA	-39	-89	283.5	40.7131	-79.5145
USC00362942	FORDCITY	20030120	9999	-56	-111	NA	-56	-111	283.5	40.7131	-79.5145
USC00362942	FORDCITY	20030121	9999	-61	-128	NA	-61	-128	283.5	40.7131	-79.5145
USC00362942	FORDCITY	20030122	9999	-94	-239	NA	-94	-239	283.5	40.7131	-79.5145
USC00362942	FORDCITY	20030123	9999	-100	-233	NA	-100	-233	283.5	40.7131	-79.5145
USC00362942	FORDCITY	20030124	9999	-56	-106	NA	-56	-106	283.5	40.7131	-79.5145
USC00362942	FORDCITY	20030125	9999	-39	-89	NA	-39	-89	283.5	40.7131	-79.5145
USC00362942	FORDCITY	20030126	9999	-33	-250	NA	-33	-250	283.5	40.7131	-79.5145
USC00362942	FORDCITY	20030127	9999	-94	-256	NA	-94	-256	283.5	40.7131	-79.5145
USC00362942	FORDCITY	20030128	9999	-6	-100	NA	-6	-100	283.5	40.7131	-79.5145
USC00362942	FORDCITY	20030129	9999	6	-89	NA	6	-89	283.5	40.7131	-79.5145
USC00362942	FORDCITY	20030130	9999	33	-106	NA	33	-106	283.5	40.7131	-79.5145
USC00362942	FORDCITY	20030131	9999	33	-83	NA	33	-83	283.5	40.7131	-79.5145
USC00362942	FORDCITY	20040101	9999	78	-39	NA	78	-39	283.5	40.7131	-79.5145
USC00362942	FORDCITY	20040102	9999	144	61	NA	144	61	283.5	40.7131	-79.5145
USC00362942	FORDCITY	20040103	9999	156	50	NA	156	50	283.5	40.7131	-79.5145
USC00362942	FORDCITY	20040104	9999	94	28	NA	94	28	283.5	40.7131	-79.5145
USC00362942	FORDCITY	20040105	9999	89	-33	NA	89	-33	283.5	40.7131	-79.5145
USC00362942	FORDCITY	20040106	9999	-33	-111	NA	-33	-111	283.5	40.7131	-79.5145
USC00362942	FORDCITY	20040107	9999	-61	-106	NA	-61	-106	283.5	40.7131	-79.5145
USC00362942	FORDCITY	20040108	9999	-33	-83	NA	-33	-83	283.5	40.7131	-79.5145
USC00362942	FORDCITY	20040109	9999	-39	-183	NA	-39	-183	283.5	40.7131	-79.5145
USC00362942	FORDCITY	20040110	9999	-94	-172	NA	-94	-172	283.5	40.7131	-79.5145
USC00362942	FORDCITY	20040111	9999	33	-100	NA	33	-100	283.5	40.7131	-79.5145
USC00362942	FORDCITY	20040112	9999	33	6	NA	33	6	283.5	40.7131	-79.5145
USC00362942	FORDCITY	20040113	9999	17	-122	NA	17	-122	283.5	40.7131	-79.5145
USC00362942	FORDCITY	20040114	9999	17	-122	NA	17	-122	283.5	40.7131	-79.5145
USC00362942	FORDCITY	20040115	9999	-67	-206	NA	-67	-206	283.5	40.7131	-79.5145
USC00362942	FORDCITY	20040116	9999	9999	9999	NA	NA	NA	283.5	40.7131	-79.5145
USC00362942	FORDCITY	20040117	9999	17	-150	NA	17	-150	283.5	40.7131	-79.5145
USC00362942	FORDCITY	20040118	9999	11	-94	NA	11	-94	283.5	40.7131	-79.5145
USC00362942	FORDCITY	20040119	9999	-67	-106	NA	-67	-106	283.5	40.7131	-79.5145
USC00362942	FORDCITY	20040120	9999	-67	-183	NA	-67	-183	283.5	40.7131	-79.5145
USC00362942	FORDCITY	20040121	9999	0	-183	NA	0	-183	283.5	40.7131	-79.5145
USC00362942	FORDCITY	20040122	9999	0	-161	NA	0	-161	283.5	40.7131	-79.5145
USC00362942	FORDCITY	20040123	9999	-100	-161	NA	-100	-161	283.5	40.7131	-79.5145
USC00362942	FORDCITY	20040124	9999	-72	-244	NA	-72	-244	283.5	40.7131	-79.5145
USC00362942	FORDCITY	20040125	9999	-78	-111	NA	-78	-111	283.5	40.7131	-79.5145
USC00362942	FORDCITY	20040126	9999	-17	-83	NA	-17	-83	283.5	40.7131	-79.5145
USC00362942	FORDCITY	20040127	9999	6	-89	NA	6	-89	283.5	40.7131	-79.5145
USC00362942	FORDCITY	20040128	9999	6	-94	NA	6	-94	283.5	40.7131	-79.5145
USC00362942	FORDCITY	20040129	9999	-72	-117	NA	-72	-117	283.5	40.7131	-79.5145
USC00362942	FORDCITY	20040130	9999	-94	-167	NA	-94	-167	283.5	40.7131	-79.5145
USC00362942	FORDCITY	20040131	9999	-89	-206	NA	-89	-206	283.5	40.7131	-79.5145
USC00362942	FORDCITY	20050101	9999	117	-6	NA	117	-6	283.5	40.7131	-79.5145
USC00362942	FORDCITY	20050102	9999	161	39	NA	161	39	283.5	40.7131	-79.5145
USC00362942	FORDCITY	20050103	9999	133	67	NA	133	67	283.5	40.7131	-79.5145
USC00362942	FORDCITY	20050104	9999	133	22	NA	133	22	283.5	40.7131	-79.5145
USC00362942	FORDCITY	20050105	9999	39	11	NA	39	11	283.5	40.7131	-79.5145
USC00362942	FORDCITY	20050106	9999	22	-17	NA	22	-17	283.5	40.7131	-79.5145
USC00362942	FORDCITY	20050107	9999	44	-17	NA	44	-17	283.5	40.7131	-79.5145
USC00362942	FORDCITY	20050108	9999	78	-17	NA	78	-17	283.5	40.7131	-79.5145
USC00362942	FORDCITY	20050109	9999	78	-22	NA	78	-22	283.5	40.7131	-79.5145
USC00362942	FORDCITY	20050110	9999	78	-33	NA	78	-33	283.5	40.7131	-79.5145
USC00362942	FORDCITY	20050111	9999	128	9999	NA	128	NA	283.5	40.7131	-79.5145
USC00362942	FORDCITY	20050112	9999	122	-33	NA	122	-33	283.5	40.7131	-79.5145
USC00362942	FORDCITY	20050113	9999	167	9999	NA	167	NA	283.5	40.7131	-79.5145
USC00362942	FORDCITY	20050114	9999	217	6	NA	217	6	283.5	40.7131	-79.5145
USC00362942	FORDCITY	20050115	9999	11	-94	NA	11	-94	283.5	40.7131	-79.5145
USC00362942	FORDCITY	20050116	9999	-6	-94	NA	-6	-94	283.5	40.7131	-79.5145
USC00362942	FORDCITY	20050117	9999	-6	-133	NA	-6	-133	283.5	40.7131	-79.5145
USC00362942	FORDCITY	20050118	9999	33	-167	NA	33	-167	283.5	40.7131	-79.5145
USC00362942	FORDCITY	20050119	9999	-78	-172	NA	-78	-172	283.5	40.7131	-79.5145
USC00362942	FORDCITY	20050120	9999	-17	-172	NA	-17	-172	283.5	40.7131	-79.5145
USC00362942	FORDCITY	20050121	9999	-17	-172	NA	-17	-172	283.5	40.7131	-79.5145
USC00362942	FORDCITY	20050122	9999	-72	-172	NA	-72	-172	283.5	40.7131	-79.5145
USC00362942	FORDCITY	20050123	9999	-33	-156	NA	-33	-156	283.5	40.7131	-79.5145
USC00362942	FORDCITY	20050124	9999	-39	-194	NA	-39	-194	283.5	40.7131	-79.5145
USC00362942	FORDCITY	20050125	9999	-39	-139	NA	-39	-139	283.5	40.7131	-79.5145
USC00362942	FORDCITY	20050126	9999	39	-139	NA	39	-139	283.5	40.7131	-79.5145
USC00362942	FORDCITY	20050127	9999	39	-178	NA	39	-178	283.5	40.7131	-79.5145
USC00362942	FORDCITY	20050128	9999	-67	-206	NA	-67	-206	283.5	40.7131	-79.5145
USC00362942	FORDCITY	20050129	9999	-22	-211	NA	-22	-211	283.5	40.7131	-79.5145
USC00362942	FORDCITY	20050130	9999	28	-144	NA	28	-144	283.5	40.7131	-79.5145
USC00362942	FORDCITY	20050131	9999	44	-211	NA	44	-211	283.5	40.7131	-79.5145
