STATION	NAME	DATE	SNWD	TMAX	TMIN	SNWD2	TMAX2	TMIN2	ELEV	LAT	LONG
USC00363028	FRANKLIN	19950101	0	50	-44	0	50	-44	309.4	41.4004	-79.8305
USC00363028	FRANKLIN	19950102	25	67	-72	25	67	-72	309.4	41.4004	-79.8305
USC00363028	FRANKLIN	19950103	0	-50	-106	0	-50	-106	309.4	41.4004	-79.8305
USC00363028	FRANKLIN	19950104	25	-22	-122	25	-22	-122	309.4	41.4004	-79.8305
USC00363028	FRANKLIN	19950105	51	-67	-161	51	-67	-161	309.4	41.4004	-79.8305
USC00363028	FRANKLIN	19950106	25	-72	-161	25	-72	-161	309.4	41.4004	-79.8305
USC00363028	FRANKLIN	19950107	25	11	-106	25	11	-106	309.4	41.4004	-79.8305
USC00363028	FRANKLIN	19950108	25	0	-61	25	0	-61	309.4	41.4004	-79.8305
USC00363028	FRANKLIN	19950109	25	-11	-67	25	-11	-67	309.4	41.4004	-79.8305
USC00363028	FRANKLIN	19950110	25	-33	-122	25	-33	-122	309.4	41.4004	-79.8305
USC00363028	FRANKLIN	19950111	25	-22	-94	25	-22	-94	309.4	41.4004	-79.8305
USC00363028	FRANKLIN	19950112	0	28	-28	0	28	-28	309.4	41.4004	-79.8305
USC00363028	FRANKLIN	19950113	0	94	17	0	94	17	309.4	41.4004	-79.8305
USC00363028	FRANKLIN	19950114	0	178	-6	0	178	-6	309.4	41.4004	-79.8305
USC00363028	FRANKLIN	19950115	0	183	22	0	183	22	309.4	41.4004	-79.8305
USC00363028	FRANKLIN	19950116	0	144	17	0	144	17	309.4	41.4004	-79.8305
USC00363028	FRANKLIN	19950117	0	33	0	0	33	0	309.4	41.4004	-79.8305
USC00363028	FRANKLIN	19950118	0	44	6	0	44	6	309.4	41.4004	-79.8305
USC00363028	FRANKLIN	19950119	0	122	17	0	122	17	309.4	41.4004	-79.8305
USC00363028	FRANKLIN	19950120	0	117	22	0	117	22	309.4	41.4004	-79.8305
USC00363028	FRANKLIN	19950121	0	72	0	0	72	0	309.4	41.4004	-79.8305
USC00363028	FRANKLIN	19950122	51	11	-61	51	11	-61	309.4	41.4004	-79.8305
USC00363028	FRANKLIN	19950123	51	-22	-78	51	-22	-78	309.4	41.4004	-79.8305
USC00363028	FRANKLIN	19950124	25	-33	-72	25	-33	-72	309.4	41.4004	-79.8305
USC00363028	FRANKLIN	19950125	25	6	-50	25	6	-50	309.4	41.4004	-79.8305
USC00363028	FRANKLIN	19950126	25	0	-78	25	0	-78	309.4	41.4004	-79.8305
USC00363028	FRANKLIN	19950127	0	0	-72	0	0	-72	309.4	41.4004	-79.8305
USC00363028	FRANKLIN	19950128	0	0	-128	0	0	-128	309.4	41.4004	-79.8305
USC00363028	FRANKLIN	19950129	0	28	-122	0	28	-122	309.4	41.4004	-79.8305
USC00363028	FRANKLIN	19950130	0	22	-122	0	22	-122	309.4	41.4004	-79.8305
USC00363028	FRANKLIN	19950131	9999	9999	9999	NA	NA	NA	309.4	41.4004	-79.8305
USC00363028	FRANKLIN	19960101	178	28	-50	178	28	-50	309.4	41.4004	-79.8305
USC00363028	FRANKLIN	19960102	127	39	0	127	39	0	309.4	41.4004	-79.8305
USC00363028	FRANKLIN	19960103	254	17	-67	254	17	-67	309.4	41.4004	-79.8305
USC00363028	FRANKLIN	19960104	254	-56	-206	254	-56	-206	309.4	41.4004	-79.8305
USC00363028	FRANKLIN	19960105	229	-56	-200	229	-56	-200	309.4	41.4004	-79.8305
USC00363028	FRANKLIN	19960106	229	-61	-200	229	-61	-200	309.4	41.4004	-79.8305
USC00363028	FRANKLIN	19960107	229	-67	-200	229	-67	-200	309.4	41.4004	-79.8305
USC00363028	FRANKLIN	19960108	305	-78	-122	305	-78	-122	309.4	41.4004	-79.8305
USC00363028	FRANKLIN	19960109	279	-50	-117	279	-50	-117	309.4	41.4004	-79.8305
USC00363028	FRANKLIN	19960110	356	-39	-100	356	-39	-100	309.4	41.4004	-79.8305
USC00363028	FRANKLIN	19960111	330	-72	-161	330	-72	-161	309.4	41.4004	-79.8305
USC00363028	FRANKLIN	19960112	330	-61	-156	330	-61	-156	309.4	41.4004	-79.8305
USC00363028	FRANKLIN	19960113	305	-17	-78	305	-17	-78	309.4	41.4004	-79.8305
USC00363028	FRANKLIN	19960114	279	6	-67	279	6	-67	309.4	41.4004	-79.8305
USC00363028	FRANKLIN	19960115	229	72	-39	229	72	-39	309.4	41.4004	-79.8305
USC00363028	FRANKLIN	19960116	229	-22	-117	229	-22	-117	309.4	41.4004	-79.8305
USC00363028	FRANKLIN	19960117	203	72	-78	203	72	-78	309.4	41.4004	-79.8305
USC00363028	FRANKLIN	19960118	152	111	-11	152	111	-11	309.4	41.4004	-79.8305
USC00363028	FRANKLIN	19960119	0	144	-6	0	144	-6	309.4	41.4004	-79.8305
USC00363028	FRANKLIN	19960120	0	89	-122	0	89	-122	309.4	41.4004	-79.8305
USC00363028	FRANKLIN	19960121	0	-39	-117	0	-39	-117	309.4	41.4004	-79.8305
USC00363028	FRANKLIN	19960122	0	28	-72	0	28	-72	309.4	41.4004	-79.8305
USC00363028	FRANKLIN	19960123	0	61	-67	0	61	-67	309.4	41.4004	-79.8305
USC00363028	FRANKLIN	19960124	0	67	22	0	67	22	309.4	41.4004	-79.8305
USC00363028	FRANKLIN	19960125	25	78	-94	25	78	-94	309.4	41.4004	-79.8305
USC00363028	FRANKLIN	19960126	25	-22	-83	25	-22	-83	309.4	41.4004	-79.8305
USC00363028	FRANKLIN	19960127	9999	89	-50	NA	89	-50	309.4	41.4004	-79.8305
USC00363028	FRANKLIN	19960128	76	89	-72	76	89	-72	309.4	41.4004	-79.8305
USC00363028	FRANKLIN	19960129	25	-17	-83	25	-17	-83	309.4	41.4004	-79.8305
USC00363028	FRANKLIN	19960130	0	44	-56	0	44	-56	309.4	41.4004	-79.8305
USC00363028	FRANKLIN	19960131	25	-22	-122	25	-22	-122	309.4	41.4004	-79.8305
USC00363028	FRANKLIN	19970101	0	33	-67	0	33	-67	309.4	41.4004	-79.8305
USC00363028	FRANKLIN	19970102	0	67	-50	0	67	-50	309.4	41.4004	-79.8305
USC00363028	FRANKLIN	19970103	0	122	56	0	122	56	309.4	41.4004	-79.8305
USC00363028	FRANKLIN	19970104	0	144	67	0	144	67	309.4	41.4004	-79.8305
USC00363028	FRANKLIN	19970105	0	178	67	0	178	67	309.4	41.4004	-79.8305
USC00363028	FRANKLIN	19970106	0	133	-11	0	133	-11	309.4	41.4004	-79.8305
USC00363028	FRANKLIN	19970107	0	0	-72	0	0	-72	309.4	41.4004	-79.8305
USC00363028	FRANKLIN	19970108	25	-33	-72	25	-33	-72	309.4	41.4004	-79.8305
USC00363028	FRANKLIN	19970109	0	-11	-83	0	-11	-83	309.4	41.4004	-79.8305
USC00363028	FRANKLIN	19970110	76	22	-50	76	22	-50	309.4	41.4004	-79.8305
USC00363028	FRANKLIN	19970111	102	-6	-150	102	-6	-150	309.4	41.4004	-79.8305
USC00363028	FRANKLIN	19970112	76	-94	-156	76	-94	-156	309.4	41.4004	-79.8305
USC00363028	FRANKLIN	19970113	76	-94	-150	76	-94	-150	309.4	41.4004	-79.8305
USC00363028	FRANKLIN	19970114	51	-83	-150	51	-83	-150	309.4	41.4004	-79.8305
USC00363028	FRANKLIN	19970115	25	-56	-150	25	-56	-150	309.4	41.4004	-79.8305
USC00363028	FRANKLIN	19970116	25	56	-144	25	56	-144	309.4	41.4004	-79.8305
USC00363028	FRANKLIN	19970117	152	6	-189	152	6	-189	309.4	41.4004	-79.8305
USC00363028	FRANKLIN	19970118	127	-128	-189	127	-128	-189	309.4	41.4004	-79.8305
USC00363028	FRANKLIN	19970119	102	-111	-233	102	-111	-233	309.4	41.4004	-79.8305
USC00363028	FRANKLIN	19970120	76	-39	-228	76	-39	-228	309.4	41.4004	-79.8305
USC00363028	FRANKLIN	19970121	76	6	-122	76	6	-122	309.4	41.4004	-79.8305
USC00363028	FRANKLIN	19970122	51	39	-117	51	39	-117	309.4	41.4004	-79.8305
USC00363028	FRANKLIN	19970123	25	94	6	25	94	6	309.4	41.4004	-79.8305
USC00363028	FRANKLIN	19970124	0	17	-56	0	17	-56	309.4	41.4004	-79.8305
USC00363028	FRANKLIN	19970125	51	61	-28	51	61	-28	309.4	41.4004	-79.8305
USC00363028	FRANKLIN	19970126	25	39	-89	25	39	-89	309.4	41.4004	-79.8305
USC00363028	FRANKLIN	19970127	0	-39	-89	0	-39	-89	309.4	41.4004	-79.8305
USC00363028	FRANKLIN	19970128	102	22	-44	102	22	-44	309.4	41.4004	-79.8305
USC00363028	FRANKLIN	19970129	76	-22	-133	76	-22	-133	309.4	41.4004	-79.8305
USC00363028	FRANKLIN	19970130	76	-56	-133	76	-56	-133	309.4	41.4004	-79.8305
USC00363028	FRANKLIN	19970131	51	17	-89	51	17	-89	309.4	41.4004	-79.8305
USC00363028	FRANKLIN	19980101	127	-50	-133	127	-50	-133	309.4	41.4004	-79.8305
USC00363028	FRANKLIN	19980102	76	11	-100	76	11	-100	309.4	41.4004	-79.8305
USC00363028	FRANKLIN	19980103	0	83	0	0	83	0	309.4	41.4004	-79.8305
USC00363028	FRANKLIN	19980104	0	111	67	0	111	67	309.4	41.4004	-79.8305
USC00363028	FRANKLIN	19980105	0	117	22	0	117	22	309.4	41.4004	-79.8305
USC00363028	FRANKLIN	19980106	0	161	17	0	161	17	309.4	41.4004	-79.8305
USC00363028	FRANKLIN	19980107	0	144	78	0	144	78	309.4	41.4004	-79.8305
USC00363028	FRANKLIN	19980108	0	161	78	0	161	78	309.4	41.4004	-79.8305
USC00363028	FRANKLIN	19980109	0	111	61	0	111	61	309.4	41.4004	-79.8305
USC00363028	FRANKLIN	19980110	0	89	11	0	89	11	309.4	41.4004	-79.8305
USC00363028	FRANKLIN	19980111	0	56	-44	0	56	-44	309.4	41.4004	-79.8305
USC00363028	FRANKLIN	19980112	0	17	-72	0	17	-72	309.4	41.4004	-79.8305
USC00363028	FRANKLIN	19980113	25	72	-67	25	72	-67	309.4	41.4004	-79.8305
USC00363028	FRANKLIN	19980114	25	17	-106	25	17	-106	309.4	41.4004	-79.8305
USC00363028	FRANKLIN	19980115	0	6	-100	0	6	-100	309.4	41.4004	-79.8305
USC00363028	FRANKLIN	19980116	0	17	-11	0	17	-11	309.4	41.4004	-79.8305
USC00363028	FRANKLIN	19980117	0	6	-11	0	6	-11	309.4	41.4004	-79.8305
USC00363028	FRANKLIN	19980118	25	11	-17	25	11	-17	309.4	41.4004	-79.8305
USC00363028	FRANKLIN	19980119	51	6	-56	51	6	-56	309.4	41.4004	-79.8305
USC00363028	FRANKLIN	19980120	51	17	-50	51	17	-50	309.4	41.4004	-79.8305
USC00363028	FRANKLIN	19980121	25	6	-89	25	6	-89	309.4	41.4004	-79.8305
USC00363028	FRANKLIN	19980122	25	-11	-83	25	-11	-83	309.4	41.4004	-79.8305
USC00363028	FRANKLIN	19980123	0	17	-22	0	17	-22	309.4	41.4004	-79.8305
USC00363028	FRANKLIN	19980124	0	33	-6	0	33	-6	309.4	41.4004	-79.8305
USC00363028	FRANKLIN	19980125	0	6	-33	0	6	-33	309.4	41.4004	-79.8305
USC00363028	FRANKLIN	19980126	0	6	-33	0	6	-33	309.4	41.4004	-79.8305
USC00363028	FRANKLIN	19980127	0	44	-22	0	44	-22	309.4	41.4004	-79.8305
USC00363028	FRANKLIN	19980128	0	50	-6	0	50	-6	309.4	41.4004	-79.8305
USC00363028	FRANKLIN	19980129	0	83	-28	0	83	-28	309.4	41.4004	-79.8305
USC00363028	FRANKLIN	19980130	0	78	-22	0	78	-22	309.4	41.4004	-79.8305
USC00363028	FRANKLIN	19980131	0	28	-17	0	28	-17	309.4	41.4004	-79.8305
USC00363028	FRANKLIN	19990101	25	-50	-117	25	-50	-117	309.4	41.4004	-79.8305
USC00363028	FRANKLIN	19990102	25	-56	-178	25	-56	-178	309.4	41.4004	-79.8305
USC00363028	FRANKLIN	19990103	76	6	-122	76	6	-122	309.4	41.4004	-79.8305
USC00363028	FRANKLIN	19990104	102	17	-122	102	17	-122	309.4	41.4004	-79.8305
USC00363028	FRANKLIN	19990105	76	-72	-156	76	-72	-156	309.4	41.4004	-79.8305
USC00363028	FRANKLIN	19990106	51	-106	-178	51	-106	-178	309.4	41.4004	-79.8305
USC00363028	FRANKLIN	19990107	178	-17	-144	178	-17	-144	309.4	41.4004	-79.8305
USC00363028	FRANKLIN	19990108	152	-56	-194	152	-56	-194	309.4	41.4004	-79.8305
USC00363028	FRANKLIN	19990109	254	6	-144	254	6	-144	309.4	41.4004	-79.8305
USC00363028	FRANKLIN	19990110	305	6	-139	305	6	-139	309.4	41.4004	-79.8305
USC00363028	FRANKLIN	19990111	305	-72	-156	305	-72	-156	309.4	41.4004	-79.8305
USC00363028	FRANKLIN	19990112	330	22	-161	330	22	-161	309.4	41.4004	-79.8305
USC00363028	FRANKLIN	19990113	254	33	-17	254	33	-17	309.4	41.4004	-79.8305
USC00363028	FRANKLIN	19990114	406	-11	-122	406	-11	-122	309.4	41.4004	-79.8305
USC00363028	FRANKLIN	19990115	432	0	-111	432	0	-111	309.4	41.4004	-79.8305
USC00363028	FRANKLIN	19990116	457	-28	-83	457	-28	-83	309.4	41.4004	-79.8305
USC00363028	FRANKLIN	19990117	330	44	-56	330	44	-56	309.4	41.4004	-79.8305
USC00363028	FRANKLIN	19990118	305	83	-50	305	83	-50	309.4	41.4004	-79.8305
USC00363028	FRANKLIN	19990119	305	50	0	305	50	0	309.4	41.4004	-79.8305
USC00363028	FRANKLIN	19990120	305	44	-22	305	44	-22	309.4	41.4004	-79.8305
USC00363028	FRANKLIN	19990121	305	67	-56	305	67	-56	309.4	41.4004	-79.8305
USC00363028	FRANKLIN	19990122	254	39	-39	254	39	-39	309.4	41.4004	-79.8305
USC00363028	FRANKLIN	19990123	152	111	28	152	111	28	309.4	41.4004	-79.8305
USC00363028	FRANKLIN	19990124	127	128	17	127	128	17	309.4	41.4004	-79.8305
USC00363028	FRANKLIN	19990125	127	44	-11	127	44	-11	309.4	41.4004	-79.8305
USC00363028	FRANKLIN	19990126	127	28	-17	127	28	-17	309.4	41.4004	-79.8305
USC00363028	FRANKLIN	19990127	102	33	-67	102	33	-67	309.4	41.4004	-79.8305
USC00363028	FRANKLIN	19990128	76	94	-67	76	94	-67	309.4	41.4004	-79.8305
USC00363028	FRANKLIN	19990129	51	50	-22	51	50	-22	309.4	41.4004	-79.8305
USC00363028	FRANKLIN	19990130	51	11	-83	51	11	-83	309.4	41.4004	-79.8305
USC00363028	FRANKLIN	19990131	51	33	-89	51	33	-89	309.4	41.4004	-79.8305
USC00363028	FRANKLIN	20000101	0	44	-78	0	44	-78	309.4	41.4004	-79.8305
USC00363028	FRANKLIN	20000102	0	122	-72	0	122	-72	309.4	41.4004	-79.8305
USC00363028	FRANKLIN	20000103	0	172	11	0	172	11	309.4	41.4004	-79.8305
USC00363028	FRANKLIN	20000104	0	133	44	0	133	44	309.4	41.4004	-79.8305
USC00363028	FRANKLIN	20000105	0	139	-33	0	139	-33	309.4	41.4004	-79.8305
USC00363028	FRANKLIN	20000106	0	-6	-78	0	-6	-78	309.4	41.4004	-79.8305
USC00363028	FRANKLIN	20000107	0	50	-33	0	50	-33	309.4	41.4004	-79.8305
USC00363028	FRANKLIN	20000108	0	33	-67	0	33	-67	309.4	41.4004	-79.8305
USC00363028	FRANKLIN	20000109	0	44	-11	0	44	-11	309.4	41.4004	-79.8305
USC00363028	FRANKLIN	20000110	0	89	22	0	89	22	309.4	41.4004	-79.8305
USC00363028	FRANKLIN	20000111	0	106	33	0	106	33	309.4	41.4004	-79.8305
USC00363028	FRANKLIN	20000112	0	72	-67	0	72	-67	309.4	41.4004	-79.8305
USC00363028	FRANKLIN	20000113	0	39	-22	0	39	-22	309.4	41.4004	-79.8305
USC00363028	FRANKLIN	20000114	25	6	-122	25	6	-122	309.4	41.4004	-79.8305
USC00363028	FRANKLIN	20000115	76	-33	-106	76	-33	-106	309.4	41.4004	-79.8305
USC00363028	FRANKLIN	20000116	25	50	-94	25	50	-94	309.4	41.4004	-79.8305
USC00363028	FRANKLIN	20000117	0	50	-156	0	50	-156	309.4	41.4004	-79.8305
USC00363028	FRANKLIN	20000118	0	-83	-161	0	-83	-161	309.4	41.4004	-79.8305
USC00363028	FRANKLIN	20000119	25	-33	-128	25	-33	-128	309.4	41.4004	-79.8305
USC00363028	FRANKLIN	20000120	127	-11	-61	127	-11	-61	309.4	41.4004	-79.8305
USC00363028	FRANKLIN	20000121	152	-17	-156	152	-17	-156	309.4	41.4004	-79.8305
USC00363028	FRANKLIN	20000122	254	-78	-183	254	-78	-183	309.4	41.4004	-79.8305
USC00363028	FRANKLIN	20000123	229	-61	-172	229	-61	-172	309.4	41.4004	-79.8305
USC00363028	FRANKLIN	20000124	152	-6	-100	152	-6	-100	309.4	41.4004	-79.8305
USC00363028	FRANKLIN	20000125	127	-28	-156	127	-28	-156	309.4	41.4004	-79.8305
USC00363028	FRANKLIN	20000126	127	-44	-128	127	-44	-128	309.4	41.4004	-79.8305
USC00363028	FRANKLIN	20000127	102	-33	-161	102	-33	-161	309.4	41.4004	-79.8305
USC00363028	FRANKLIN	20000128	76	-72	-161	76	-72	-161	309.4	41.4004	-79.8305
USC00363028	FRANKLIN	20000129	76	-28	-161	76	-28	-161	309.4	41.4004	-79.8305
USC00363028	FRANKLIN	20000130	51	6	-144	51	6	-144	309.4	41.4004	-79.8305
USC00363028	FRANKLIN	20000131	102	17	-72	102	17	-72	309.4	41.4004	-79.8305
USC00363028	FRANKLIN	20010101	127	-33	-89	127	-33	-89	309.4	41.4004	-79.8305
USC00363028	FRANKLIN	20010102	127	-11	-128	127	-11	-128	309.4	41.4004	-79.8305
USC00363028	FRANKLIN	20010103	102	-22	-122	102	-22	-122	309.4	41.4004	-79.8305
USC00363028	FRANKLIN	20010104	127	-28	-89	127	-28	-89	309.4	41.4004	-79.8305
USC00363028	FRANKLIN	20010105	127	-6	-61	127	-6	-61	309.4	41.4004	-79.8305
USC00363028	FRANKLIN	20010106	229	11	-61	229	11	-61	309.4	41.4004	-79.8305
USC00363028	FRANKLIN	20010107	203	6	-39	203	6	-39	309.4	41.4004	-79.8305
USC00363028	FRANKLIN	20010108	152	50	-11	152	50	-11	309.4	41.4004	-79.8305
USC00363028	FRANKLIN	20010109	152	6	-128	152	6	-128	309.4	41.4004	-79.8305
USC00363028	FRANKLIN	20010110	152	-50	-122	152	-50	-122	309.4	41.4004	-79.8305
USC00363028	FRANKLIN	20010111	102	22	-83	102	22	-83	309.4	41.4004	-79.8305
USC00363028	FRANKLIN	20010112	76	50	-94	76	50	-94	309.4	41.4004	-79.8305
USC00363028	FRANKLIN	20010113	76	56	-94	76	56	-94	309.4	41.4004	-79.8305
USC00363028	FRANKLIN	20010114	76	67	-67	76	67	-67	309.4	41.4004	-79.8305
USC00363028	FRANKLIN	20010115	76	39	-56	76	39	-56	309.4	41.4004	-79.8305
USC00363028	FRANKLIN	20010116	76	56	-6	76	56	-6	309.4	41.4004	-79.8305
USC00363028	FRANKLIN	20010117	51	17	-11	51	17	-11	309.4	41.4004	-79.8305
USC00363028	FRANKLIN	20010118	25	11	-22	25	11	-22	309.4	41.4004	-79.8305
USC00363028	FRANKLIN	20010119	25	44	-28	25	44	-28	309.4	41.4004	-79.8305
USC00363028	FRANKLIN	20010120	25	22	-61	25	22	-61	309.4	41.4004	-79.8305
USC00363028	FRANKLIN	20010121	25	-11	-106	25	-11	-106	309.4	41.4004	-79.8305
USC00363028	FRANKLIN	20010122	25	-6	-94	25	-6	-94	309.4	41.4004	-79.8305
USC00363028	FRANKLIN	20010123	25	-11	-117	25	-11	-117	309.4	41.4004	-79.8305
USC00363028	FRANKLIN	20010124	25	39	-111	25	39	-111	309.4	41.4004	-79.8305
USC00363028	FRANKLIN	20010125	25	6	-56	25	6	-56	309.4	41.4004	-79.8305
USC00363028	FRANKLIN	20010126	25	-22	-89	25	-22	-89	309.4	41.4004	-79.8305
USC00363028	FRANKLIN	20010127	76	6	-78	76	6	-78	309.4	41.4004	-79.8305
USC00363028	FRANKLIN	20010128	127	0	-106	127	0	-106	309.4	41.4004	-79.8305
USC00363028	FRANKLIN	20010129	127	-28	-128	127	-28	-128	309.4	41.4004	-79.8305
USC00363028	FRANKLIN	20010130	51	22	-128	51	22	-128	309.4	41.4004	-79.8305
USC00363028	FRANKLIN	20010131	25	89	6	25	89	6	309.4	41.4004	-79.8305
USC00363028	FRANKLIN	20020101	25	-44	-100	25	-44	-100	309.4	41.4004	-79.8305
USC00363028	FRANKLIN	20020102	25	-28	-100	25	-28	-100	309.4	41.4004	-79.8305
USC00363028	FRANKLIN	20020103	0	-11	-100	0	-11	-100	309.4	41.4004	-79.8305
USC00363028	FRANKLIN	20020104	0	11	-94	0	11	-94	309.4	41.4004	-79.8305
USC00363028	FRANKLIN	20020105	0	6	-56	0	6	-56	309.4	41.4004	-79.8305
USC00363028	FRANKLIN	20020106	0	44	-39	0	44	-39	309.4	41.4004	-79.8305
USC00363028	FRANKLIN	20020107	152	11	-28	152	11	-28	309.4	41.4004	-79.8305
USC00363028	FRANKLIN	20020108	127	11	-67	127	11	-67	309.4	41.4004	-79.8305
USC00363028	FRANKLIN	20020109	102	0	-67	102	0	-67	309.4	41.4004	-79.8305
USC00363028	FRANKLIN	20020110	51	56	-11	51	56	-11	309.4	41.4004	-79.8305
USC00363028	FRANKLIN	20020111	0	89	9999	0	89	NA	309.4	41.4004	-79.8305
USC00363028	FRANKLIN	20020112	0	89	-22	0	89	-22	309.4	41.4004	-79.8305
USC00363028	FRANKLIN	20020113	25	56	-22	25	56	-22	309.4	41.4004	-79.8305
USC00363028	FRANKLIN	20020114	9999	33	-56	NA	33	-56	309.4	41.4004	-79.8305
USC00363028	FRANKLIN	20020115	9999	67	-56	NA	67	-56	309.4	41.4004	-79.8305
USC00363028	FRANKLIN	20020116	51	33	-22	51	33	-22	309.4	41.4004	-79.8305
USC00363028	FRANKLIN	20020117	0	33	-17	0	33	-17	309.4	41.4004	-79.8305
USC00363028	FRANKLIN	20020118	0	28	-50	0	28	-50	309.4	41.4004	-79.8305
USC00363028	FRANKLIN	20020119	0	0	-89	0	0	-89	309.4	41.4004	-79.8305
USC00363028	FRANKLIN	20020120	102	-11	-128	102	-11	-128	309.4	41.4004	-79.8305
USC00363028	FRANKLIN	20020121	76	17	-117	76	17	-117	309.4	41.4004	-79.8305
USC00363028	FRANKLIN	20020122	51	33	-39	51	33	-39	309.4	41.4004	-79.8305
USC00363028	FRANKLIN	20020123	25	83	-56	25	83	-56	309.4	41.4004	-79.8305
USC00363028	FRANKLIN	20020124	9999	67	33	NA	67	33	309.4	41.4004	-79.8305
USC00363028	FRANKLIN	20020125	9999	100	-33	NA	100	-33	309.4	41.4004	-79.8305
USC00363028	FRANKLIN	20020126	0	56	-44	0	56	-44	309.4	41.4004	-79.8305
USC00363028	FRANKLIN	20020127	0	106	-56	0	106	-56	309.4	41.4004	-79.8305
USC00363028	FRANKLIN	20020128	0	144	-67	0	144	-67	309.4	41.4004	-79.8305
USC00363028	FRANKLIN	20020129	0	150	33	0	150	33	309.4	41.4004	-79.8305
USC00363028	FRANKLIN	20020130	0	172	33	0	172	33	309.4	41.4004	-79.8305
USC00363028	FRANKLIN	20020131	0	78	11	0	78	11	309.4	41.4004	-79.8305
USC00363028	FRANKLIN	20030101	0	128	0	0	128	0	309.4	41.4004	-79.8305
USC00363028	FRANKLIN	20030102	0	22	-33	0	22	-33	309.4	41.4004	-79.8305
USC00363028	FRANKLIN	20030103	0	17	-33	0	17	-33	309.4	41.4004	-79.8305
USC00363028	FRANKLIN	20030104	25	17	-39	25	17	-39	309.4	41.4004	-79.8305
USC00363028	FRANKLIN	20030105	25	-6	-44	25	-6	-44	309.4	41.4004	-79.8305
USC00363028	FRANKLIN	20030106	102	-6	-44	102	-6	-44	309.4	41.4004	-79.8305
USC00363028	FRANKLIN	20030107	127	11	-100	127	11	-100	309.4	41.4004	-79.8305
USC00363028	FRANKLIN	20030108	76	22	-78	76	22	-78	309.4	41.4004	-79.8305
USC00363028	FRANKLIN	20030109	25	61	11	25	61	11	309.4	41.4004	-79.8305
USC00363028	FRANKLIN	20030110	0	83	-44	0	83	-44	309.4	41.4004	-79.8305
USC00363028	FRANKLIN	20030111	76	-17	-94	76	-17	-94	309.4	41.4004	-79.8305
USC00363028	FRANKLIN	20030112	76	-17	-94	76	-17	-94	309.4	41.4004	-79.8305
USC00363028	FRANKLIN	20030113	51	-11	-100	51	-11	-100	309.4	41.4004	-79.8305
USC00363028	FRANKLIN	20030114	51	-6	-111	51	-6	-111	309.4	41.4004	-79.8305
USC00363028	FRANKLIN	20030115	76	-39	-100	76	-39	-100	309.4	41.4004	-79.8305
USC00363028	FRANKLIN	20030116	76	-67	-117	76	-67	-117	309.4	41.4004	-79.8305
USC00363028	FRANKLIN	20030117	76	-61	-122	76	-61	-122	309.4	41.4004	-79.8305
USC00363028	FRANKLIN	20030118	76	-56	-189	76	-56	-189	309.4	41.4004	-79.8305
USC00363028	FRANKLIN	20030119	76	-67	-183	76	-67	-183	309.4	41.4004	-79.8305
USC00363028	FRANKLIN	20030120	178	-44	-106	178	-44	-106	309.4	41.4004	-79.8305
USC00363028	FRANKLIN	20030121	178	-44	-122	178	-44	-122	309.4	41.4004	-79.8305
USC00363028	FRANKLIN	20030122	152	-67	-189	152	-67	-189	309.4	41.4004	-79.8305
USC00363028	FRANKLIN	20030123	127	-72	-217	127	-72	-217	309.4	41.4004	-79.8305
USC00363028	FRANKLIN	20030124	152	-106	-217	152	-106	-217	309.4	41.4004	-79.8305
USC00363028	FRANKLIN	20030125	127	-61	-161	127	-61	-161	309.4	41.4004	-79.8305
USC00363028	FRANKLIN	20030126	127	-39	-117	127	-39	-117	309.4	41.4004	-79.8305
USC00363028	FRANKLIN	20030127	203	-28	-217	203	-28	-217	309.4	41.4004	-79.8305
USC00363028	FRANKLIN	20030128	178	-78	-206	178	-78	-206	309.4	41.4004	-79.8305
USC00363028	FRANKLIN	20030129	254	-6	-117	254	-6	-117	309.4	41.4004	-79.8305
USC00363028	FRANKLIN	20030130	229	-6	-150	229	-6	-150	309.4	41.4004	-79.8305
USC00363028	FRANKLIN	20030131	203	0	-150	203	0	-150	309.4	41.4004	-79.8305
USC00363028	FRANKLIN	20050101	0	122	-6	0	122	-6	309.4	41.4004	-79.8305
USC00363028	FRANKLIN	20050102	0	61	-6	0	61	-6	309.4	41.4004	-79.8305
USC00363028	FRANKLIN	20050103	0	150	39	0	150	39	309.4	41.4004	-79.8305
USC00363028	FRANKLIN	20050104	0	150	39	0	150	39	309.4	41.4004	-79.8305
USC00363028	FRANKLIN	20050105	0	56	0	0	56	0	309.4	41.4004	-79.8305
USC00363028	FRANKLIN	20050106	0	17	-6	0	17	-6	309.4	41.4004	-79.8305
USC00363028	FRANKLIN	20050107	0	61	-22	0	61	-22	309.4	41.4004	-79.8305
USC00363028	FRANKLIN	20050108	0	17	-22	0	17	-22	309.4	41.4004	-79.8305
USC00363028	FRANKLIN	20050109	0	17	-22	0	17	-22	309.4	41.4004	-79.8305
USC00363028	FRANKLIN	20050110	0	44	-6	0	44	-6	309.4	41.4004	-79.8305
USC00363028	FRANKLIN	20050111	0	28	-6	0	28	-6	309.4	41.4004	-79.8305
USC00363028	FRANKLIN	20050112	0	33	-6	0	33	-6	309.4	41.4004	-79.8305
USC00363028	FRANKLIN	20050113	0	144	-6	0	144	-6	309.4	41.4004	-79.8305
USC00363028	FRANKLIN	20050114	25	206	0	25	206	0	309.4	41.4004	-79.8305
USC00363028	FRANKLIN	20050115	9999	0	-94	NA	0	-94	309.4	41.4004	-79.8305
USC00363028	FRANKLIN	20050116	9999	0	-94	NA	0	-94	309.4	41.4004	-79.8305
USC00363028	FRANKLIN	20050117	51	-44	-128	51	-44	-128	309.4	41.4004	-79.8305
USC00363028	FRANKLIN	20050118	51	-94	-156	51	-94	-156	309.4	41.4004	-79.8305
USC00363028	FRANKLIN	20050119	76	-89	-156	76	-89	-156	309.4	41.4004	-79.8305
USC00363028	FRANKLIN	20050120	152	-22	-89	152	-22	-89	309.4	41.4004	-79.8305
USC00363028	FRANKLIN	20050121	76	-61	-172	76	-61	-172	309.4	41.4004	-79.8305
USC00363028	FRANKLIN	20050122	102	-61	-172	102	-61	-172	309.4	41.4004	-79.8305
USC00363028	FRANKLIN	20050123	229	-61	-161	229	-61	-161	309.4	41.4004	-79.8305
USC00363028	FRANKLIN	20050124	178	-111	-211	178	-111	-211	309.4	41.4004	-79.8305
USC00363028	FRANKLIN	20050125	178	-39	-211	178	-39	-211	309.4	41.4004	-79.8305
USC00363028	FRANKLIN	20050126	152	33	-44	152	33	-44	309.4	41.4004	-79.8305
USC00363028	FRANKLIN	20050127	127	6	-183	127	6	-183	309.4	41.4004	-79.8305
USC00363028	FRANKLIN	20050128	127	-78	-217	127	-78	-217	309.4	41.4004	-79.8305
USC00363028	FRANKLIN	20050129	127	-33	-217	127	-33	-217	309.4	41.4004	-79.8305
USC00363028	FRANKLIN	20050130	152	6	-72	152	6	-72	309.4	41.4004	-79.8305
USC00363028	FRANKLIN	20050131	127	39	-117	127	39	-117	309.4	41.4004	-79.8305
