STATION	NAME	DATE	SNWD	TMAX	TMIN	SNWD2	TMAX2	TMIN2	ELEV	LAT	LONG
USC00303025	FRANKLINVILLE	19950101	0	39	-28	0	39	-28	484.6	42.329	-78.463
USC00303025	FRANKLINVILLE	19950102	51	44	-72	51	44	-72	484.6	42.329	-78.463
USC00303025	FRANKLINVILLE	19950103	76	-67	-100	76	-67	-100	484.6	42.329	-78.463
USC00303025	FRANKLINVILLE	19950104	76	-50	-117	76	-50	-117	484.6	42.329	-78.463
USC00303025	FRANKLINVILLE	19950105	102	-111	-161	102	-111	-161	484.6	42.329	-78.463
USC00303025	FRANKLINVILLE	19950106	102	-94	-161	102	-94	-161	484.6	42.329	-78.463
USC00303025	FRANKLINVILLE	19950107	127	6	-133	127	6	-133	484.6	42.329	-78.463
USC00303025	FRANKLINVILLE	19950108	127	-28	-83	127	-28	-83	484.6	42.329	-78.463
USC00303025	FRANKLINVILLE	19950109	127	-44	-72	127	-44	-72	484.6	42.329	-78.463
USC00303025	FRANKLINVILLE	19950110	127	-67	-150	127	-67	-150	484.6	42.329	-78.463
USC00303025	FRANKLINVILLE	19950111	127	-50	-150	127	-50	-150	484.6	42.329	-78.463
USC00303025	FRANKLINVILLE	19950112	76	28	-50	76	28	-50	484.6	42.329	-78.463
USC00303025	FRANKLINVILLE	19950113	0	128	17	0	128	17	484.6	42.329	-78.463
USC00303025	FRANKLINVILLE	19950114	0	156	6	0	156	6	484.6	42.329	-78.463
USC00303025	FRANKLINVILLE	19950115	0	167	61	0	167	61	484.6	42.329	-78.463
USC00303025	FRANKLINVILLE	19950116	0	167	28	0	167	28	484.6	42.329	-78.463
USC00303025	FRANKLINVILLE	19950117	0	28	-6	0	28	-6	484.6	42.329	-78.463
USC00303025	FRANKLINVILLE	19950118	0	17	-6	0	17	-6	484.6	42.329	-78.463
USC00303025	FRANKLINVILLE	19950119	0	106	17	0	106	17	484.6	42.329	-78.463
USC00303025	FRANKLINVILLE	19950120	0	78	39	0	78	39	484.6	42.329	-78.463
USC00303025	FRANKLINVILLE	19950121	0	72	0	0	72	0	484.6	42.329	-78.463
USC00303025	FRANKLINVILLE	19950122	25	6	-67	25	6	-67	484.6	42.329	-78.463
USC00303025	FRANKLINVILLE	19950123	51	-50	-78	51	-50	-78	484.6	42.329	-78.463
USC00303025	FRANKLINVILLE	19950124	51	-28	-72	51	-28	-72	484.6	42.329	-78.463
USC00303025	FRANKLINVILLE	19950125	76	-17	-39	76	-17	-39	484.6	42.329	-78.463
USC00303025	FRANKLINVILLE	19950126	203	-22	-56	203	-22	-56	484.6	42.329	-78.463
USC00303025	FRANKLINVILLE	19950127	254	-33	-61	254	-33	-61	484.6	42.329	-78.463
USC00303025	FRANKLINVILLE	19950128	279	-28	-172	279	-28	-172	484.6	42.329	-78.463
USC00303025	FRANKLINVILLE	19950129	279	-56	-239	279	-56	-239	484.6	42.329	-78.463
USC00303025	FRANKLINVILLE	19950130	254	6	-239	254	6	-239	484.6	42.329	-78.463
USC00303025	FRANKLINVILLE	19950131	254	11	-217	254	11	-217	484.6	42.329	-78.463
USC00303025	FRANKLINVILLE	19960101	178	33	-44	178	33	-44	484.6	42.329	-78.463
USC00303025	FRANKLINVILLE	19960102	203	0	-78	203	0	-78	484.6	42.329	-78.463
USC00303025	FRANKLINVILLE	19960103	381	-78	-117	381	-78	-117	484.6	42.329	-78.463
USC00303025	FRANKLINVILLE	19960104	432	-100	-272	432	-100	-272	484.6	42.329	-78.463
USC00303025	FRANKLINVILLE	19960105	457	-100	-272	457	-100	-272	484.6	42.329	-78.463
USC00303025	FRANKLINVILLE	19960106	457	-94	-333	457	-94	-333	484.6	42.329	-78.463
USC00303025	FRANKLINVILLE	19960107	432	-94	-317	432	-94	-317	484.6	42.329	-78.463
USC00303025	FRANKLINVILLE	19960108	432	-122	-156	432	-122	-156	484.6	42.329	-78.463
USC00303025	FRANKLINVILLE	19960109	381	-83	-200	381	-83	-200	484.6	42.329	-78.463
USC00303025	FRANKLINVILLE	19960110	432	-67	-111	432	-67	-111	484.6	42.329	-78.463
USC00303025	FRANKLINVILLE	19960111	432	-100	-233	432	-100	-233	484.6	42.329	-78.463
USC00303025	FRANKLINVILLE	19960112	381	-78	-250	381	-78	-250	484.6	42.329	-78.463
USC00303025	FRANKLINVILLE	19960113	406	-56	-156	406	-56	-156	484.6	42.329	-78.463
USC00303025	FRANKLINVILLE	19960114	381	-22	-78	381	-22	-78	484.6	42.329	-78.463
USC00303025	FRANKLINVILLE	19960115	330	39	-106	330	39	-106	484.6	42.329	-78.463
USC00303025	FRANKLINVILLE	19960116	330	-89	-200	330	-89	-200	484.6	42.329	-78.463
USC00303025	FRANKLINVILLE	19960117	279	67	-94	279	67	-94	484.6	42.329	-78.463
USC00303025	FRANKLINVILLE	19960118	203	72	6	203	72	6	484.6	42.329	-78.463
USC00303025	FRANKLINVILLE	19960119	0	133	44	0	133	44	484.6	42.329	-78.463
USC00303025	FRANKLINVILLE	19960120	76	83	-117	76	83	-117	484.6	42.329	-78.463
USC00303025	FRANKLINVILLE	19960121	51	-67	-156	51	-67	-156	484.6	42.329	-78.463
USC00303025	FRANKLINVILLE	19960122	25	-6	-128	25	-6	-128	484.6	42.329	-78.463
USC00303025	FRANKLINVILLE	19960123	25	50	-111	25	50	-111	484.6	42.329	-78.463
USC00303025	FRANKLINVILLE	19960124	0	44	0	0	44	0	484.6	42.329	-78.463
USC00303025	FRANKLINVILLE	19960125	25	50	-100	25	50	-100	484.6	42.329	-78.463
USC00303025	FRANKLINVILLE	19960126	25	-50	-100	25	-50	-100	484.6	42.329	-78.463
USC00303025	FRANKLINVILLE	19960127	0	72	-56	0	72	-56	484.6	42.329	-78.463
USC00303025	FRANKLINVILLE	19960128	76	78	-83	76	78	-83	484.6	42.329	-78.463
USC00303025	FRANKLINVILLE	19960129	51	-56	-183	51	-56	-183	484.6	42.329	-78.463
USC00303025	FRANKLINVILLE	19960130	25	11	-72	25	11	-72	484.6	42.329	-78.463
USC00303025	FRANKLINVILLE	19960131	25	-56	-161	25	-56	-161	484.6	42.329	-78.463
USC00303025	FRANKLINVILLE	19970101	0	-33	-133	0	-33	-133	484.6	42.329	-78.463
USC00303025	FRANKLINVILLE	19970102	0	28	-83	0	28	-83	484.6	42.329	-78.463
USC00303025	FRANKLINVILLE	19970103	0	111	22	0	111	22	484.6	42.329	-78.463
USC00303025	FRANKLINVILLE	19970104	0	106	17	0	106	17	484.6	42.329	-78.463
USC00303025	FRANKLINVILLE	19970105	0	133	17	0	133	17	484.6	42.329	-78.463
USC00303025	FRANKLINVILLE	19970106	0	122	-33	0	122	-33	484.6	42.329	-78.463
USC00303025	FRANKLINVILLE	19970107	102	-33	-78	102	-33	-78	484.6	42.329	-78.463
USC00303025	FRANKLINVILLE	19970108	178	-67	-106	178	-67	-106	484.6	42.329	-78.463
USC00303025	FRANKLINVILLE	19970109	102	-56	-161	102	-56	-161	484.6	42.329	-78.463
USC00303025	FRANKLINVILLE	19970110	76	-6	-100	76	-6	-100	484.6	42.329	-78.463
USC00303025	FRANKLINVILLE	19970111	76	-33	-139	76	-33	-139	484.6	42.329	-78.463
USC00303025	FRANKLINVILLE	19970112	76	-106	-144	76	-106	-144	484.6	42.329	-78.463
USC00303025	FRANKLINVILLE	19970113	76	-106	-133	76	-106	-133	484.6	42.329	-78.463
USC00303025	FRANKLINVILLE	19970114	76	-83	-117	76	-83	-117	484.6	42.329	-78.463
USC00303025	FRANKLINVILLE	19970115	76	-72	-178	76	-72	-178	484.6	42.329	-78.463
USC00303025	FRANKLINVILLE	19970116	102	22	-156	102	22	-156	484.6	42.329	-78.463
USC00303025	FRANKLINVILLE	19970117	127	-33	-178	127	-33	-178	484.6	42.329	-78.463
USC00303025	FRANKLINVILLE	19970118	102	-161	-194	102	-161	-194	484.6	42.329	-78.463
USC00303025	FRANKLINVILLE	19970119	102	-161	-272	102	-161	-272	484.6	42.329	-78.463
USC00303025	FRANKLINVILLE	19970120	102	-56	-250	102	-56	-250	484.6	42.329	-78.463
USC00303025	FRANKLINVILLE	19970121	127	-28	-161	127	-28	-161	484.6	42.329	-78.463
USC00303025	FRANKLINVILLE	19970122	102	44	11	102	44	11	484.6	42.329	-78.463
USC00303025	FRANKLINVILLE	19970123	0	72	0	0	72	0	484.6	42.329	-78.463
USC00303025	FRANKLINVILLE	19970124	0	0	-133	0	0	-133	484.6	42.329	-78.463
USC00303025	FRANKLINVILLE	19970125	0	56	-111	0	56	-111	484.6	42.329	-78.463
USC00303025	FRANKLINVILLE	19970126	203	39	-106	203	39	-106	484.6	42.329	-78.463
USC00303025	FRANKLINVILLE	19970127	152	-89	-189	152	-89	-189	484.6	42.329	-78.463
USC00303025	FRANKLINVILLE	19970128	203	6	-94	203	6	-94	484.6	42.329	-78.463
USC00303025	FRANKLINVILLE	19970129	203	-67	-200	203	-67	-200	484.6	42.329	-78.463
USC00303025	FRANKLINVILLE	19970130	178	-83	-211	178	-83	-211	484.6	42.329	-78.463
USC00303025	FRANKLINVILLE	19970131	127	-22	-128	127	-22	-128	484.6	42.329	-78.463
USC00303025	FRANKLINVILLE	19980101	203	-100	-150	203	-100	-150	484.6	42.329	-78.463
USC00303025	FRANKLINVILLE	19980102	152	28	-100	152	28	-100	484.6	42.329	-78.463
USC00303025	FRANKLINVILLE	19980103	25	78	28	25	78	28	484.6	42.329	-78.463
USC00303025	FRANKLINVILLE	19980104	0	100	61	0	100	61	484.6	42.329	-78.463
USC00303025	FRANKLINVILLE	19980105	0	83	39	0	83	39	484.6	42.329	-78.463
USC00303025	FRANKLINVILLE	19980106	0	156	39	0	156	39	484.6	42.329	-78.463
USC00303025	FRANKLINVILLE	19980107	0	139	89	0	139	89	484.6	42.329	-78.463
USC00303025	FRANKLINVILLE	19980108	0	150	22	0	150	22	484.6	42.329	-78.463
USC00303025	FRANKLINVILLE	19980109	0	44	17	0	44	17	484.6	42.329	-78.463
USC00303025	FRANKLINVILLE	19980110	0	83	11	0	83	11	484.6	42.329	-78.463
USC00303025	FRANKLINVILLE	19980111	0	33	-44	0	33	-44	484.6	42.329	-78.463
USC00303025	FRANKLINVILLE	19980112	0	-11	-78	0	-11	-78	484.6	42.329	-78.463
USC00303025	FRANKLINVILLE	19980113	25	39	-78	25	39	-78	484.6	42.329	-78.463
USC00303025	FRANKLINVILLE	19980114	25	6	-117	25	6	-117	484.6	42.329	-78.463
USC00303025	FRANKLINVILLE	19980115	25	-28	-150	25	-28	-150	484.6	42.329	-78.463
USC00303025	FRANKLINVILLE	19980116	51	6	-50	51	6	-50	484.6	42.329	-78.463
USC00303025	FRANKLINVILLE	19980117	51	-33	-83	51	-33	-83	484.6	42.329	-78.463
USC00303025	FRANKLINVILLE	19980118	51	0	-44	51	0	-44	484.6	42.329	-78.463
USC00303025	FRANKLINVILLE	19980119	76	0	-139	76	0	-139	484.6	42.329	-78.463
USC00303025	FRANKLINVILLE	19980120	127	17	-139	127	17	-139	484.6	42.329	-78.463
USC00303025	FRANKLINVILLE	19980121	127	-11	-100	127	-11	-100	484.6	42.329	-78.463
USC00303025	FRANKLINVILLE	19980122	102	-28	-78	102	-28	-78	484.6	42.329	-78.463
USC00303025	FRANKLINVILLE	19980123	127	0	-56	127	0	-56	484.6	42.329	-78.463
USC00303025	FRANKLINVILLE	19980124	51	39	-11	51	39	-11	484.6	42.329	-78.463
USC00303025	FRANKLINVILLE	19980125	76	11	-28	76	11	-28	484.6	42.329	-78.463
USC00303025	FRANKLINVILLE	19980126	102	-22	-44	102	-22	-44	484.6	42.329	-78.463
USC00303025	FRANKLINVILLE	19980127	102	11	-122	102	11	-122	484.6	42.329	-78.463
USC00303025	FRANKLINVILLE	19980128	76	33	-39	76	33	-39	484.6	42.329	-78.463
USC00303025	FRANKLINVILLE	19980129	51	67	-61	51	67	-61	484.6	42.329	-78.463
USC00303025	FRANKLINVILLE	19980130	25	94	-22	25	94	-22	484.6	42.329	-78.463
USC00303025	FRANKLINVILLE	19980131	25	11	-28	25	11	-28	484.6	42.329	-78.463
USC00303025	FRANKLINVILLE	19990101	152	-78	-117	152	-78	-117	484.6	42.329	-78.463
USC00303025	FRANKLINVILLE	19990102	178	-111	-256	178	-111	-256	484.6	42.329	-78.463
USC00303025	FRANKLINVILLE	19990103	152	11	-183	152	11	-183	484.6	42.329	-78.463
USC00303025	FRANKLINVILLE	19990104	127	33	-117	127	33	-117	484.6	42.329	-78.463
USC00303025	FRANKLINVILLE	19990105	127	-89	-144	127	-89	-144	484.6	42.329	-78.463
USC00303025	FRANKLINVILLE	19990106	127	-78	-178	127	-78	-178	484.6	42.329	-78.463
USC00303025	FRANKLINVILLE	19990107	203	-39	-128	203	-39	-128	484.6	42.329	-78.463
USC00303025	FRANKLINVILLE	19990108	203	-83	-200	203	-83	-200	484.6	42.329	-78.463
USC00303025	FRANKLINVILLE	19990109	279	-17	-161	279	-17	-161	484.6	42.329	-78.463
USC00303025	FRANKLINVILLE	19990110	381	-56	-150	381	-56	-150	484.6	42.329	-78.463
USC00303025	FRANKLINVILLE	19990111	406	-89	-183	406	-89	-183	484.6	42.329	-78.463
USC00303025	FRANKLINVILLE	19990112	457	6	-139	457	6	-139	484.6	42.329	-78.463
USC00303025	FRANKLINVILLE	19990113	508	0	-72	508	0	-72	484.6	42.329	-78.463
USC00303025	FRANKLINVILLE	19990114	533	-72	-194	533	-72	-194	484.6	42.329	-78.463
USC00303025	FRANKLINVILLE	19990115	610	-39	-189	610	-39	-189	484.6	42.329	-78.463
USC00303025	FRANKLINVILLE	19990116	610	-67	-117	610	-67	-117	484.6	42.329	-78.463
USC00303025	FRANKLINVILLE	19990117	533	28	-122	533	28	-122	484.6	42.329	-78.463
USC00303025	FRANKLINVILLE	19990118	432	61	-117	432	61	-117	484.6	42.329	-78.463
USC00303025	FRANKLINVILLE	19990119	457	61	-17	457	61	-17	484.6	42.329	-78.463
USC00303025	FRANKLINVILLE	19990120	432	-17	-128	432	-17	-128	484.6	42.329	-78.463
USC00303025	FRANKLINVILLE	19990121	381	33	-128	381	33	-128	484.6	42.329	-78.463
USC00303025	FRANKLINVILLE	19990122	381	39	-94	381	39	-94	484.6	42.329	-78.463
USC00303025	FRANKLINVILLE	19990123	203	78	28	203	78	28	484.6	42.329	-78.463
USC00303025	FRANKLINVILLE	19990124	76	122	17	76	122	17	484.6	42.329	-78.463
USC00303025	FRANKLINVILLE	19990125	76	22	-22	76	22	-22	484.6	42.329	-78.463
USC00303025	FRANKLINVILLE	19990126	76	0	-28	76	0	-28	484.6	42.329	-78.463
USC00303025	FRANKLINVILLE	19990127	76	-11	-122	76	-11	-122	484.6	42.329	-78.463
USC00303025	FRANKLINVILLE	19990128	51	83	-72	51	83	-72	484.6	42.329	-78.463
USC00303025	FRANKLINVILLE	19990129	51	33	-67	51	33	-67	484.6	42.329	-78.463
USC00303025	FRANKLINVILLE	19990130	51	-22	-67	51	-22	-67	484.6	42.329	-78.463
USC00303025	FRANKLINVILLE	19990131	51	-11	-156	51	-11	-156	484.6	42.329	-78.463
USC00303025	FRANKLINVILLE	20000101	76	6	-61	76	6	-61	484.6	42.329	-78.463
USC00303025	FRANKLINVILLE	20000102	51	83	-44	51	83	-44	484.6	42.329	-78.463
USC00303025	FRANKLINVILLE	20000103	0	144	28	0	144	28	484.6	42.329	-78.463
USC00303025	FRANKLINVILLE	20000104	0	128	28	0	128	28	484.6	42.329	-78.463
USC00303025	FRANKLINVILLE	20000105	25	144	-56	25	144	-56	484.6	42.329	-78.463
USC00303025	FRANKLINVILLE	20000106	0	-28	-61	0	-28	-61	484.6	42.329	-78.463
USC00303025	FRANKLINVILLE	20000107	0	28	-39	0	28	-39	484.6	42.329	-78.463
USC00303025	FRANKLINVILLE	20000108	76	6	-94	76	6	-94	484.6	42.329	-78.463
USC00303025	FRANKLINVILLE	20000109	0	33	-61	0	33	-61	484.6	42.329	-78.463
USC00303025	FRANKLINVILLE	20000110	0	44	-33	0	44	-33	484.6	42.329	-78.463
USC00303025	FRANKLINVILLE	20000111	0	56	11	0	56	11	484.6	42.329	-78.463
USC00303025	FRANKLINVILLE	20000112	76	22	-28	76	22	-28	484.6	42.329	-78.463
USC00303025	FRANKLINVILLE	20000113	152	6	-67	152	6	-67	484.6	42.329	-78.463
USC00303025	FRANKLINVILLE	20000114	178	-50	-211	178	-50	-211	484.6	42.329	-78.463
USC00303025	FRANKLINVILLE	20000115	178	-89	-156	178	-89	-156	484.6	42.329	-78.463
USC00303025	FRANKLINVILLE	20000116	127	22	-111	127	22	-111	484.6	42.329	-78.463
USC00303025	FRANKLINVILLE	20000117	127	6	-200	127	6	-200	484.6	42.329	-78.463
USC00303025	FRANKLINVILLE	20000118	102	-144	-233	102	-144	-233	484.6	42.329	-78.463
USC00303025	FRANKLINVILLE	20000119	127	-83	-206	127	-83	-206	484.6	42.329	-78.463
USC00303025	FRANKLINVILLE	20000120	127	-33	-94	127	-33	-94	484.6	42.329	-78.463
USC00303025	FRANKLINVILLE	20000121	203	-44	-206	203	-44	-206	484.6	42.329	-78.463
USC00303025	FRANKLINVILLE	20000122	203	-144	-267	203	-144	-267	484.6	42.329	-78.463
USC00303025	FRANKLINVILLE	20000123	203	-94	-222	203	-94	-222	484.6	42.329	-78.463
USC00303025	FRANKLINVILLE	20000124	203	-22	-100	203	-22	-100	484.6	42.329	-78.463
USC00303025	FRANKLINVILLE	20000125	178	-39	-222	178	-39	-222	484.6	42.329	-78.463
USC00303025	FRANKLINVILLE	20000126	203	-83	-167	203	-83	-167	484.6	42.329	-78.463
USC00303025	FRANKLINVILLE	20000127	203	-89	-178	203	-89	-178	484.6	42.329	-78.463
USC00303025	FRANKLINVILLE	20000128	203	-139	-178	203	-139	-178	484.6	42.329	-78.463
USC00303025	FRANKLINVILLE	20000129	203	-100	-261	203	-100	-261	484.6	42.329	-78.463
USC00303025	FRANKLINVILLE	20000130	178	6	-244	178	6	-244	484.6	42.329	-78.463
USC00303025	FRANKLINVILLE	20000131	229	-6	-72	229	-6	-72	484.6	42.329	-78.463
USC00303025	FRANKLINVILLE	20010101	508	-78	-106	508	-78	-106	484.6	42.329	-78.463
USC00303025	FRANKLINVILLE	20010102	533	-56	-144	533	-56	-144	484.6	42.329	-78.463
USC00303025	FRANKLINVILLE	20010103	559	-67	-144	559	-67	-144	484.6	42.329	-78.463
USC00303025	FRANKLINVILLE	20010104	610	-33	-94	610	-33	-94	484.6	42.329	-78.463
USC00303025	FRANKLINVILLE	20010105	584	-39	-78	584	-39	-78	484.6	42.329	-78.463
USC00303025	FRANKLINVILLE	20010106	686	-6	-50	686	-6	-50	484.6	42.329	-78.463
USC00303025	FRANKLINVILLE	20010107	635	-17	-61	635	-17	-61	484.6	42.329	-78.463
USC00303025	FRANKLINVILLE	20010108	559	0	-22	559	0	-22	484.6	42.329	-78.463
USC00303025	FRANKLINVILLE	20010109	508	-22	-122	508	-22	-122	484.6	42.329	-78.463
USC00303025	FRANKLINVILLE	20010110	559	-44	-128	559	-44	-128	484.6	42.329	-78.463
USC00303025	FRANKLINVILLE	20010111	533	17	-61	533	17	-61	484.6	42.329	-78.463
USC00303025	FRANKLINVILLE	20010112	457	0	-111	457	0	-111	484.6	42.329	-78.463
USC00303025	FRANKLINVILLE	20010113	381	28	-133	381	28	-133	484.6	42.329	-78.463
USC00303025	FRANKLINVILLE	20010114	305	33	-139	305	33	-139	484.6	42.329	-78.463
USC00303025	FRANKLINVILLE	20010115	152	28	-78	152	28	-78	484.6	42.329	-78.463
USC00303025	FRANKLINVILLE	20010116	102	50	0	102	50	0	484.6	42.329	-78.463
USC00303025	FRANKLINVILLE	20010117	102	6	-22	102	6	-22	484.6	42.329	-78.463
USC00303025	FRANKLINVILLE	20010118	127	-17	-39	127	-17	-39	484.6	42.329	-78.463
USC00303025	FRANKLINVILLE	20010119	102	22	-56	102	22	-56	484.6	42.329	-78.463
USC00303025	FRANKLINVILLE	20010120	102	-6	-83	102	-6	-83	484.6	42.329	-78.463
USC00303025	FRANKLINVILLE	20010121	102	-50	-111	102	-50	-111	484.6	42.329	-78.463
USC00303025	FRANKLINVILLE	20010122	102	-44	-111	102	-44	-111	484.6	42.329	-78.463
USC00303025	FRANKLINVILLE	20010123	102	-33	-150	102	-33	-150	484.6	42.329	-78.463
USC00303025	FRANKLINVILLE	20010124	76	22	-106	76	22	-106	484.6	42.329	-78.463
USC00303025	FRANKLINVILLE	20010125	127	-11	-78	127	-11	-78	484.6	42.329	-78.463
USC00303025	FRANKLINVILLE	20010126	127	-67	-117	127	-67	-117	484.6	42.329	-78.463
USC00303025	FRANKLINVILLE	20010127	152	-39	-100	152	-39	-100	484.6	42.329	-78.463
USC00303025	FRANKLINVILLE	20010128	127	-50	-106	127	-50	-106	484.6	42.329	-78.463
USC00303025	FRANKLINVILLE	20010129	102	-50	-150	102	-50	-150	484.6	42.329	-78.463
USC00303025	FRANKLINVILLE	20010130	51	17	-144	51	17	-144	484.6	42.329	-78.463
USC00303025	FRANKLINVILLE	20010131	25	56	6	25	56	6	484.6	42.329	-78.463
USC00303025	FRANKLINVILLE	20020101	305	-50	-133	305	-50	-133	484.6	42.329	-78.463
USC00303025	FRANKLINVILLE	20020102	305	-39	-167	305	-39	-167	484.6	42.329	-78.463
USC00303025	FRANKLINVILLE	20020103	254	-33	-133	254	-33	-133	484.6	42.329	-78.463
USC00303025	FRANKLINVILLE	20020104	203	-33	-61	203	-33	-61	484.6	42.329	-78.463
USC00303025	FRANKLINVILLE	20020105	178	-11	-56	178	-11	-56	484.6	42.329	-78.463
USC00303025	FRANKLINVILLE	20020106	127	22	-44	127	22	-44	484.6	42.329	-78.463
USC00303025	FRANKLINVILLE	20020107	229	-11	-28	229	-11	-28	484.6	42.329	-78.463
USC00303025	FRANKLINVILLE	20020108	203	-22	-78	203	-22	-78	484.6	42.329	-78.463
USC00303025	FRANKLINVILLE	20020109	152	-17	-67	152	-17	-67	484.6	42.329	-78.463
USC00303025	FRANKLINVILLE	20020110	127	50	-17	127	50	-17	484.6	42.329	-78.463
USC00303025	FRANKLINVILLE	20020111	76	44	-22	76	44	-22	484.6	42.329	-78.463
USC00303025	FRANKLINVILLE	20020112	51	17	-17	51	17	-17	484.6	42.329	-78.463
USC00303025	FRANKLINVILLE	20020113	76	39	-22	76	39	-22	484.6	42.329	-78.463
USC00303025	FRANKLINVILLE	20020114	102	-11	-100	102	-11	-100	484.6	42.329	-78.463
USC00303025	FRANKLINVILLE	20020115	76	39	-78	76	39	-78	484.6	42.329	-78.463
USC00303025	FRANKLINVILLE	20020116	102	6	-39	102	6	-39	484.6	42.329	-78.463
USC00303025	FRANKLINVILLE	20020117	152	11	-94	152	11	-94	484.6	42.329	-78.463
USC00303025	FRANKLINVILLE	20020118	178	6	-67	178	6	-67	484.6	42.329	-78.463
USC00303025	FRANKLINVILLE	20020119	254	-44	-183	254	-44	-183	484.6	42.329	-78.463
USC00303025	FRANKLINVILLE	20020120	254	-39	-200	254	-39	-200	484.6	42.329	-78.463
USC00303025	FRANKLINVILLE	20020121	254	-17	-72	254	-17	-72	484.6	42.329	-78.463
USC00303025	FRANKLINVILLE	20020122	305	17	-33	305	17	-33	484.6	42.329	-78.463
USC00303025	FRANKLINVILLE	20020123	203	72	-50	203	72	-50	484.6	42.329	-78.463
USC00303025	FRANKLINVILLE	20020124	76	78	28	76	78	28	484.6	42.329	-78.463
USC00303025	FRANKLINVILLE	20020125	51	89	-39	51	89	-39	484.6	42.329	-78.463
USC00303025	FRANKLINVILLE	20020126	51	33	-44	51	33	-44	484.6	42.329	-78.463
USC00303025	FRANKLINVILLE	20020127	25	83	-56	25	83	-56	484.6	42.329	-78.463
USC00303025	FRANKLINVILLE	20020128	0	139	-11	0	139	-11	484.6	42.329	-78.463
USC00303025	FRANKLINVILLE	20020129	0	122	-11	0	122	-11	484.6	42.329	-78.463
USC00303025	FRANKLINVILLE	20020130	0	111	28	0	111	28	484.6	42.329	-78.463
USC00303025	FRANKLINVILLE	20020131	51	33	-33	51	33	-33	484.6	42.329	-78.463
USC00303025	FRANKLINVILLE	20030101	0	61	-17	0	61	-17	484.6	42.329	-78.463
USC00303025	FRANKLINVILLE	20030102	25	-11	-89	25	-11	-89	484.6	42.329	-78.463
USC00303025	FRANKLINVILLE	20030103	51	-11	-94	51	-11	-94	484.6	42.329	-78.463
USC00303025	FRANKLINVILLE	20030104	152	-17	-33	152	-17	-33	484.6	42.329	-78.463
USC00303025	FRANKLINVILLE	20030105	178	-17	-56	178	-17	-56	484.6	42.329	-78.463
USC00303025	FRANKLINVILLE	20030106	178	-33	-61	178	-33	-61	484.6	42.329	-78.463
USC00303025	FRANKLINVILLE	20030107	254	-22	-128	254	-22	-128	484.6	42.329	-78.463
USC00303025	FRANKLINVILLE	20030108	254	0	-117	254	0	-117	484.6	42.329	-78.463
USC00303025	FRANKLINVILLE	20030109	152	94	0	152	94	0	484.6	42.329	-78.463
USC00303025	FRANKLINVILLE	20030110	102	28	-106	102	28	-106	484.6	42.329	-78.463
USC00303025	FRANKLINVILLE	20030111	279	-50	-111	279	-50	-111	484.6	42.329	-78.463
USC00303025	FRANKLINVILLE	20030112	356	-72	-100	356	-72	-100	484.6	42.329	-78.463
USC00303025	FRANKLINVILLE	20030113	356	-44	-111	356	-44	-111	484.6	42.329	-78.463
USC00303025	FRANKLINVILLE	20030114	457	-56	-106	457	-56	-106	484.6	42.329	-78.463
USC00303025	FRANKLINVILLE	20030115	508	-78	-156	508	-78	-156	484.6	42.329	-78.463
USC00303025	FRANKLINVILLE	20030116	432	-78	-111	432	-78	-111	484.6	42.329	-78.463
USC00303025	FRANKLINVILLE	20030117	406	-78	-133	406	-78	-133	484.6	42.329	-78.463
USC00303025	FRANKLINVILLE	20030118	381	-100	-272	381	-100	-272	484.6	42.329	-78.463
USC00303025	FRANKLINVILLE	20030119	381	-78	-233	381	-78	-233	484.6	42.329	-78.463
USC00303025	FRANKLINVILLE	20030120	432	-78	-117	432	-78	-117	484.6	42.329	-78.463
USC00303025	FRANKLINVILLE	20030121	457	-106	-233	457	-106	-233	484.6	42.329	-78.463
USC00303025	FRANKLINVILLE	20030122	483	-100	-228	483	-100	-228	484.6	42.329	-78.463
USC00303025	FRANKLINVILLE	20030123	508	-122	-228	508	-122	-228	484.6	42.329	-78.463
USC00303025	FRANKLINVILLE	20030124	457	-128	-183	457	-128	-183	484.6	42.329	-78.463
USC00303025	FRANKLINVILLE	20030125	381	-94	-200	381	-94	-200	484.6	42.329	-78.463
USC00303025	FRANKLINVILLE	20030126	381	-72	-122	381	-72	-122	484.6	42.329	-78.463
USC00303025	FRANKLINVILLE	20030127	406	-56	-283	406	-56	-283	484.6	42.329	-78.463
USC00303025	FRANKLINVILLE	20030128	406	-128	-272	406	-128	-272	484.6	42.329	-78.463
USC00303025	FRANKLINVILLE	20030129	406	-50	-133	406	-50	-133	484.6	42.329	-78.463
USC00303025	FRANKLINVILLE	20030130	381	-39	-250	381	-39	-250	484.6	42.329	-78.463
USC00303025	FRANKLINVILLE	20030131	356	-11	-261	356	-11	-261	484.6	42.329	-78.463
USC00303025	FRANKLINVILLE	20040101	0	67	-72	0	67	-72	484.6	42.329	-78.463
USC00303025	FRANKLINVILLE	20040102	0	44	-28	0	44	-28	484.6	42.329	-78.463
USC00303025	FRANKLINVILLE	20040103	0	128	28	0	128	28	484.6	42.329	-78.463
USC00303025	FRANKLINVILLE	20040104	0	161	11	0	161	11	484.6	42.329	-78.463
USC00303025	FRANKLINVILLE	20040105	25	11	-28	25	11	-28	484.6	42.329	-78.463
USC00303025	FRANKLINVILLE	20040106	51	0	-67	51	0	-67	484.6	42.329	-78.463
USC00303025	FRANKLINVILLE	20040107	254	-50	-139	254	-50	-139	484.6	42.329	-78.463
USC00303025	FRANKLINVILLE	20040108	432	-94	-133	432	-94	-133	484.6	42.329	-78.463
USC00303025	FRANKLINVILLE	20040109	483	-67	-200	483	-67	-200	484.6	42.329	-78.463
USC00303025	FRANKLINVILLE	20040110	432	-161	-322	432	-161	-322	484.6	42.329	-78.463
USC00303025	FRANKLINVILLE	20040111	406	-122	-283	406	-122	-283	484.6	42.329	-78.463
USC00303025	FRANKLINVILLE	20040112	305	-11	-128	305	-11	-128	484.6	42.329	-78.463
USC00303025	FRANKLINVILLE	20040113	254	6	-28	254	6	-28	484.6	42.329	-78.463
USC00303025	FRANKLINVILLE	20040114	254	-11	-250	254	-11	-250	484.6	42.329	-78.463
USC00303025	FRANKLINVILLE	20040115	330	-128	-261	330	-128	-261	484.6	42.329	-78.463
USC00303025	FRANKLINVILLE	20040116	305	-161	-256	305	-161	-256	484.6	42.329	-78.463
USC00303025	FRANKLINVILLE	20040117	305	-117	-222	305	-117	-222	484.6	42.329	-78.463
USC00303025	FRANKLINVILLE	20040118	330	-11	-206	330	-11	-206	484.6	42.329	-78.463
USC00303025	FRANKLINVILLE	20040119	381	-33	-122	381	-33	-122	484.6	42.329	-78.463
USC00303025	FRANKLINVILLE	20040120	406	-89	-122	406	-89	-122	484.6	42.329	-78.463
USC00303025	FRANKLINVILLE	20040121	381	-94	-133	381	-94	-133	484.6	42.329	-78.463
USC00303025	FRANKLINVILLE	20040122	381	-28	-133	381	-28	-133	484.6	42.329	-78.463
USC00303025	FRANKLINVILLE	20040123	381	-28	-172	381	-28	-172	484.6	42.329	-78.463
USC00303025	FRANKLINVILLE	20040124	381	-133	-206	381	-133	-206	484.6	42.329	-78.463
USC00303025	FRANKLINVILLE	20040125	381	-122	-267	381	-122	-267	484.6	42.329	-78.463
USC00303025	FRANKLINVILLE	20040126	356	-89	-194	356	-89	-194	484.6	42.329	-78.463
USC00303025	FRANKLINVILLE	20040127	356	-50	-128	356	-50	-128	484.6	42.329	-78.463
USC00303025	FRANKLINVILLE	20040128	432	-39	-94	432	-39	-94	484.6	42.329	-78.463
USC00303025	FRANKLINVILLE	20040129	457	-72	-128	457	-72	-128	484.6	42.329	-78.463
USC00303025	FRANKLINVILLE	20040130	457	-111	-167	457	-111	-167	484.6	42.329	-78.463
USC00303025	FRANKLINVILLE	20040131	406	-122	-156	406	-122	-156	484.6	42.329	-78.463
USC00303025	FRANKLINVILLE	20050101	0	111	0	0	111	0	484.6	42.329	-78.463
USC00303025	FRANKLINVILLE	20050102	0	28	-33	0	28	-33	484.6	42.329	-78.463
USC00303025	FRANKLINVILLE	20050103	0	83	6	0	83	6	484.6	42.329	-78.463
USC00303025	FRANKLINVILLE	20050104	0	67	11	0	67	11	484.6	42.329	-78.463
USC00303025	FRANKLINVILLE	20050105	25	28	-28	25	28	-28	484.6	42.329	-78.463
USC00303025	FRANKLINVILLE	20050106	178	-22	-67	178	-22	-67	484.6	42.329	-78.463
USC00303025	FRANKLINVILLE	20050107	102	39	-50	102	39	-50	484.6	42.329	-78.463
USC00303025	FRANKLINVILLE	20050108	76	-11	-50	76	-11	-50	484.6	42.329	-78.463
USC00303025	FRANKLINVILLE	20050109	152	0	-28	152	0	-28	484.6	42.329	-78.463
USC00303025	FRANKLINVILLE	20050110	102	33	-33	102	33	-33	484.6	42.329	-78.463
USC00303025	FRANKLINVILLE	20050111	102	11	-22	102	11	-22	484.6	42.329	-78.463
USC00303025	FRANKLINVILLE	20050112	127	17	-22	127	17	-22	484.6	42.329	-78.463
USC00303025	FRANKLINVILLE	20050113	51	67	17	51	67	17	484.6	42.329	-78.463
USC00303025	FRANKLINVILLE	20050114	25	150	-11	25	150	-11	484.6	42.329	-78.463
USC00303025	FRANKLINVILLE	20050115	51	-11	-106	51	-11	-106	484.6	42.329	-78.463
USC00303025	FRANKLINVILLE	20050116	51	-56	-144	51	-56	-144	484.6	42.329	-78.463
USC00303025	FRANKLINVILLE	20050117	102	-67	-139	102	-67	-139	484.6	42.329	-78.463
USC00303025	FRANKLINVILLE	20050118	178	-100	-206	178	-100	-206	484.6	42.329	-78.463
USC00303025	FRANKLINVILLE	20050119	178	-100	-222	178	-100	-222	484.6	42.329	-78.463
USC00303025	FRANKLINVILLE	20050120	305	-44	-111	305	-44	-111	484.6	42.329	-78.463
USC00303025	FRANKLINVILLE	20050121	305	-100	-200	305	-100	-200	484.6	42.329	-78.463
USC00303025	FRANKLINVILLE	20050122	279	-144	-278	279	-144	-278	484.6	42.329	-78.463
USC00303025	FRANKLINVILLE	20050123	356	-122	-178	356	-122	-178	484.6	42.329	-78.463
USC00303025	FRANKLINVILLE	20050124	356	-144	-289	356	-144	-289	484.6	42.329	-78.463
USC00303025	FRANKLINVILLE	20050125	305	-50	-194	305	-50	-194	484.6	42.329	-78.463
USC00303025	FRANKLINVILLE	20050126	305	-22	-72	305	-22	-72	484.6	42.329	-78.463
USC00303025	FRANKLINVILLE	20050127	254	-28	-161	254	-28	-161	484.6	42.329	-78.463
USC00303025	FRANKLINVILLE	20050128	254	-122	-300	254	-122	-300	484.6	42.329	-78.463
USC00303025	FRANKLINVILLE	20050129	254	-28	-294	254	-28	-294	484.6	42.329	-78.463
USC00303025	FRANKLINVILLE	20050130	229	-11	-167	229	-11	-167	484.6	42.329	-78.463
USC00303025	FRANKLINVILLE	20050131	203	0	-183	203	0	-183	484.6	42.329	-78.463
