STATION	NAME	DATE	SNWD	TMAX	TMIN	SNWD2	TMAX2	TMIN2	ELEV	LAT	LONG
USC00363321	GLENMOORE	19950101	0	9999	9999	0	NA	NA	152.4	40.0997	-75.7505
USC00363321	GLENMOORE	19950102	0	9999	9999	0	NA	NA	152.4	40.0997	-75.7505
USC00363321	GLENMOORE	19950103	0	9999	9999	0	NA	NA	152.4	40.0997	-75.7505
USC00363321	GLENMOORE	19950104	0	9999	9999	0	NA	NA	152.4	40.0997	-75.7505
USC00363321	GLENMOORE	19950105	0	9999	9999	0	NA	NA	152.4	40.0997	-75.7505
USC00363321	GLENMOORE	19950106	0	9999	9999	0	NA	NA	152.4	40.0997	-75.7505
USC00363321	GLENMOORE	19950107	0	9999	9999	0	NA	NA	152.4	40.0997	-75.7505
USC00363321	GLENMOORE	19950108	0	9999	9999	0	NA	NA	152.4	40.0997	-75.7505
USC00363321	GLENMOORE	19950109	0	9999	9999	0	NA	NA	152.4	40.0997	-75.7505
USC00363321	GLENMOORE	19950110	0	9999	9999	0	NA	NA	152.4	40.0997	-75.7505
USC00363321	GLENMOORE	19950111	0	9999	9999	0	NA	NA	152.4	40.0997	-75.7505
USC00363321	GLENMOORE	19950112	0	9999	9999	0	NA	NA	152.4	40.0997	-75.7505
USC00363321	GLENMOORE	19950113	0	9999	9999	0	NA	NA	152.4	40.0997	-75.7505
USC00363321	GLENMOORE	19950114	0	9999	9999	0	NA	NA	152.4	40.0997	-75.7505
USC00363321	GLENMOORE	19950115	0	9999	9999	0	NA	NA	152.4	40.0997	-75.7505
USC00363321	GLENMOORE	19950116	0	9999	9999	0	NA	NA	152.4	40.0997	-75.7505
USC00363321	GLENMOORE	19950117	0	9999	9999	0	NA	NA	152.4	40.0997	-75.7505
USC00363321	GLENMOORE	19950118	0	9999	9999	0	NA	NA	152.4	40.0997	-75.7505
USC00363321	GLENMOORE	19950119	0	9999	9999	0	NA	NA	152.4	40.0997	-75.7505
USC00363321	GLENMOORE	19950120	0	9999	9999	0	NA	NA	152.4	40.0997	-75.7505
USC00363321	GLENMOORE	19950121	0	9999	9999	0	NA	NA	152.4	40.0997	-75.7505
USC00363321	GLENMOORE	19950122	0	9999	9999	0	NA	NA	152.4	40.0997	-75.7505
USC00363321	GLENMOORE	19950123	0	9999	9999	0	NA	NA	152.4	40.0997	-75.7505
USC00363321	GLENMOORE	19950124	0	9999	9999	0	NA	NA	152.4	40.0997	-75.7505
USC00363321	GLENMOORE	19950125	0	9999	9999	0	NA	NA	152.4	40.0997	-75.7505
USC00363321	GLENMOORE	19950126	0	9999	9999	0	NA	NA	152.4	40.0997	-75.7505
USC00363321	GLENMOORE	19950127	0	9999	9999	0	NA	NA	152.4	40.0997	-75.7505
USC00363321	GLENMOORE	19950128	0	9999	9999	0	NA	NA	152.4	40.0997	-75.7505
USC00363321	GLENMOORE	19950129	0	9999	9999	0	NA	NA	152.4	40.0997	-75.7505
USC00363321	GLENMOORE	19950130	0	9999	9999	0	NA	NA	152.4	40.0997	-75.7505
USC00363321	GLENMOORE	19950131	0	9999	9999	0	NA	NA	152.4	40.0997	-75.7505
USC00363321	GLENMOORE	19960101	127	9999	9999	127	NA	NA	152.4	40.0997	-75.7505
USC00363321	GLENMOORE	19960102	102	9999	9999	102	NA	NA	152.4	40.0997	-75.7505
USC00363321	GLENMOORE	19960103	127	9999	9999	127	NA	NA	152.4	40.0997	-75.7505
USC00363321	GLENMOORE	19960104	127	9999	9999	127	NA	NA	152.4	40.0997	-75.7505
USC00363321	GLENMOORE	19960105	127	9999	9999	127	NA	NA	152.4	40.0997	-75.7505
USC00363321	GLENMOORE	19960106	127	9999	9999	127	NA	NA	152.4	40.0997	-75.7505
USC00363321	GLENMOORE	19960107	203	9999	9999	203	NA	NA	152.4	40.0997	-75.7505
USC00363321	GLENMOORE	19960108	813	9999	9999	813	NA	NA	152.4	40.0997	-75.7505
USC00363321	GLENMOORE	19960109	711	9999	9999	711	NA	NA	152.4	40.0997	-75.7505
USC00363321	GLENMOORE	19960110	660	9999	9999	660	NA	NA	152.4	40.0997	-75.7505
USC00363321	GLENMOORE	19960111	635	9999	9999	635	NA	NA	152.4	40.0997	-75.7505
USC00363321	GLENMOORE	19960112	533	9999	9999	533	NA	NA	152.4	40.0997	-75.7505
USC00363321	GLENMOORE	19960113	660	9999	9999	660	NA	NA	152.4	40.0997	-75.7505
USC00363321	GLENMOORE	19960114	660	9999	9999	660	NA	NA	152.4	40.0997	-75.7505
USC00363321	GLENMOORE	19960115	635	9999	9999	635	NA	NA	152.4	40.0997	-75.7505
USC00363321	GLENMOORE	19960116	559	9999	9999	559	NA	NA	152.4	40.0997	-75.7505
USC00363321	GLENMOORE	19960117	533	9999	9999	533	NA	NA	152.4	40.0997	-75.7505
USC00363321	GLENMOORE	19960118	533	9999	9999	533	NA	NA	152.4	40.0997	-75.7505
USC00363321	GLENMOORE	19960119	229	9999	9999	229	NA	NA	152.4	40.0997	-75.7505
USC00363321	GLENMOORE	19960120	51	9999	9999	51	NA	NA	152.4	40.0997	-75.7505
USC00363321	GLENMOORE	19960121	51	9999	9999	51	NA	NA	152.4	40.0997	-75.7505
USC00363321	GLENMOORE	19960122	51	9999	9999	51	NA	NA	152.4	40.0997	-75.7505
USC00363321	GLENMOORE	19960123	51	9999	9999	51	NA	NA	152.4	40.0997	-75.7505
USC00363321	GLENMOORE	19960124	51	9999	9999	51	NA	NA	152.4	40.0997	-75.7505
USC00363321	GLENMOORE	19960125	25	9999	9999	25	NA	NA	152.4	40.0997	-75.7505
USC00363321	GLENMOORE	19960126	25	9999	9999	25	NA	NA	152.4	40.0997	-75.7505
USC00363321	GLENMOORE	19960127	25	9999	9999	25	NA	NA	152.4	40.0997	-75.7505
USC00363321	GLENMOORE	19960128	0	9999	9999	0	NA	NA	152.4	40.0997	-75.7505
USC00363321	GLENMOORE	19960129	0	9999	9999	0	NA	NA	152.4	40.0997	-75.7505
USC00363321	GLENMOORE	19960130	0	9999	9999	0	NA	NA	152.4	40.0997	-75.7505
USC00363321	GLENMOORE	19960131	0	9999	9999	0	NA	NA	152.4	40.0997	-75.7505
USC00363321	GLENMOORE	19970101	0	9999	9999	0	NA	NA	152.4	40.0997	-75.7505
USC00363321	GLENMOORE	19970102	0	9999	9999	0	NA	NA	152.4	40.0997	-75.7505
USC00363321	GLENMOORE	19970103	0	9999	9999	0	NA	NA	152.4	40.0997	-75.7505
USC00363321	GLENMOORE	19970104	0	9999	9999	0	NA	NA	152.4	40.0997	-75.7505
USC00363321	GLENMOORE	19970105	0	9999	9999	0	NA	NA	152.4	40.0997	-75.7505
USC00363321	GLENMOORE	19970106	0	9999	9999	0	NA	NA	152.4	40.0997	-75.7505
USC00363321	GLENMOORE	19970107	0	9999	9999	0	NA	NA	152.4	40.0997	-75.7505
USC00363321	GLENMOORE	19970108	0	9999	9999	0	NA	NA	152.4	40.0997	-75.7505
USC00363321	GLENMOORE	19970109	0	9999	9999	0	NA	NA	152.4	40.0997	-75.7505
USC00363321	GLENMOORE	19970110	25	9999	9999	25	NA	NA	152.4	40.0997	-75.7505
USC00363321	GLENMOORE	19970111	51	9999	9999	51	NA	NA	152.4	40.0997	-75.7505
USC00363321	GLENMOORE	19970112	25	9999	9999	25	NA	NA	152.4	40.0997	-75.7505
USC00363321	GLENMOORE	19970113	0	9999	9999	0	NA	NA	152.4	40.0997	-75.7505
USC00363321	GLENMOORE	19970114	0	9999	9999	0	NA	NA	152.4	40.0997	-75.7505
USC00363321	GLENMOORE	19970115	0	9999	9999	0	NA	NA	152.4	40.0997	-75.7505
USC00363321	GLENMOORE	19970116	0	9999	9999	0	NA	NA	152.4	40.0997	-75.7505
USC00363321	GLENMOORE	19970117	0	9999	9999	0	NA	NA	152.4	40.0997	-75.7505
USC00363321	GLENMOORE	19970118	0	9999	9999	0	NA	NA	152.4	40.0997	-75.7505
USC00363321	GLENMOORE	19970119	0	9999	9999	0	NA	NA	152.4	40.0997	-75.7505
USC00363321	GLENMOORE	19970120	0	9999	9999	0	NA	NA	152.4	40.0997	-75.7505
USC00363321	GLENMOORE	19970121	0	9999	9999	0	NA	NA	152.4	40.0997	-75.7505
USC00363321	GLENMOORE	19970122	0	9999	9999	0	NA	NA	152.4	40.0997	-75.7505
USC00363321	GLENMOORE	19970123	0	9999	9999	0	NA	NA	152.4	40.0997	-75.7505
USC00363321	GLENMOORE	19970124	0	9999	9999	0	NA	NA	152.4	40.0997	-75.7505
USC00363321	GLENMOORE	19970125	0	9999	9999	0	NA	NA	152.4	40.0997	-75.7505
USC00363321	GLENMOORE	19970126	0	9999	9999	0	NA	NA	152.4	40.0997	-75.7505
USC00363321	GLENMOORE	19970127	0	9999	9999	0	NA	NA	152.4	40.0997	-75.7505
USC00363321	GLENMOORE	19970128	0	9999	9999	0	NA	NA	152.4	40.0997	-75.7505
USC00363321	GLENMOORE	19970129	0	9999	9999	0	NA	NA	152.4	40.0997	-75.7505
USC00363321	GLENMOORE	19970130	0	9999	9999	0	NA	NA	152.4	40.0997	-75.7505
USC00363321	GLENMOORE	19970131	0	9999	9999	0	NA	NA	152.4	40.0997	-75.7505
USC00363321	GLENMOORE	19980101	25	9999	9999	25	NA	NA	152.4	40.0997	-75.7505
USC00363321	GLENMOORE	19980102	0	9999	9999	0	NA	NA	152.4	40.0997	-75.7505
USC00363321	GLENMOORE	19980103	0	9999	9999	0	NA	NA	152.4	40.0997	-75.7505
USC00363321	GLENMOORE	19980104	0	9999	9999	0	NA	NA	152.4	40.0997	-75.7505
USC00363321	GLENMOORE	19980105	0	9999	9999	0	NA	NA	152.4	40.0997	-75.7505
USC00363321	GLENMOORE	19980106	0	9999	9999	0	NA	NA	152.4	40.0997	-75.7505
USC00363321	GLENMOORE	19980107	0	9999	9999	0	NA	NA	152.4	40.0997	-75.7505
USC00363321	GLENMOORE	19980108	0	9999	9999	0	NA	NA	152.4	40.0997	-75.7505
USC00363321	GLENMOORE	19980109	0	9999	9999	0	NA	NA	152.4	40.0997	-75.7505
USC00363321	GLENMOORE	19980110	0	9999	9999	0	NA	NA	152.4	40.0997	-75.7505
USC00363321	GLENMOORE	19980111	0	9999	9999	0	NA	NA	152.4	40.0997	-75.7505
USC00363321	GLENMOORE	19980112	0	9999	9999	0	NA	NA	152.4	40.0997	-75.7505
USC00363321	GLENMOORE	19980113	0	9999	9999	0	NA	NA	152.4	40.0997	-75.7505
USC00363321	GLENMOORE	19980114	0	9999	9999	0	NA	NA	152.4	40.0997	-75.7505
USC00363321	GLENMOORE	19980115	0	9999	9999	0	NA	NA	152.4	40.0997	-75.7505
USC00363321	GLENMOORE	19980116	0	9999	9999	0	NA	NA	152.4	40.0997	-75.7505
USC00363321	GLENMOORE	19980117	0	9999	9999	0	NA	NA	152.4	40.0997	-75.7505
USC00363321	GLENMOORE	19980118	25	9999	9999	25	NA	NA	152.4	40.0997	-75.7505
USC00363321	GLENMOORE	19980119	0	9999	9999	0	NA	NA	152.4	40.0997	-75.7505
USC00363321	GLENMOORE	19980120	0	9999	9999	0	NA	NA	152.4	40.0997	-75.7505
USC00363321	GLENMOORE	19980121	0	9999	9999	0	NA	NA	152.4	40.0997	-75.7505
USC00363321	GLENMOORE	19980122	0	9999	9999	0	NA	NA	152.4	40.0997	-75.7505
USC00363321	GLENMOORE	19980123	25	9999	9999	25	NA	NA	152.4	40.0997	-75.7505
USC00363321	GLENMOORE	19980124	0	9999	9999	0	NA	NA	152.4	40.0997	-75.7505
USC00363321	GLENMOORE	19980125	25	9999	9999	25	NA	NA	152.4	40.0997	-75.7505
USC00363321	GLENMOORE	19980126	0	9999	9999	0	NA	NA	152.4	40.0997	-75.7505
USC00363321	GLENMOORE	19980127	0	9999	9999	0	NA	NA	152.4	40.0997	-75.7505
USC00363321	GLENMOORE	19980128	0	9999	9999	0	NA	NA	152.4	40.0997	-75.7505
USC00363321	GLENMOORE	19980129	0	9999	9999	0	NA	NA	152.4	40.0997	-75.7505
USC00363321	GLENMOORE	19980130	0	9999	9999	0	NA	NA	152.4	40.0997	-75.7505
USC00363321	GLENMOORE	19980131	0	9999	9999	0	NA	NA	152.4	40.0997	-75.7505
USC00363321	GLENMOORE	19990101	0	9999	9999	0	NA	NA	152.4	40.0997	-75.7505
USC00363321	GLENMOORE	19990102	0	9999	9999	0	NA	NA	152.4	40.0997	-75.7505
USC00363321	GLENMOORE	19990103	0	9999	9999	0	NA	NA	152.4	40.0997	-75.7505
USC00363321	GLENMOORE	19990104	0	9999	9999	0	NA	NA	152.4	40.0997	-75.7505
USC00363321	GLENMOORE	19990105	0	9999	9999	0	NA	NA	152.4	40.0997	-75.7505
USC00363321	GLENMOORE	19990106	0	9999	9999	0	NA	NA	152.4	40.0997	-75.7505
USC00363321	GLENMOORE	19990107	0	9999	9999	0	NA	NA	152.4	40.0997	-75.7505
USC00363321	GLENMOORE	19990108	0	9999	9999	0	NA	NA	152.4	40.0997	-75.7505
USC00363321	GLENMOORE	19990109	51	9999	9999	51	NA	NA	152.4	40.0997	-75.7505
USC00363321	GLENMOORE	19990110	25	9999	9999	25	NA	NA	152.4	40.0997	-75.7505
USC00363321	GLENMOORE	19990111	25	9999	9999	25	NA	NA	152.4	40.0997	-75.7505
USC00363321	GLENMOORE	19990112	25	9999	9999	25	NA	NA	152.4	40.0997	-75.7505
USC00363321	GLENMOORE	19990113	0	9999	9999	0	NA	NA	152.4	40.0997	-75.7505
USC00363321	GLENMOORE	19990114	0	9999	9999	0	NA	NA	152.4	40.0997	-75.7505
USC00363321	GLENMOORE	19990115	25	9999	9999	25	NA	NA	152.4	40.0997	-75.7505
USC00363321	GLENMOORE	19990116	25	9999	9999	25	NA	NA	152.4	40.0997	-75.7505
USC00363321	GLENMOORE	19990117	0	9999	9999	0	NA	NA	152.4	40.0997	-75.7505
USC00363321	GLENMOORE	19990118	0	9999	9999	0	NA	NA	152.4	40.0997	-75.7505
USC00363321	GLENMOORE	19990119	0	9999	9999	0	NA	NA	152.4	40.0997	-75.7505
USC00363321	GLENMOORE	19990120	0	9999	9999	0	NA	NA	152.4	40.0997	-75.7505
USC00363321	GLENMOORE	19990121	0	9999	9999	0	NA	NA	152.4	40.0997	-75.7505
USC00363321	GLENMOORE	19990122	0	9999	9999	0	NA	NA	152.4	40.0997	-75.7505
USC00363321	GLENMOORE	19990123	0	9999	9999	0	NA	NA	152.4	40.0997	-75.7505
USC00363321	GLENMOORE	19990124	0	9999	9999	0	NA	NA	152.4	40.0997	-75.7505
USC00363321	GLENMOORE	19990125	0	9999	9999	0	NA	NA	152.4	40.0997	-75.7505
USC00363321	GLENMOORE	19990126	0	9999	9999	0	NA	NA	152.4	40.0997	-75.7505
USC00363321	GLENMOORE	19990127	0	9999	9999	0	NA	NA	152.4	40.0997	-75.7505
USC00363321	GLENMOORE	19990128	0	9999	9999	0	NA	NA	152.4	40.0997	-75.7505
USC00363321	GLENMOORE	19990129	0	9999	9999	0	NA	NA	152.4	40.0997	-75.7505
USC00363321	GLENMOORE	19990130	0	9999	9999	0	NA	NA	152.4	40.0997	-75.7505
USC00363321	GLENMOORE	19990131	0	9999	9999	0	NA	NA	152.4	40.0997	-75.7505
USC00363321	GLENMOORE	20000101	0	9999	9999	0	NA	NA	152.4	40.0997	-75.7505
USC00363321	GLENMOORE	20000102	0	9999	9999	0	NA	NA	152.4	40.0997	-75.7505
USC00363321	GLENMOORE	20000103	0	9999	9999	0	NA	NA	152.4	40.0997	-75.7505
USC00363321	GLENMOORE	20000104	0	9999	9999	0	NA	NA	152.4	40.0997	-75.7505
USC00363321	GLENMOORE	20000105	0	9999	9999	0	NA	NA	152.4	40.0997	-75.7505
USC00363321	GLENMOORE	20000106	0	9999	9999	0	NA	NA	152.4	40.0997	-75.7505
USC00363321	GLENMOORE	20000107	0	9999	9999	0	NA	NA	152.4	40.0997	-75.7505
USC00363321	GLENMOORE	20000108	0	9999	9999	0	NA	NA	152.4	40.0997	-75.7505
USC00363321	GLENMOORE	20000109	0	9999	9999	0	NA	NA	152.4	40.0997	-75.7505
USC00363321	GLENMOORE	20000110	0	9999	9999	0	NA	NA	152.4	40.0997	-75.7505
USC00363321	GLENMOORE	20000111	0	9999	9999	0	NA	NA	152.4	40.0997	-75.7505
USC00363321	GLENMOORE	20000112	0	9999	9999	0	NA	NA	152.4	40.0997	-75.7505
USC00363321	GLENMOORE	20000113	0	9999	9999	0	NA	NA	152.4	40.0997	-75.7505
USC00363321	GLENMOORE	20000114	0	9999	9999	0	NA	NA	152.4	40.0997	-75.7505
USC00363321	GLENMOORE	20000115	0	9999	9999	0	NA	NA	152.4	40.0997	-75.7505
USC00363321	GLENMOORE	20000116	0	9999	9999	0	NA	NA	152.4	40.0997	-75.7505
USC00363321	GLENMOORE	20000117	0	9999	9999	0	NA	NA	152.4	40.0997	-75.7505
USC00363321	GLENMOORE	20000118	0	9999	9999	0	NA	NA	152.4	40.0997	-75.7505
USC00363321	GLENMOORE	20000119	0	9999	9999	0	NA	NA	152.4	40.0997	-75.7505
USC00363321	GLENMOORE	20000120	25	9999	9999	25	NA	NA	152.4	40.0997	-75.7505
USC00363321	GLENMOORE	20000121	102	9999	9999	102	NA	NA	152.4	40.0997	-75.7505
USC00363321	GLENMOORE	20000122	76	9999	9999	76	NA	NA	152.4	40.0997	-75.7505
USC00363321	GLENMOORE	20000123	76	9999	9999	76	NA	NA	152.4	40.0997	-75.7505
USC00363321	GLENMOORE	20000124	51	9999	9999	51	NA	NA	152.4	40.0997	-75.7505
USC00363321	GLENMOORE	20000125	76	9999	9999	76	NA	NA	152.4	40.0997	-75.7505
USC00363321	GLENMOORE	20000126	203	9999	9999	203	NA	NA	152.4	40.0997	-75.7505
USC00363321	GLENMOORE	20000127	203	9999	9999	203	NA	NA	152.4	40.0997	-75.7505
USC00363321	GLENMOORE	20000128	178	9999	9999	178	NA	NA	152.4	40.0997	-75.7505
USC00363321	GLENMOORE	20000129	178	9999	9999	178	NA	NA	152.4	40.0997	-75.7505
USC00363321	GLENMOORE	20000130	178	9999	9999	178	NA	NA	152.4	40.0997	-75.7505
USC00363321	GLENMOORE	20000131	305	9999	9999	305	NA	NA	152.4	40.0997	-75.7505
USC00363321	GLENMOORE	20010101	25	9999	9999	25	NA	NA	152.4	40.0997	-75.7505
USC00363321	GLENMOORE	20010102	0	9999	9999	0	NA	NA	152.4	40.0997	-75.7505
USC00363321	GLENMOORE	20010103	0	9999	9999	0	NA	NA	152.4	40.0997	-75.7505
USC00363321	GLENMOORE	20010104	0	9999	9999	0	NA	NA	152.4	40.0997	-75.7505
USC00363321	GLENMOORE	20010105	0	9999	9999	0	NA	NA	152.4	40.0997	-75.7505
USC00363321	GLENMOORE	20010106	51	9999	9999	51	NA	NA	152.4	40.0997	-75.7505
USC00363321	GLENMOORE	20010107	51	9999	9999	51	NA	NA	152.4	40.0997	-75.7505
USC00363321	GLENMOORE	20010108	25	9999	9999	25	NA	NA	152.4	40.0997	-75.7505
USC00363321	GLENMOORE	20010109	25	9999	9999	25	NA	NA	152.4	40.0997	-75.7505
USC00363321	GLENMOORE	20010110	25	9999	9999	25	NA	NA	152.4	40.0997	-75.7505
USC00363321	GLENMOORE	20010111	0	9999	9999	0	NA	NA	152.4	40.0997	-75.7505
USC00363321	GLENMOORE	20010112	0	9999	9999	0	NA	NA	152.4	40.0997	-75.7505
USC00363321	GLENMOORE	20010113	0	9999	9999	0	NA	NA	152.4	40.0997	-75.7505
USC00363321	GLENMOORE	20010114	0	9999	9999	0	NA	NA	152.4	40.0997	-75.7505
USC00363321	GLENMOORE	20010115	0	9999	9999	0	NA	NA	152.4	40.0997	-75.7505
USC00363321	GLENMOORE	20010116	0	9999	9999	0	NA	NA	152.4	40.0997	-75.7505
USC00363321	GLENMOORE	20010117	0	9999	9999	0	NA	NA	152.4	40.0997	-75.7505
USC00363321	GLENMOORE	20010118	0	9999	9999	0	NA	NA	152.4	40.0997	-75.7505
USC00363321	GLENMOORE	20010119	0	9999	9999	0	NA	NA	152.4	40.0997	-75.7505
USC00363321	GLENMOORE	20010120	0	9999	9999	0	NA	NA	152.4	40.0997	-75.7505
USC00363321	GLENMOORE	20010121	203	9999	9999	203	NA	NA	152.4	40.0997	-75.7505
USC00363321	GLENMOORE	20010122	152	9999	9999	152	NA	NA	152.4	40.0997	-75.7505
USC00363321	GLENMOORE	20010123	127	9999	9999	127	NA	NA	152.4	40.0997	-75.7505
USC00363321	GLENMOORE	20010124	102	9999	9999	102	NA	NA	152.4	40.0997	-75.7505
USC00363321	GLENMOORE	20010125	102	9999	9999	102	NA	NA	152.4	40.0997	-75.7505
USC00363321	GLENMOORE	20010126	102	9999	9999	102	NA	NA	152.4	40.0997	-75.7505
USC00363321	GLENMOORE	20010127	102	9999	9999	102	NA	NA	152.4	40.0997	-75.7505
USC00363321	GLENMOORE	20010128	102	9999	9999	102	NA	NA	152.4	40.0997	-75.7505
USC00363321	GLENMOORE	20010129	102	9999	9999	102	NA	NA	152.4	40.0997	-75.7505
USC00363321	GLENMOORE	20010130	76	9999	9999	76	NA	NA	152.4	40.0997	-75.7505
USC00363321	GLENMOORE	20010131	51	9999	9999	51	NA	NA	152.4	40.0997	-75.7505
USC00363321	GLENMOORE	20020101	0	9999	9999	0	NA	NA	152.4	40.0997	-75.7505
USC00363321	GLENMOORE	20020102	0	9999	9999	0	NA	NA	152.4	40.0997	-75.7505
USC00363321	GLENMOORE	20020103	0	9999	9999	0	NA	NA	152.4	40.0997	-75.7505
USC00363321	GLENMOORE	20020104	0	9999	9999	0	NA	NA	152.4	40.0997	-75.7505
USC00363321	GLENMOORE	20020105	0	9999	9999	0	NA	NA	152.4	40.0997	-75.7505
USC00363321	GLENMOORE	20020106	0	9999	9999	0	NA	NA	152.4	40.0997	-75.7505
USC00363321	GLENMOORE	20020107	25	9999	9999	25	NA	NA	152.4	40.0997	-75.7505
USC00363321	GLENMOORE	20020108	76	9999	9999	76	NA	NA	152.4	40.0997	-75.7505
USC00363321	GLENMOORE	20020109	76	9999	9999	76	NA	NA	152.4	40.0997	-75.7505
USC00363321	GLENMOORE	20020110	51	9999	9999	51	NA	NA	152.4	40.0997	-75.7505
USC00363321	GLENMOORE	20020111	0	9999	9999	0	NA	NA	152.4	40.0997	-75.7505
USC00363321	GLENMOORE	20020112	0	9999	9999	0	NA	NA	152.4	40.0997	-75.7505
USC00363321	GLENMOORE	20020113	0	9999	9999	0	NA	NA	152.4	40.0997	-75.7505
USC00363321	GLENMOORE	20020114	0	9999	9999	0	NA	NA	152.4	40.0997	-75.7505
USC00363321	GLENMOORE	20020115	0	9999	9999	0	NA	NA	152.4	40.0997	-75.7505
USC00363321	GLENMOORE	20020116	0	9999	9999	0	NA	NA	152.4	40.0997	-75.7505
USC00363321	GLENMOORE	20020117	0	9999	9999	0	NA	NA	152.4	40.0997	-75.7505
USC00363321	GLENMOORE	20020118	0	9999	9999	0	NA	NA	152.4	40.0997	-75.7505
USC00363321	GLENMOORE	20020119	0	9999	9999	0	NA	NA	152.4	40.0997	-75.7505
USC00363321	GLENMOORE	20020120	127	9999	9999	127	NA	NA	152.4	40.0997	-75.7505
USC00363321	GLENMOORE	20020121	76	9999	9999	76	NA	NA	152.4	40.0997	-75.7505
USC00363321	GLENMOORE	20020122	51	9999	9999	51	NA	NA	152.4	40.0997	-75.7505
USC00363321	GLENMOORE	20020123	25	9999	9999	25	NA	NA	152.4	40.0997	-75.7505
USC00363321	GLENMOORE	20020124	0	9999	9999	0	NA	NA	152.4	40.0997	-75.7505
USC00363321	GLENMOORE	20020125	0	9999	9999	0	NA	NA	152.4	40.0997	-75.7505
USC00363321	GLENMOORE	20020126	0	9999	9999	0	NA	NA	152.4	40.0997	-75.7505
USC00363321	GLENMOORE	20020127	0	9999	9999	0	NA	NA	152.4	40.0997	-75.7505
USC00363321	GLENMOORE	20020128	0	9999	9999	0	NA	NA	152.4	40.0997	-75.7505
USC00363321	GLENMOORE	20020129	0	9999	9999	0	NA	NA	152.4	40.0997	-75.7505
USC00363321	GLENMOORE	20020130	0	9999	9999	0	NA	NA	152.4	40.0997	-75.7505
USC00363321	GLENMOORE	20020131	0	9999	9999	0	NA	NA	152.4	40.0997	-75.7505
USC00363321	GLENMOORE	20030101	0	9999	9999	0	NA	NA	152.4	40.0997	-75.7505
USC00363321	GLENMOORE	20030102	0	9999	9999	0	NA	NA	152.4	40.0997	-75.7505
USC00363321	GLENMOORE	20030103	0	9999	9999	0	NA	NA	152.4	40.0997	-75.7505
USC00363321	GLENMOORE	20030104	0	9999	9999	0	NA	NA	152.4	40.0997	-75.7505
USC00363321	GLENMOORE	20030105	0	9999	9999	0	NA	NA	152.4	40.0997	-75.7505
USC00363321	GLENMOORE	20030106	76	9999	9999	76	NA	NA	152.4	40.0997	-75.7505
USC00363321	GLENMOORE	20030107	76	9999	9999	76	NA	NA	152.4	40.0997	-75.7505
USC00363321	GLENMOORE	20030108	51	9999	9999	51	NA	NA	152.4	40.0997	-75.7505
USC00363321	GLENMOORE	20030109	0	9999	9999	0	NA	NA	152.4	40.0997	-75.7505
USC00363321	GLENMOORE	20030110	0	9999	9999	0	NA	NA	152.4	40.0997	-75.7505
USC00363321	GLENMOORE	20030111	0	9999	9999	0	NA	NA	152.4	40.0997	-75.7505
USC00363321	GLENMOORE	20030112	0	9999	9999	0	NA	NA	152.4	40.0997	-75.7505
USC00363321	GLENMOORE	20030113	0	9999	9999	0	NA	NA	152.4	40.0997	-75.7505
USC00363321	GLENMOORE	20030114	0	9999	9999	0	NA	NA	152.4	40.0997	-75.7505
USC00363321	GLENMOORE	20030115	0	9999	9999	0	NA	NA	152.4	40.0997	-75.7505
USC00363321	GLENMOORE	20030116	0	9999	9999	0	NA	NA	152.4	40.0997	-75.7505
USC00363321	GLENMOORE	20030117	25	9999	9999	25	NA	NA	152.4	40.0997	-75.7505
USC00363321	GLENMOORE	20030118	0	9999	9999	0	NA	NA	152.4	40.0997	-75.7505
USC00363321	GLENMOORE	20030119	0	9999	9999	0	NA	NA	152.4	40.0997	-75.7505
USC00363321	GLENMOORE	20030120	0	9999	9999	0	NA	NA	152.4	40.0997	-75.7505
USC00363321	GLENMOORE	20030121	0	9999	9999	0	NA	NA	152.4	40.0997	-75.7505
USC00363321	GLENMOORE	20030122	0	9999	9999	0	NA	NA	152.4	40.0997	-75.7505
USC00363321	GLENMOORE	20030123	0	9999	9999	0	NA	NA	152.4	40.0997	-75.7505
USC00363321	GLENMOORE	20030124	0	9999	9999	0	NA	NA	152.4	40.0997	-75.7505
USC00363321	GLENMOORE	20030125	0	9999	9999	0	NA	NA	152.4	40.0997	-75.7505
USC00363321	GLENMOORE	20030126	0	9999	9999	0	NA	NA	152.4	40.0997	-75.7505
USC00363321	GLENMOORE	20030127	0	9999	9999	0	NA	NA	152.4	40.0997	-75.7505
USC00363321	GLENMOORE	20030128	0	9999	9999	0	NA	NA	152.4	40.0997	-75.7505
USC00363321	GLENMOORE	20030129	25	9999	9999	25	NA	NA	152.4	40.0997	-75.7505
USC00363321	GLENMOORE	20030130	51	9999	9999	51	NA	NA	152.4	40.0997	-75.7505
USC00363321	GLENMOORE	20030131	25	9999	9999	25	NA	NA	152.4	40.0997	-75.7505
USC00363321	GLENMOORE	20040101	0	9999	9999	0	NA	NA	152.4	40.0997	-75.7505
USC00363321	GLENMOORE	20040102	0	9999	9999	0	NA	NA	152.4	40.0997	-75.7505
USC00363321	GLENMOORE	20040103	0	9999	9999	0	NA	NA	152.4	40.0997	-75.7505
USC00363321	GLENMOORE	20040104	0	9999	9999	0	NA	NA	152.4	40.0997	-75.7505
USC00363321	GLENMOORE	20040105	0	9999	9999	0	NA	NA	152.4	40.0997	-75.7505
USC00363321	GLENMOORE	20040106	0	9999	9999	0	NA	NA	152.4	40.0997	-75.7505
USC00363321	GLENMOORE	20040107	0	9999	9999	0	NA	NA	152.4	40.0997	-75.7505
USC00363321	GLENMOORE	20040108	0	9999	9999	0	NA	NA	152.4	40.0997	-75.7505
USC00363321	GLENMOORE	20040109	0	9999	9999	0	NA	NA	152.4	40.0997	-75.7505
USC00363321	GLENMOORE	20040110	0	9999	9999	0	NA	NA	152.4	40.0997	-75.7505
USC00363321	GLENMOORE	20040111	0	9999	9999	0	NA	NA	152.4	40.0997	-75.7505
USC00363321	GLENMOORE	20040112	0	9999	9999	0	NA	NA	152.4	40.0997	-75.7505
USC00363321	GLENMOORE	20040113	0	9999	9999	0	NA	NA	152.4	40.0997	-75.7505
USC00363321	GLENMOORE	20040114	0	9999	9999	0	NA	NA	152.4	40.0997	-75.7505
USC00363321	GLENMOORE	20040115	25	9999	9999	25	NA	NA	152.4	40.0997	-75.7505
USC00363321	GLENMOORE	20040116	25	9999	9999	25	NA	NA	152.4	40.0997	-75.7505
USC00363321	GLENMOORE	20040117	25	9999	9999	25	NA	NA	152.4	40.0997	-75.7505
USC00363321	GLENMOORE	20040118	25	9999	9999	25	NA	NA	152.4	40.0997	-75.7505
USC00363321	GLENMOORE	20040119	51	9999	9999	51	NA	NA	152.4	40.0997	-75.7505
USC00363321	GLENMOORE	20040120	25	9999	9999	25	NA	NA	152.4	40.0997	-75.7505
USC00363321	GLENMOORE	20040121	25	9999	9999	25	NA	NA	152.4	40.0997	-75.7505
USC00363321	GLENMOORE	20040122	25	9999	9999	25	NA	NA	152.4	40.0997	-75.7505
USC00363321	GLENMOORE	20040123	25	9999	9999	25	NA	NA	152.4	40.0997	-75.7505
USC00363321	GLENMOORE	20040124	51	9999	9999	51	NA	NA	152.4	40.0997	-75.7505
USC00363321	GLENMOORE	20040125	51	9999	9999	51	NA	NA	152.4	40.0997	-75.7505
USC00363321	GLENMOORE	20040126	102	9999	9999	102	NA	NA	152.4	40.0997	-75.7505
USC00363321	GLENMOORE	20040127	102	9999	9999	102	NA	NA	152.4	40.0997	-75.7505
USC00363321	GLENMOORE	20040128	178	9999	9999	178	NA	NA	152.4	40.0997	-75.7505
USC00363321	GLENMOORE	20040129	152	9999	9999	152	NA	NA	152.4	40.0997	-75.7505
USC00363321	GLENMOORE	20040130	127	9999	9999	127	NA	NA	152.4	40.0997	-75.7505
USC00363321	GLENMOORE	20040131	127	9999	9999	127	NA	NA	152.4	40.0997	-75.7505
USC00363321	GLENMOORE	20050101	0	9999	9999	0	NA	NA	152.4	40.0997	-75.7505
USC00363321	GLENMOORE	20050102	0	9999	9999	0	NA	NA	152.4	40.0997	-75.7505
USC00363321	GLENMOORE	20050103	0	9999	9999	0	NA	NA	152.4	40.0997	-75.7505
USC00363321	GLENMOORE	20050104	0	9999	9999	0	NA	NA	152.4	40.0997	-75.7505
USC00363321	GLENMOORE	20050105	0	9999	9999	0	NA	NA	152.4	40.0997	-75.7505
USC00363321	GLENMOORE	20050106	0	9999	9999	0	NA	NA	152.4	40.0997	-75.7505
USC00363321	GLENMOORE	20050107	0	9999	9999	0	NA	NA	152.4	40.0997	-75.7505
USC00363321	GLENMOORE	20050108	0	9999	9999	0	NA	NA	152.4	40.0997	-75.7505
USC00363321	GLENMOORE	20050109	0	9999	9999	0	NA	NA	152.4	40.0997	-75.7505
USC00363321	GLENMOORE	20050110	0	9999	9999	0	NA	NA	152.4	40.0997	-75.7505
USC00363321	GLENMOORE	20050111	0	9999	9999	0	NA	NA	152.4	40.0997	-75.7505
USC00363321	GLENMOORE	20050112	0	9999	9999	0	NA	NA	152.4	40.0997	-75.7505
USC00363321	GLENMOORE	20050113	0	9999	9999	0	NA	NA	152.4	40.0997	-75.7505
USC00363321	GLENMOORE	20050114	0	9999	9999	0	NA	NA	152.4	40.0997	-75.7505
USC00363321	GLENMOORE	20050115	0	9999	9999	0	NA	NA	152.4	40.0997	-75.7505
USC00363321	GLENMOORE	20050116	0	9999	9999	0	NA	NA	152.4	40.0997	-75.7505
USC00363321	GLENMOORE	20050117	0	9999	9999	0	NA	NA	152.4	40.0997	-75.7505
USC00363321	GLENMOORE	20050118	0	9999	9999	0	NA	NA	152.4	40.0997	-75.7505
USC00363321	GLENMOORE	20050119	0	9999	9999	0	NA	NA	152.4	40.0997	-75.7505
USC00363321	GLENMOORE	20050120	51	9999	9999	51	NA	NA	152.4	40.0997	-75.7505
USC00363321	GLENMOORE	20050121	25	9999	9999	25	NA	NA	152.4	40.0997	-75.7505
USC00363321	GLENMOORE	20050122	25	9999	9999	25	NA	NA	152.4	40.0997	-75.7505
USC00363321	GLENMOORE	20050123	254	9999	9999	254	NA	NA	152.4	40.0997	-75.7505
USC00363321	GLENMOORE	20050124	229	9999	9999	229	NA	NA	152.4	40.0997	-75.7505
USC00363321	GLENMOORE	20050125	229	9999	9999	229	NA	NA	152.4	40.0997	-75.7505
USC00363321	GLENMOORE	20050126	203	9999	9999	203	NA	NA	152.4	40.0997	-75.7505
USC00363321	GLENMOORE	20050127	152	9999	9999	152	NA	NA	152.4	40.0997	-75.7505
USC00363321	GLENMOORE	20050128	152	9999	9999	152	NA	NA	152.4	40.0997	-75.7505
USC00363321	GLENMOORE	20050129	152	9999	9999	152	NA	NA	152.4	40.0997	-75.7505
USC00363321	GLENMOORE	20050130	178	9999	9999	178	NA	NA	152.4	40.0997	-75.7505
USC00363321	GLENMOORE	20050131	152	9999	9999	152	NA	NA	152.4	40.0997	-75.7505
