STATION	NAME	DATE	SNWD	TMAX	TMIN	SNWD2	TMAX2	TMIN2	ELEV	LAT	LONG
USC00363437	GRATERFORD	19950101	9999	33	9999	NA	33	NA	73.2	40.2305	-75.4354
USC00363437	GRATERFORD	19950102	9999	106	9999	NA	106	NA	73.2	40.2305	-75.4354
USC00363437	GRATERFORD	19950103	9999	28	9999	NA	28	NA	73.2	40.2305	-75.4354
USC00363437	GRATERFORD	19950104	9999	-11	9999	NA	-11	NA	73.2	40.2305	-75.4354
USC00363437	GRATERFORD	19950105	9999	-6	9999	NA	-6	NA	73.2	40.2305	-75.4354
USC00363437	GRATERFORD	19950106	9999	-44	9999	NA	-44	NA	73.2	40.2305	-75.4354
USC00363437	GRATERFORD	19950107	9999	33	9999	NA	33	NA	73.2	40.2305	-75.4354
USC00363437	GRATERFORD	19950108	9999	67	9999	NA	67	NA	73.2	40.2305	-75.4354
USC00363437	GRATERFORD	19950109	9999	33	9999	NA	33	NA	73.2	40.2305	-75.4354
USC00363437	GRATERFORD	19950110	9999	50	9999	NA	50	NA	73.2	40.2305	-75.4354
USC00363437	GRATERFORD	19950111	9999	-6	9999	NA	-6	NA	73.2	40.2305	-75.4354
USC00363437	GRATERFORD	19950112	9999	11	9999	NA	11	NA	73.2	40.2305	-75.4354
USC00363437	GRATERFORD	19950113	9999	72	9999	NA	72	NA	73.2	40.2305	-75.4354
USC00363437	GRATERFORD	19950114	9999	122	9999	NA	122	NA	73.2	40.2305	-75.4354
USC00363437	GRATERFORD	19950115	9999	206	9999	NA	206	NA	73.2	40.2305	-75.4354
USC00363437	GRATERFORD	19950116	9999	194	9999	NA	194	NA	73.2	40.2305	-75.4354
USC00363437	GRATERFORD	19950117	9999	150	9999	NA	150	NA	73.2	40.2305	-75.4354
USC00363437	GRATERFORD	19950118	9999	111	9999	NA	111	NA	73.2	40.2305	-75.4354
USC00363437	GRATERFORD	19950119	9999	67	9999	NA	67	NA	73.2	40.2305	-75.4354
USC00363437	GRATERFORD	19950120	9999	83	9999	NA	83	NA	73.2	40.2305	-75.4354
USC00363437	GRATERFORD	19950121	9999	106	9999	NA	106	NA	73.2	40.2305	-75.4354
USC00363437	GRATERFORD	19950122	9999	56	9999	NA	56	NA	73.2	40.2305	-75.4354
USC00363437	GRATERFORD	19950123	9999	28	9999	NA	28	NA	73.2	40.2305	-75.4354
USC00363437	GRATERFORD	19950124	9999	28	9999	NA	28	NA	73.2	40.2305	-75.4354
USC00363437	GRATERFORD	19950125	9999	28	9999	NA	28	NA	73.2	40.2305	-75.4354
USC00363437	GRATERFORD	19950126	9999	67	9999	NA	67	NA	73.2	40.2305	-75.4354
USC00363437	GRATERFORD	19950127	9999	33	9999	NA	33	NA	73.2	40.2305	-75.4354
USC00363437	GRATERFORD	19950128	9999	33	9999	NA	33	NA	73.2	40.2305	-75.4354
USC00363437	GRATERFORD	19950129	9999	-6	9999	NA	-6	NA	73.2	40.2305	-75.4354
USC00363437	GRATERFORD	19950130	9999	28	9999	NA	28	NA	73.2	40.2305	-75.4354
USC00363437	GRATERFORD	19950131	9999	39	9999	NA	39	NA	73.2	40.2305	-75.4354
USC00363437	GRATERFORD	19960101	9999	44	9999	NA	44	NA	73.2	40.2305	-75.4354
USC00363437	GRATERFORD	19960102	9999	61	9999	NA	61	NA	73.2	40.2305	-75.4354
USC00363437	GRATERFORD	19960103	9999	22	9999	NA	22	NA	73.2	40.2305	-75.4354
USC00363437	GRATERFORD	19960104	9999	0	9999	NA	0	NA	73.2	40.2305	-75.4354
USC00363437	GRATERFORD	19960105	9999	-22	9999	NA	-22	NA	73.2	40.2305	-75.4354
USC00363437	GRATERFORD	19960106	9999	-44	9999	NA	-44	NA	73.2	40.2305	-75.4354
USC00363437	GRATERFORD	19960107	9999	-56	9999	NA	-56	NA	73.2	40.2305	-75.4354
USC00363437	GRATERFORD	19960108	9999	-61	9999	NA	-61	NA	73.2	40.2305	-75.4354
USC00363437	GRATERFORD	19960109	9999	-61	9999	NA	-61	NA	73.2	40.2305	-75.4354
USC00363437	GRATERFORD	19960110	9999	-44	9999	NA	-44	NA	73.2	40.2305	-75.4354
USC00363437	GRATERFORD	19960111	9999	-28	9999	NA	-28	NA	73.2	40.2305	-75.4354
USC00363437	GRATERFORD	19960112	9999	-17	9999	NA	-17	NA	73.2	40.2305	-75.4354
USC00363437	GRATERFORD	19960113	9999	-6	9999	NA	-6	NA	73.2	40.2305	-75.4354
USC00363437	GRATERFORD	19960114	9999	22	9999	NA	22	NA	73.2	40.2305	-75.4354
USC00363437	GRATERFORD	19960115	9999	28	9999	NA	28	NA	73.2	40.2305	-75.4354
USC00363437	GRATERFORD	19960116	9999	44	9999	NA	44	NA	73.2	40.2305	-75.4354
USC00363437	GRATERFORD	19960117	9999	39	9999	NA	39	NA	73.2	40.2305	-75.4354
USC00363437	GRATERFORD	19960118	9999	39	9999	NA	39	NA	73.2	40.2305	-75.4354
USC00363437	GRATERFORD	19960119	9999	144	9999	NA	144	NA	73.2	40.2305	-75.4354
USC00363437	GRATERFORD	19960120	9999	-28	9999	NA	-28	NA	73.2	40.2305	-75.4354
USC00363437	GRATERFORD	19960121	9999	-28	9999	NA	-28	NA	73.2	40.2305	-75.4354
USC00363437	GRATERFORD	19960122	9999	0	9999	NA	0	NA	73.2	40.2305	-75.4354
USC00363437	GRATERFORD	19960123	9999	17	9999	NA	17	NA	73.2	40.2305	-75.4354
USC00363437	GRATERFORD	19960124	9999	33	9999	NA	33	NA	73.2	40.2305	-75.4354
USC00363437	GRATERFORD	19960125	9999	100	9999	NA	100	NA	73.2	40.2305	-75.4354
USC00363437	GRATERFORD	19960126	9999	17	9999	NA	17	NA	73.2	40.2305	-75.4354
USC00363437	GRATERFORD	19960127	9999	72	9999	NA	72	NA	73.2	40.2305	-75.4354
USC00363437	GRATERFORD	19960128	9999	144	9999	NA	144	NA	73.2	40.2305	-75.4354
USC00363437	GRATERFORD	19960129	9999	61	9999	NA	61	NA	73.2	40.2305	-75.4354
USC00363437	GRATERFORD	19960130	9999	44	9999	NA	44	NA	73.2	40.2305	-75.4354
USC00363437	GRATERFORD	19960131	9999	44	9999	NA	44	NA	73.2	40.2305	-75.4354
USC00363437	GRATERFORD	19970101	9999	72	9999	NA	72	NA	73.2	40.2305	-75.4354
USC00363437	GRATERFORD	19970102	9999	61	9999	NA	61	NA	73.2	40.2305	-75.4354
USC00363437	GRATERFORD	19970103	9999	156	9999	NA	156	NA	73.2	40.2305	-75.4354
USC00363437	GRATERFORD	19970104	9999	144	9999	NA	144	NA	73.2	40.2305	-75.4354
USC00363437	GRATERFORD	19970105	9999	128	9999	NA	128	NA	73.2	40.2305	-75.4354
USC00363437	GRATERFORD	19970106	9999	89	9999	NA	89	NA	73.2	40.2305	-75.4354
USC00363437	GRATERFORD	19970107	9999	139	9999	NA	139	NA	73.2	40.2305	-75.4354
USC00363437	GRATERFORD	19970108	9999	178	9999	NA	178	NA	73.2	40.2305	-75.4354
USC00363437	GRATERFORD	19970109	9999	72	9999	NA	72	NA	73.2	40.2305	-75.4354
USC00363437	GRATERFORD	19970110	9999	67	9999	NA	67	NA	73.2	40.2305	-75.4354
USC00363437	GRATERFORD	19970111	9999	128	9999	NA	128	NA	73.2	40.2305	-75.4354
USC00363437	GRATERFORD	19970112	9999	156	9999	NA	156	NA	73.2	40.2305	-75.4354
USC00363437	GRATERFORD	19970113	9999	22	9999	NA	22	NA	73.2	40.2305	-75.4354
USC00363437	GRATERFORD	19970114	9999	-50	9999	NA	-50	NA	73.2	40.2305	-75.4354
USC00363437	GRATERFORD	19970115	9999	-28	9999	NA	-28	NA	73.2	40.2305	-75.4354
USC00363437	GRATERFORD	19970116	9999	39	9999	NA	39	NA	73.2	40.2305	-75.4354
USC00363437	GRATERFORD	19970117	9999	-44	9999	NA	-44	NA	73.2	40.2305	-75.4354
USC00363437	GRATERFORD	19970118	9999	67	9999	NA	67	NA	73.2	40.2305	-75.4354
USC00363437	GRATERFORD	19970119	9999	44	9999	NA	44	NA	73.2	40.2305	-75.4354
USC00363437	GRATERFORD	19970120	9999	117	9999	NA	117	NA	73.2	40.2305	-75.4354
USC00363437	GRATERFORD	19970121	9999	11	9999	NA	11	NA	73.2	40.2305	-75.4354
USC00363437	GRATERFORD	19970122	9999	50	9999	NA	50	NA	73.2	40.2305	-75.4354
USC00363437	GRATERFORD	19970123	9999	94	9999	NA	94	NA	73.2	40.2305	-75.4354
USC00363437	GRATERFORD	19970124	9999	72	9999	NA	72	NA	73.2	40.2305	-75.4354
USC00363437	GRATERFORD	19970125	9999	111	9999	NA	111	NA	73.2	40.2305	-75.4354
USC00363437	GRATERFORD	19970126	9999	78	9999	NA	78	NA	73.2	40.2305	-75.4354
USC00363437	GRATERFORD	19970127	9999	72	9999	NA	72	NA	73.2	40.2305	-75.4354
USC00363437	GRATERFORD	19970128	9999	67	9999	NA	67	NA	73.2	40.2305	-75.4354
USC00363437	GRATERFORD	19970129	9999	50	9999	NA	50	NA	73.2	40.2305	-75.4354
USC00363437	GRATERFORD	19970130	9999	-11	9999	NA	-11	NA	73.2	40.2305	-75.4354
USC00363437	GRATERFORD	19970131	9999	6	9999	NA	6	NA	73.2	40.2305	-75.4354
USC00363437	GRATERFORD	19990101	9999	-22	9999	NA	-22	NA	73.2	40.2305	-75.4354
USC00363437	GRATERFORD	19990102	9999	-22	9999	NA	-22	NA	73.2	40.2305	-75.4354
USC00363437	GRATERFORD	19990103	9999	117	9999	NA	117	NA	73.2	40.2305	-75.4354
USC00363437	GRATERFORD	19990104	9999	172	9999	NA	172	NA	73.2	40.2305	-75.4354
USC00363437	GRATERFORD	19990105	9999	-22	9999	NA	-22	NA	73.2	40.2305	-75.4354
USC00363437	GRATERFORD	19990106	9999	-28	9999	NA	-28	NA	73.2	40.2305	-75.4354
USC00363437	GRATERFORD	19990107	9999	11	9999	NA	11	NA	73.2	40.2305	-75.4354
USC00363437	GRATERFORD	19990108	9999	72	9999	NA	72	NA	73.2	40.2305	-75.4354
USC00363437	GRATERFORD	19990109	9999	33	9999	NA	33	NA	73.2	40.2305	-75.4354
USC00363437	GRATERFORD	19990110	9999	61	9999	NA	61	NA	73.2	40.2305	-75.4354
USC00363437	GRATERFORD	19990111	9999	-17	9999	NA	-17	NA	73.2	40.2305	-75.4354
USC00363437	GRATERFORD	19990112	9999	11	9999	NA	11	NA	73.2	40.2305	-75.4354
USC00363437	GRATERFORD	19990113	9999	117	9999	NA	117	NA	73.2	40.2305	-75.4354
USC00363437	GRATERFORD	19990114	9999	122	9999	NA	122	NA	73.2	40.2305	-75.4354
USC00363437	GRATERFORD	19990115	9999	11	9999	NA	11	NA	73.2	40.2305	-75.4354
USC00363437	GRATERFORD	19990116	9999	11	9999	NA	11	NA	73.2	40.2305	-75.4354
USC00363437	GRATERFORD	19990117	9999	83	9999	NA	83	NA	73.2	40.2305	-75.4354
USC00363437	GRATERFORD	19990118	9999	206	9999	NA	206	NA	73.2	40.2305	-75.4354
USC00363437	GRATERFORD	19990119	9999	122	9999	NA	122	NA	73.2	40.2305	-75.4354
USC00363437	GRATERFORD	19990120	9999	94	9999	NA	94	NA	73.2	40.2305	-75.4354
USC00363437	GRATERFORD	19990121	9999	78	9999	NA	78	NA	73.2	40.2305	-75.4354
USC00363437	GRATERFORD	19990122	9999	94	9999	NA	94	NA	73.2	40.2305	-75.4354
USC00363437	GRATERFORD	19990123	9999	83	9999	NA	83	NA	73.2	40.2305	-75.4354
USC00363437	GRATERFORD	19990124	9999	206	9999	NA	206	NA	73.2	40.2305	-75.4354
USC00363437	GRATERFORD	19990125	9999	94	9999	NA	94	NA	73.2	40.2305	-75.4354
USC00363437	GRATERFORD	19990126	9999	-78	9999	NA	-78	NA	73.2	40.2305	-75.4354
USC00363437	GRATERFORD	19990127	9999	72	9999	NA	72	NA	73.2	40.2305	-75.4354
USC00363437	GRATERFORD	19990128	9999	89	9999	NA	89	NA	73.2	40.2305	-75.4354
USC00363437	GRATERFORD	19990129	9999	100	9999	NA	100	NA	73.2	40.2305	-75.4354
USC00363437	GRATERFORD	19990130	9999	44	9999	NA	44	NA	73.2	40.2305	-75.4354
USC00363437	GRATERFORD	19990131	9999	50	9999	NA	50	NA	73.2	40.2305	-75.4354
USC00363437	GRATERFORD	20000101	9999	94	9999	NA	94	NA	73.2	40.2305	-75.4354
USC00363437	GRATERFORD	20000102	9999	178	9999	NA	178	NA	73.2	40.2305	-75.4354
USC00363437	GRATERFORD	20000103	9999	189	9999	NA	189	NA	73.2	40.2305	-75.4354
USC00363437	GRATERFORD	20000104	9999	172	9999	NA	172	NA	73.2	40.2305	-75.4354
USC00363437	GRATERFORD	20000105	9999	272	9999	NA	272	NA	73.2	40.2305	-75.4354
USC00363437	GRATERFORD	20000106	9999	72	9999	NA	72	NA	73.2	40.2305	-75.4354
USC00363437	GRATERFORD	20000107	9999	83	9999	NA	83	NA	73.2	40.2305	-75.4354
USC00363437	GRATERFORD	20000108	9999	89	9999	NA	89	NA	73.2	40.2305	-75.4354
USC00363437	GRATERFORD	20000109	9999	94	9999	NA	94	NA	73.2	40.2305	-75.4354
USC00363437	GRATERFORD	20000110	9999	78	9999	NA	78	NA	73.2	40.2305	-75.4354
USC00363437	GRATERFORD	20000111	9999	156	9999	NA	156	NA	73.2	40.2305	-75.4354
USC00363437	GRATERFORD	20000112	9999	106	9999	NA	106	NA	73.2	40.2305	-75.4354
USC00363437	GRATERFORD	20000113	9999	67	9999	NA	67	NA	73.2	40.2305	-75.4354
USC00363437	GRATERFORD	20000114	9999	44	9999	NA	44	NA	73.2	40.2305	-75.4354
USC00363437	GRATERFORD	20000115	9999	44	9999	NA	44	NA	73.2	40.2305	-75.4354
USC00363437	GRATERFORD	20000116	9999	39	9999	NA	39	NA	73.2	40.2305	-75.4354
USC00363437	GRATERFORD	20000117	9999	44	9999	NA	44	NA	73.2	40.2305	-75.4354
USC00363437	GRATERFORD	20000118	9999	106	9999	NA	106	NA	73.2	40.2305	-75.4354
USC00363437	GRATERFORD	20000119	9999	11	9999	NA	11	NA	73.2	40.2305	-75.4354
USC00363437	GRATERFORD	20000120	9999	11	9999	NA	11	NA	73.2	40.2305	-75.4354
USC00363437	GRATERFORD	20000121	9999	11	9999	NA	11	NA	73.2	40.2305	-75.4354
USC00363437	GRATERFORD	20000122	9999	0	9999	NA	0	NA	73.2	40.2305	-75.4354
USC00363437	GRATERFORD	20000123	9999	-33	9999	NA	-33	NA	73.2	40.2305	-75.4354
USC00363437	GRATERFORD	20000124	9999	-33	9999	NA	-33	NA	73.2	40.2305	-75.4354
USC00363437	GRATERFORD	20000125	9999	33	9999	NA	33	NA	73.2	40.2305	-75.4354
USC00363437	GRATERFORD	20000126	9999	39	9999	NA	39	NA	73.2	40.2305	-75.4354
USC00363437	GRATERFORD	20000127	9999	33	9999	NA	33	NA	73.2	40.2305	-75.4354
USC00363437	GRATERFORD	20000128	9999	6	9999	NA	6	NA	73.2	40.2305	-75.4354
USC00363437	GRATERFORD	20000129	9999	22	9999	NA	22	NA	73.2	40.2305	-75.4354
USC00363437	GRATERFORD	20000130	9999	-17	9999	NA	-17	NA	73.2	40.2305	-75.4354
USC00363437	GRATERFORD	20000131	9999	-28	9999	NA	-28	NA	73.2	40.2305	-75.4354
USC00363437	GRATERFORD	20010101	9999	11	9999	NA	11	NA	73.2	40.2305	-75.4354
USC00363437	GRATERFORD	20010102	9999	17	9999	NA	17	NA	73.2	40.2305	-75.4354
USC00363437	GRATERFORD	20010103	9999	-28	9999	NA	-28	NA	73.2	40.2305	-75.4354
USC00363437	GRATERFORD	20010104	9999	0	9999	NA	0	NA	73.2	40.2305	-75.4354
USC00363437	GRATERFORD	20010105	9999	17	9999	NA	17	NA	73.2	40.2305	-75.4354
USC00363437	GRATERFORD	20010106	9999	-6	9999	NA	-6	NA	73.2	40.2305	-75.4354
USC00363437	GRATERFORD	20010107	9999	33	9999	NA	33	NA	73.2	40.2305	-75.4354
USC00363437	GRATERFORD	20010108	9999	83	9999	NA	83	NA	73.2	40.2305	-75.4354
USC00363437	GRATERFORD	20010109	9999	44	9999	NA	44	NA	73.2	40.2305	-75.4354
USC00363437	GRATERFORD	20010110	9999	-11	9999	NA	-11	NA	73.2	40.2305	-75.4354
USC00363437	GRATERFORD	20010111	9999	28	9999	NA	28	NA	73.2	40.2305	-75.4354
USC00363437	GRATERFORD	20010112	9999	72	9999	NA	72	NA	73.2	40.2305	-75.4354
USC00363437	GRATERFORD	20010113	9999	67	9999	NA	67	NA	73.2	40.2305	-75.4354
USC00363437	GRATERFORD	20010114	9999	72	9999	NA	72	NA	73.2	40.2305	-75.4354
USC00363437	GRATERFORD	20010115	9999	56	9999	NA	56	NA	73.2	40.2305	-75.4354
USC00363437	GRATERFORD	20010116	9999	33	9999	NA	33	NA	73.2	40.2305	-75.4354
USC00363437	GRATERFORD	20010117	9999	67	9999	NA	67	NA	73.2	40.2305	-75.4354
USC00363437	GRATERFORD	20010118	9999	44	9999	NA	44	NA	73.2	40.2305	-75.4354
USC00363437	GRATERFORD	20010119	9999	50	9999	NA	50	NA	73.2	40.2305	-75.4354
USC00363437	GRATERFORD	20010120	9999	33	9999	NA	33	NA	73.2	40.2305	-75.4354
USC00363437	GRATERFORD	20010121	9999	17	9999	NA	17	NA	73.2	40.2305	-75.4354
USC00363437	GRATERFORD	20010122	9999	-6	9999	NA	-6	NA	73.2	40.2305	-75.4354
USC00363437	GRATERFORD	20010123	9999	39	9999	NA	39	NA	73.2	40.2305	-75.4354
USC00363437	GRATERFORD	20010124	9999	39	9999	NA	39	NA	73.2	40.2305	-75.4354
USC00363437	GRATERFORD	20010125	9999	61	9999	NA	61	NA	73.2	40.2305	-75.4354
USC00363437	GRATERFORD	20010126	9999	33	9999	NA	33	NA	73.2	40.2305	-75.4354
USC00363437	GRATERFORD	20010127	9999	17	9999	NA	17	NA	73.2	40.2305	-75.4354
USC00363437	GRATERFORD	20010128	9999	50	9999	NA	50	NA	73.2	40.2305	-75.4354
USC00363437	GRATERFORD	20010129	9999	28	9999	NA	28	NA	73.2	40.2305	-75.4354
USC00363437	GRATERFORD	20010130	9999	39	9999	NA	39	NA	73.2	40.2305	-75.4354
USC00363437	GRATERFORD	20010131	9999	106	9999	NA	106	NA	73.2	40.2305	-75.4354
USC00363437	GRATERFORD	20020101	9999	-11	9999	NA	-11	NA	73.2	40.2305	-75.4354
USC00363437	GRATERFORD	20020102	9999	11	9999	NA	11	NA	73.2	40.2305	-75.4354
USC00363437	GRATERFORD	20020103	9999	28	9999	NA	28	NA	73.2	40.2305	-75.4354
USC00363437	GRATERFORD	20020104	9999	33	9999	NA	33	NA	73.2	40.2305	-75.4354
USC00363437	GRATERFORD	20020105	9999	33	9999	NA	33	NA	73.2	40.2305	-75.4354
USC00363437	GRATERFORD	20020106	9999	50	9999	NA	50	NA	73.2	40.2305	-75.4354
USC00363437	GRATERFORD	20020107	9999	33	9999	NA	33	NA	73.2	40.2305	-75.4354
USC00363437	GRATERFORD	20020108	9999	28	9999	NA	28	NA	73.2	40.2305	-75.4354
USC00363437	GRATERFORD	20020109	9999	17	9999	NA	17	NA	73.2	40.2305	-75.4354
USC00363437	GRATERFORD	20020110	9999	56	9999	NA	56	NA	73.2	40.2305	-75.4354
USC00363437	GRATERFORD	20020111	9999	122	9999	NA	122	NA	73.2	40.2305	-75.4354
USC00363437	GRATERFORD	20020112	9999	78	9999	NA	78	NA	73.2	40.2305	-75.4354
USC00363437	GRATERFORD	20020113	9999	83	9999	NA	83	NA	73.2	40.2305	-75.4354
USC00363437	GRATERFORD	20020114	9999	61	9999	NA	61	NA	73.2	40.2305	-75.4354
USC00363437	GRATERFORD	20020115	9999	89	9999	NA	89	NA	73.2	40.2305	-75.4354
USC00363437	GRATERFORD	20020116	9999	94	9999	NA	94	NA	73.2	40.2305	-75.4354
USC00363437	GRATERFORD	20020117	9999	67	9999	NA	67	NA	73.2	40.2305	-75.4354
USC00363437	GRATERFORD	20020118	9999	89	9999	NA	89	NA	73.2	40.2305	-75.4354
USC00363437	GRATERFORD	20020119	9999	39	9999	NA	39	NA	73.2	40.2305	-75.4354
USC00363437	GRATERFORD	20020120	9999	-6	9999	NA	-6	NA	73.2	40.2305	-75.4354
USC00363437	GRATERFORD	20020121	9999	39	9999	NA	39	NA	73.2	40.2305	-75.4354
USC00363437	GRATERFORD	20020122	9999	61	9999	NA	61	NA	73.2	40.2305	-75.4354
USC00363437	GRATERFORD	20020123	9999	83	9999	NA	83	NA	73.2	40.2305	-75.4354
USC00363437	GRATERFORD	20020124	9999	78	9999	NA	78	NA	73.2	40.2305	-75.4354
USC00363437	GRATERFORD	20020125	9999	100	9999	NA	100	NA	73.2	40.2305	-75.4354
USC00363437	GRATERFORD	20020126	9999	83	9999	NA	83	NA	73.2	40.2305	-75.4354
USC00363437	GRATERFORD	20020127	9999	128	9999	NA	128	NA	73.2	40.2305	-75.4354
USC00363437	GRATERFORD	20020128	9999	189	9999	NA	189	NA	73.2	40.2305	-75.4354
USC00363437	GRATERFORD	20020129	9999	178	9999	NA	178	NA	73.2	40.2305	-75.4354
USC00363437	GRATERFORD	20020130	9999	211	9999	NA	211	NA	73.2	40.2305	-75.4354
USC00363437	GRATERFORD	20020131	9999	172	9999	NA	172	NA	73.2	40.2305	-75.4354
USC00363437	GRATERFORD	20030101	9999	11	9999	NA	11	NA	73.2	40.2305	-75.4354
USC00363437	GRATERFORD	20030102	9999	78	9999	NA	78	NA	73.2	40.2305	-75.4354
USC00363437	GRATERFORD	20030103	9999	44	9999	NA	44	NA	73.2	40.2305	-75.4354
USC00363437	GRATERFORD	20030104	9999	22	9999	NA	22	NA	73.2	40.2305	-75.4354
USC00363437	GRATERFORD	20030105	9999	22	9999	NA	22	NA	73.2	40.2305	-75.4354
USC00363437	GRATERFORD	20030106	9999	22	9999	NA	22	NA	73.2	40.2305	-75.4354
USC00363437	GRATERFORD	20030107	9999	11	9999	NA	11	NA	73.2	40.2305	-75.4354
USC00363437	GRATERFORD	20030108	9999	11	9999	NA	11	NA	73.2	40.2305	-75.4354
USC00363437	GRATERFORD	20030109	9999	83	9999	NA	83	NA	73.2	40.2305	-75.4354
USC00363437	GRATERFORD	20030110	9999	111	9999	NA	111	NA	73.2	40.2305	-75.4354
USC00363437	GRATERFORD	20030111	9999	61	9999	NA	61	NA	73.2	40.2305	-75.4354
USC00363437	GRATERFORD	20030112	9999	0	9999	NA	0	NA	73.2	40.2305	-75.4354
USC00363437	GRATERFORD	20030113	9999	11	9999	NA	11	NA	73.2	40.2305	-75.4354
USC00363437	GRATERFORD	20030114	9999	50	9999	NA	50	NA	73.2	40.2305	-75.4354
USC00363437	GRATERFORD	20030115	9999	-11	9999	NA	-11	NA	73.2	40.2305	-75.4354
USC00363437	GRATERFORD	20030116	9999	-17	9999	NA	-17	NA	73.2	40.2305	-75.4354
USC00363437	GRATERFORD	20030117	9999	-22	9999	NA	-22	NA	73.2	40.2305	-75.4354
USC00363437	GRATERFORD	20030118	9999	-11	9999	NA	-11	NA	73.2	40.2305	-75.4354
USC00363437	GRATERFORD	20030119	9999	-56	9999	NA	-56	NA	73.2	40.2305	-75.4354
USC00363437	GRATERFORD	20030120	9999	-11	9999	NA	-11	NA	73.2	40.2305	-75.4354
USC00363437	GRATERFORD	20030121	9999	6	9999	NA	6	NA	73.2	40.2305	-75.4354
USC00363437	GRATERFORD	20030122	9999	-22	9999	NA	-22	NA	73.2	40.2305	-75.4354
USC00363437	GRATERFORD	20030123	9999	-44	9999	NA	-44	NA	73.2	40.2305	-75.4354
USC00363437	GRATERFORD	20030124	9999	-67	9999	NA	-67	NA	73.2	40.2305	-75.4354
USC00363437	GRATERFORD	20030125	9999	-22	9999	NA	-22	NA	73.2	40.2305	-75.4354
USC00363437	GRATERFORD	20030126	9999	0	9999	NA	0	NA	73.2	40.2305	-75.4354
USC00363437	GRATERFORD	20030127	9999	11	9999	NA	11	NA	73.2	40.2305	-75.4354
USC00363437	GRATERFORD	20030128	9999	-78	9999	NA	-78	NA	73.2	40.2305	-75.4354
USC00363437	GRATERFORD	20030129	9999	-33	9999	NA	-33	NA	73.2	40.2305	-75.4354
USC00363437	GRATERFORD	20030130	9999	-6	9999	NA	-6	NA	73.2	40.2305	-75.4354
USC00363437	GRATERFORD	20030131	9999	11	9999	NA	11	NA	73.2	40.2305	-75.4354
USC00363437	GRATERFORD	20040101	9999	94	9999	NA	94	NA	73.2	40.2305	-75.4354
USC00363437	GRATERFORD	20040102	9999	94	9999	NA	94	NA	73.2	40.2305	-75.4354
USC00363437	GRATERFORD	20040103	9999	89	9999	NA	89	NA	73.2	40.2305	-75.4354
USC00363437	GRATERFORD	20040104	9999	167	9999	NA	167	NA	73.2	40.2305	-75.4354
USC00363437	GRATERFORD	20040105	9999	111	9999	NA	111	NA	73.2	40.2305	-75.4354
USC00363437	GRATERFORD	20040106	9999	56	9999	NA	56	NA	73.2	40.2305	-75.4354
USC00363437	GRATERFORD	20040107	9999	39	9999	NA	39	NA	73.2	40.2305	-75.4354
USC00363437	GRATERFORD	20040108	9999	-33	9999	NA	-33	NA	73.2	40.2305	-75.4354
USC00363437	GRATERFORD	20040109	9999	0	9999	NA	0	NA	73.2	40.2305	-75.4354
USC00363437	GRATERFORD	20040110	9999	-33	9999	NA	-33	NA	73.2	40.2305	-75.4354
USC00363437	GRATERFORD	20040111	9999	-83	9999	NA	-83	NA	73.2	40.2305	-75.4354
USC00363437	GRATERFORD	20040112	9999	0	9999	NA	0	NA	73.2	40.2305	-75.4354
USC00363437	GRATERFORD	20040113	9999	56	9999	NA	56	NA	73.2	40.2305	-75.4354
USC00363437	GRATERFORD	20040114	9999	67	9999	NA	67	NA	73.2	40.2305	-75.4354
USC00363437	GRATERFORD	20040115	9999	-61	9999	NA	-61	NA	73.2	40.2305	-75.4354
USC00363437	GRATERFORD	20040116	9999	-61	9999	NA	-61	NA	73.2	40.2305	-75.4354
USC00363437	GRATERFORD	20040117	9999	-33	9999	NA	-33	NA	73.2	40.2305	-75.4354
USC00363437	GRATERFORD	20040118	9999	6	9999	NA	6	NA	73.2	40.2305	-75.4354
USC00363437	GRATERFORD	20040119	9999	11	9999	NA	11	NA	73.2	40.2305	-75.4354
USC00363437	GRATERFORD	20040120	9999	-22	9999	NA	-22	NA	73.2	40.2305	-75.4354
USC00363437	GRATERFORD	20040121	9999	-22	9999	NA	-22	NA	73.2	40.2305	-75.4354
USC00363437	GRATERFORD	20040122	9999	-22	9999	NA	-22	NA	73.2	40.2305	-75.4354
USC00363437	GRATERFORD	20040123	9999	44	9999	NA	44	NA	73.2	40.2305	-75.4354
USC00363437	GRATERFORD	20040124	9999	-83	9999	NA	-83	NA	73.2	40.2305	-75.4354
USC00363437	GRATERFORD	20040125	9999	-44	9999	NA	-44	NA	73.2	40.2305	-75.4354
USC00363437	GRATERFORD	20040126	9999	-78	9999	NA	-78	NA	73.2	40.2305	-75.4354
USC00363437	GRATERFORD	20040127	9999	-67	9999	NA	-67	NA	73.2	40.2305	-75.4354
USC00363437	GRATERFORD	20040128	9999	-39	9999	NA	-39	NA	73.2	40.2305	-75.4354
USC00363437	GRATERFORD	20040129	9999	-17	9999	NA	-17	NA	73.2	40.2305	-75.4354
USC00363437	GRATERFORD	20040130	9999	-22	9999	NA	-22	NA	73.2	40.2305	-75.4354
USC00363437	GRATERFORD	20040131	9999	-44	9999	NA	-44	NA	73.2	40.2305	-75.4354
USC00363437	GRATERFORD	20050101	9999	133	9999	NA	133	NA	73.2	40.2305	-75.4354
USC00363437	GRATERFORD	20050102	9999	178	9999	NA	178	NA	73.2	40.2305	-75.4354
USC00363437	GRATERFORD	20050103	9999	72	9999	NA	72	NA	73.2	40.2305	-75.4354
USC00363437	GRATERFORD	20050104	9999	117	9999	NA	117	NA	73.2	40.2305	-75.4354
USC00363437	GRATERFORD	20050105	9999	106	9999	NA	106	NA	73.2	40.2305	-75.4354
USC00363437	GRATERFORD	20050106	9999	50	9999	NA	50	NA	73.2	40.2305	-75.4354
USC00363437	GRATERFORD	20050107	9999	50	9999	NA	50	NA	73.2	40.2305	-75.4354
USC00363437	GRATERFORD	20050108	9999	44	9999	NA	44	NA	73.2	40.2305	-75.4354
USC00363437	GRATERFORD	20050109	9999	61	9999	NA	61	NA	73.2	40.2305	-75.4354
USC00363437	GRATERFORD	20050110	9999	44	9999	NA	44	NA	73.2	40.2305	-75.4354
USC00363437	GRATERFORD	20050111	9999	89	9999	NA	89	NA	73.2	40.2305	-75.4354
USC00363437	GRATERFORD	20050112	9999	44	9999	NA	44	NA	73.2	40.2305	-75.4354
USC00363437	GRATERFORD	20050113	9999	67	9999	NA	67	NA	73.2	40.2305	-75.4354
USC00363437	GRATERFORD	20050114	9999	156	9999	NA	156	NA	73.2	40.2305	-75.4354
USC00363437	GRATERFORD	20050115	9999	61	9999	NA	61	NA	73.2	40.2305	-75.4354
USC00363437	GRATERFORD	20050116	9999	-6	9999	NA	-6	NA	73.2	40.2305	-75.4354
USC00363437	GRATERFORD	20050117	9999	6	9999	NA	6	NA	73.2	40.2305	-75.4354
USC00363437	GRATERFORD	20050118	9999	-28	9999	NA	-28	NA	73.2	40.2305	-75.4354
USC00363437	GRATERFORD	20050119	9999	-44	9999	NA	-44	NA	73.2	40.2305	-75.4354
USC00363437	GRATERFORD	20050120	9999	-50	9999	NA	-50	NA	73.2	40.2305	-75.4354
USC00363437	GRATERFORD	20050121	9999	0	9999	NA	0	NA	73.2	40.2305	-75.4354
USC00363437	GRATERFORD	20050122	9999	-72	9999	NA	-72	NA	73.2	40.2305	-75.4354
USC00363437	GRATERFORD	20050123	9999	-72	9999	NA	-72	NA	73.2	40.2305	-75.4354
USC00363437	GRATERFORD	20050124	9999	-67	9999	NA	-67	NA	73.2	40.2305	-75.4354
USC00363437	GRATERFORD	20050125	9999	-56	9999	NA	-56	NA	73.2	40.2305	-75.4354
USC00363437	GRATERFORD	20050126	9999	11	9999	NA	11	NA	73.2	40.2305	-75.4354
USC00363437	GRATERFORD	20050127	9999	39	9999	NA	39	NA	73.2	40.2305	-75.4354
USC00363437	GRATERFORD	20050128	9999	-72	9999	NA	-72	NA	73.2	40.2305	-75.4354
USC00363437	GRATERFORD	20050129	9999	-17	9999	NA	-17	NA	73.2	40.2305	-75.4354
USC00363437	GRATERFORD	20050130	9999	11	9999	NA	11	NA	73.2	40.2305	-75.4354
USC00363437	GRATERFORD	20050131	9999	33	9999	NA	33	NA	73.2	40.2305	-75.4354
