STATION	NAME	DATE	SNWD	TMAX	TMIN	SNWD2	TMAX2	TMIN2	ELEV	LAT	LONG
USC00363758	HAWLEY	19950101	0	56	-11	0	56	-11	271.3	41.4764	-75.1652
USC00363758	HAWLEY	19950102	25	83	0	25	83	0	271.3	41.4764	-75.1652
USC00363758	HAWLEY	19950103	25	6	-94	25	6	-94	271.3	41.4764	-75.1652
USC00363758	HAWLEY	19950104	0	-33	-89	0	-33	-89	271.3	41.4764	-75.1652
USC00363758	HAWLEY	19950105	0	-39	-139	0	-39	-139	271.3	41.4764	-75.1652
USC00363758	HAWLEY	19950106	0	-72	-133	0	-72	-133	271.3	41.4764	-75.1652
USC00363758	HAWLEY	19950107	0	28	-117	0	28	-117	271.3	41.4764	-75.1652
USC00363758	HAWLEY	19950108	0	33	-50	0	33	-50	271.3	41.4764	-75.1652
USC00363758	HAWLEY	19950109	0	0	-44	0	0	-44	271.3	41.4764	-75.1652
USC00363758	HAWLEY	19950110	0	-6	-133	0	-6	-133	271.3	41.4764	-75.1652
USC00363758	HAWLEY	19950111	0	-28	-117	0	-28	-117	271.3	41.4764	-75.1652
USC00363758	HAWLEY	19950112	0	-33	-117	0	-33	-117	271.3	41.4764	-75.1652
USC00363758	HAWLEY	19950113	0	17	-6	0	17	-6	271.3	41.4764	-75.1652
USC00363758	HAWLEY	19950114	0	178	0	0	178	0	271.3	41.4764	-75.1652
USC00363758	HAWLEY	19950115	0	167	128	0	167	128	271.3	41.4764	-75.1652
USC00363758	HAWLEY	19950116	0	161	117	0	161	117	271.3	41.4764	-75.1652
USC00363758	HAWLEY	19950117	0	156	28	0	156	28	271.3	41.4764	-75.1652
USC00363758	HAWLEY	19950118	0	67	22	0	67	22	271.3	41.4764	-75.1652
USC00363758	HAWLEY	19950119	0	44	17	0	44	17	271.3	41.4764	-75.1652
USC00363758	HAWLEY	19950120	0	56	17	0	56	17	271.3	41.4764	-75.1652
USC00363758	HAWLEY	19950121	0	67	17	0	67	17	271.3	41.4764	-75.1652
USC00363758	HAWLEY	19950122	0	33	-22	0	33	-22	271.3	41.4764	-75.1652
USC00363758	HAWLEY	19950123	25	-6	-89	25	-6	-89	271.3	41.4764	-75.1652
USC00363758	HAWLEY	19950124	25	-6	-67	25	-6	-67	271.3	41.4764	-75.1652
USC00363758	HAWLEY	19950125	25	11	-22	25	11	-22	271.3	41.4764	-75.1652
USC00363758	HAWLEY	19950126	0	28	-28	0	28	-28	271.3	41.4764	-75.1652
USC00363758	HAWLEY	19950127	0	0	-44	0	0	-44	271.3	41.4764	-75.1652
USC00363758	HAWLEY	19950128	0	0	-128	0	0	-128	271.3	41.4764	-75.1652
USC00363758	HAWLEY	19950129	0	-28	-150	0	-28	-150	271.3	41.4764	-75.1652
USC00363758	HAWLEY	19950130	0	11	-144	0	11	-144	271.3	41.4764	-75.1652
USC00363758	HAWLEY	19950131	0	33	-139	0	33	-139	271.3	41.4764	-75.1652
USC00363758	HAWLEY	19960101	127	78	-44	127	78	-44	271.3	41.4764	-75.1652
USC00363758	HAWLEY	19960102	127	50	-11	127	50	-11	271.3	41.4764	-75.1652
USC00363758	HAWLEY	19960103	279	11	-67	279	11	-67	271.3	41.4764	-75.1652
USC00363758	HAWLEY	19960104	279	-33	-167	279	-33	-167	271.3	41.4764	-75.1652
USC00363758	HAWLEY	19960105	254	-100	-133	254	-100	-133	271.3	41.4764	-75.1652
USC00363758	HAWLEY	19960106	254	-67	-256	254	-67	-256	271.3	41.4764	-75.1652
USC00363758	HAWLEY	19960107	254	-111	-200	254	-111	-200	271.3	41.4764	-75.1652
USC00363758	HAWLEY	19960108	737	-61	-139	737	-61	-139	271.3	41.4764	-75.1652
USC00363758	HAWLEY	19960109	686	-89	-217	686	-89	-217	271.3	41.4764	-75.1652
USC00363758	HAWLEY	19960110	610	-67	-150	610	-67	-150	271.3	41.4764	-75.1652
USC00363758	HAWLEY	19960111	610	-39	-133	610	-39	-133	271.3	41.4764	-75.1652
USC00363758	HAWLEY	19960112	610	-44	-111	610	-44	-111	271.3	41.4764	-75.1652
USC00363758	HAWLEY	19960113	660	-22	-78	660	-22	-78	271.3	41.4764	-75.1652
USC00363758	HAWLEY	19960114	610	-22	-100	610	-22	-100	271.3	41.4764	-75.1652
USC00363758	HAWLEY	19960115	584	89	-100	584	89	-100	271.3	41.4764	-75.1652
USC00363758	HAWLEY	19960116	533	-11	-189	533	-11	-189	271.3	41.4764	-75.1652
USC00363758	HAWLEY	19960117	508	-33	-189	508	-33	-189	271.3	41.4764	-75.1652
USC00363758	HAWLEY	19960118	483	122	-178	483	122	-178	271.3	41.4764	-75.1652
USC00363758	HAWLEY	19960119	152	128	11	152	128	11	271.3	41.4764	-75.1652
USC00363758	HAWLEY	19960120	76	133	-100	76	133	-100	271.3	41.4764	-75.1652
USC00363758	HAWLEY	19960121	51	-22	-133	51	-22	-133	271.3	41.4764	-75.1652
USC00363758	HAWLEY	19960122	25	-22	-111	25	-22	-111	271.3	41.4764	-75.1652
USC00363758	HAWLEY	19960123	0	44	-89	0	44	-89	271.3	41.4764	-75.1652
USC00363758	HAWLEY	19960124	0	33	-67	0	33	-67	271.3	41.4764	-75.1652
USC00363758	HAWLEY	19960125	0	67	-72	0	67	-72	271.3	41.4764	-75.1652
USC00363758	HAWLEY	19960126	0	-39	-128	0	-39	-128	271.3	41.4764	-75.1652
USC00363758	HAWLEY	19960127	0	89	-111	0	89	-111	271.3	41.4764	-75.1652
USC00363758	HAWLEY	19960128	0	100	-56	0	100	-56	271.3	41.4764	-75.1652
USC00363758	HAWLEY	19960129	0	-22	-106	0	-22	-106	271.3	41.4764	-75.1652
USC00363758	HAWLEY	19960130	0	-11	-106	0	-11	-106	271.3	41.4764	-75.1652
USC00363758	HAWLEY	19960131	51	22	-106	51	22	-106	271.3	41.4764	-75.1652
USC00363758	HAWLEY	19970101	0	-33	-144	0	-33	-144	271.3	41.4764	-75.1652
USC00363758	HAWLEY	19970102	25	-44	-78	25	-44	-78	271.3	41.4764	-75.1652
USC00363758	HAWLEY	19970103	9999	-11	-44	NA	-11	-44	271.3	41.4764	-75.1652
USC00363758	HAWLEY	19970104	9999	144	11	NA	144	11	271.3	41.4764	-75.1652
USC00363758	HAWLEY	19970105	9999	67	33	NA	67	33	271.3	41.4764	-75.1652
USC00363758	HAWLEY	19970106	0	9999	6	0	NA	6	271.3	41.4764	-75.1652
USC00363758	HAWLEY	19970107	0	28	-39	0	28	-39	271.3	41.4764	-75.1652
USC00363758	HAWLEY	19970108	0	-17	-72	0	-17	-72	271.3	41.4764	-75.1652
USC00363758	HAWLEY	19970109	0	-17	-94	0	-17	-94	271.3	41.4764	-75.1652
USC00363758	HAWLEY	19970110	25	-11	-78	25	-11	-78	271.3	41.4764	-75.1652
USC00363758	HAWLEY	19970111	25	0	-78	25	0	-78	271.3	41.4764	-75.1652
USC00363758	HAWLEY	19970112	25	-56	-117	25	-56	-117	271.3	41.4764	-75.1652
USC00363758	HAWLEY	19970113	25	-61	-100	25	-61	-100	271.3	41.4764	-75.1652
USC00363758	HAWLEY	19970114	25	-44	-94	25	-44	-94	271.3	41.4764	-75.1652
USC00363758	HAWLEY	19970115	25	-39	-144	25	-39	-144	271.3	41.4764	-75.1652
USC00363758	HAWLEY	19970116	25	28	-150	25	28	-150	271.3	41.4764	-75.1652
USC00363758	HAWLEY	19970117	25	39	-144	25	39	-144	271.3	41.4764	-75.1652
USC00363758	HAWLEY	19970118	25	-128	-172	25	-128	-172	271.3	41.4764	-75.1652
USC00363758	HAWLEY	19970119	25	-122	-222	25	-122	-222	271.3	41.4764	-75.1652
USC00363758	HAWLEY	19970120	25	-94	-156	25	-94	-156	271.3	41.4764	-75.1652
USC00363758	HAWLEY	19970121	25	-17	-122	25	-17	-122	271.3	41.4764	-75.1652
USC00363758	HAWLEY	19970122	25	0	-94	25	0	-94	271.3	41.4764	-75.1652
USC00363758	HAWLEY	19970123	9999	72	-61	NA	72	-61	271.3	41.4764	-75.1652
USC00363758	HAWLEY	19970124	9999	56	-94	NA	56	-94	271.3	41.4764	-75.1652
USC00363758	HAWLEY	19970125	25	67	-94	25	67	-94	271.3	41.4764	-75.1652
USC00363758	HAWLEY	19970126	25	56	-72	25	56	-72	271.3	41.4764	-75.1652
USC00363758	HAWLEY	19970127	25	-50	-122	25	-50	-122	271.3	41.4764	-75.1652
USC00363758	HAWLEY	19970128	76	33	-100	76	33	-100	271.3	41.4764	-75.1652
USC00363758	HAWLEY	19970129	51	28	-106	51	28	-106	271.3	41.4764	-75.1652
USC00363758	HAWLEY	19970130	51	-72	-144	51	-72	-144	271.3	41.4764	-75.1652
USC00363758	HAWLEY	19970131	51	-56	-133	51	-56	-133	271.3	41.4764	-75.1652
USC00363758	HAWLEY	19980101	178	-11	-194	178	-11	-194	271.3	41.4764	-75.1652
USC00363758	HAWLEY	19980102	178	-39	-156	178	-39	-156	271.3	41.4764	-75.1652
USC00363758	HAWLEY	19980103	178	72	-61	178	72	-61	271.3	41.4764	-75.1652
USC00363758	HAWLEY	19980104	127	111	-61	127	111	-61	271.3	41.4764	-75.1652
USC00363758	HAWLEY	19980105	127	72	6	127	72	6	271.3	41.4764	-75.1652
USC00363758	HAWLEY	19980106	76	50	6	76	50	6	271.3	41.4764	-75.1652
USC00363758	HAWLEY	19980107	51	133	11	51	133	11	271.3	41.4764	-75.1652
USC00363758	HAWLEY	19980108	0	94	33	0	94	33	271.3	41.4764	-75.1652
USC00363758	HAWLEY	19980109	0	128	44	0	128	44	271.3	41.4764	-75.1652
USC00363758	HAWLEY	19980110	0	167	-28	0	167	-28	271.3	41.4764	-75.1652
USC00363758	HAWLEY	19980111	0	56	-44	0	56	-44	271.3	41.4764	-75.1652
USC00363758	HAWLEY	19980112	0	61	-72	0	61	-72	271.3	41.4764	-75.1652
USC00363758	HAWLEY	19980113	0	33	-78	0	33	-78	271.3	41.4764	-75.1652
USC00363758	HAWLEY	19980114	0	56	-94	0	56	-94	271.3	41.4764	-75.1652
USC00363758	HAWLEY	19980115	0	-39	-94	0	-39	-94	271.3	41.4764	-75.1652
USC00363758	HAWLEY	19980116	0	-6	-78	0	-6	-78	271.3	41.4764	-75.1652
USC00363758	HAWLEY	19980117	0	6	-17	0	6	-17	271.3	41.4764	-75.1652
USC00363758	HAWLEY	19980118	76	11	-33	76	11	-33	271.3	41.4764	-75.1652
USC00363758	HAWLEY	19980119	102	-6	-33	102	-6	-33	271.3	41.4764	-75.1652
USC00363758	HAWLEY	19980120	102	22	-61	102	22	-61	271.3	41.4764	-75.1652
USC00363758	HAWLEY	19980121	102	-6	-78	102	-6	-78	271.3	41.4764	-75.1652
USC00363758	HAWLEY	19980122	76	-17	-89	76	-17	-89	271.3	41.4764	-75.1652
USC00363758	HAWLEY	19980123	102	-28	-89	102	-28	-89	271.3	41.4764	-75.1652
USC00363758	HAWLEY	19980124	127	11	-39	127	11	-39	271.3	41.4764	-75.1652
USC00363758	HAWLEY	19980125	178	17	-22	178	17	-22	271.3	41.4764	-75.1652
USC00363758	HAWLEY	19980126	152	0	-100	152	0	-100	271.3	41.4764	-75.1652
USC00363758	HAWLEY	19980127	127	17	-94	127	17	-94	271.3	41.4764	-75.1652
USC00363758	HAWLEY	19980128	127	-6	-89	127	-6	-89	271.3	41.4764	-75.1652
USC00363758	HAWLEY	19980129	127	22	-106	127	22	-106	271.3	41.4764	-75.1652
USC00363758	HAWLEY	19980130	102	78	-106	102	78	-106	271.3	41.4764	-75.1652
USC00363758	HAWLEY	19980131	102	33	-11	102	33	-11	271.3	41.4764	-75.1652
USC00363758	HAWLEY	19990101	76	-61	-161	76	-61	-161	271.3	41.4764	-75.1652
USC00363758	HAWLEY	19990102	76	-61	-217	76	-61	-217	271.3	41.4764	-75.1652
USC00363758	HAWLEY	19990103	76	0	-106	76	0	-106	271.3	41.4764	-75.1652
USC00363758	HAWLEY	19990104	76	17	-94	76	17	-94	271.3	41.4764	-75.1652
USC00363758	HAWLEY	19990105	76	-61	-161	76	-61	-161	271.3	41.4764	-75.1652
USC00363758	HAWLEY	19990106	76	-67	-200	76	-67	-200	271.3	41.4764	-75.1652
USC00363758	HAWLEY	19990107	76	-28	-206	76	-28	-206	271.3	41.4764	-75.1652
USC00363758	HAWLEY	19990108	76	-50	-172	76	-50	-172	271.3	41.4764	-75.1652
USC00363758	HAWLEY	19990109	76	44	-156	76	44	-156	271.3	41.4764	-75.1652
USC00363758	HAWLEY	19990110	76	44	-133	76	44	-133	271.3	41.4764	-75.1652
USC00363758	HAWLEY	19990111	76	-50	-117	76	-50	-117	271.3	41.4764	-75.1652
USC00363758	HAWLEY	19990112	76	-50	-117	76	-50	-117	271.3	41.4764	-75.1652
USC00363758	HAWLEY	19990113	51	39	-56	51	39	-56	271.3	41.4764	-75.1652
USC00363758	HAWLEY	19990114	152	61	-139	152	61	-139	271.3	41.4764	-75.1652
USC00363758	HAWLEY	19990115	229	-56	-144	229	-56	-144	271.3	41.4764	-75.1652
USC00363758	HAWLEY	19990116	152	-6	-144	152	-6	-144	271.3	41.4764	-75.1652
USC00363758	HAWLEY	19990117	152	28	-106	152	28	-106	271.3	41.4764	-75.1652
USC00363758	HAWLEY	19990118	152	94	-50	152	94	-50	271.3	41.4764	-75.1652
USC00363758	HAWLEY	19990119	152	111	-50	152	111	-50	271.3	41.4764	-75.1652
USC00363758	HAWLEY	19990120	152	50	-67	152	50	-67	271.3	41.4764	-75.1652
USC00363758	HAWLEY	19990121	127	56	-94	127	56	-94	271.3	41.4764	-75.1652
USC00363758	HAWLEY	19990122	127	56	-94	127	56	-94	271.3	41.4764	-75.1652
USC00363758	HAWLEY	19990123	127	39	-6	127	39	-6	271.3	41.4764	-75.1652
USC00363758	HAWLEY	19990124	76	117	11	76	117	11	271.3	41.4764	-75.1652
USC00363758	HAWLEY	19990125	76	61	0	76	61	0	271.3	41.4764	-75.1652
USC00363758	HAWLEY	19990126	76	6	-44	76	6	-44	271.3	41.4764	-75.1652
USC00363758	HAWLEY	19990127	76	17	-94	76	17	-94	271.3	41.4764	-75.1652
USC00363758	HAWLEY	19990128	76	44	-94	76	44	-94	271.3	41.4764	-75.1652
USC00363758	HAWLEY	19990129	76	44	-94	76	44	-94	271.3	41.4764	-75.1652
USC00363758	HAWLEY	19990130	76	0	-94	76	0	-94	271.3	41.4764	-75.1652
USC00363758	HAWLEY	19990131	76	6	-144	76	6	-144	271.3	41.4764	-75.1652
USC00363758	HAWLEY	20000101	0	106	-83	0	106	-83	271.3	41.4764	-75.1652
USC00363758	HAWLEY	20000102	0	106	-50	0	106	-50	271.3	41.4764	-75.1652
USC00363758	HAWLEY	20000103	0	144	33	0	144	33	271.3	41.4764	-75.1652
USC00363758	HAWLEY	20000104	0	139	78	0	139	78	271.3	41.4764	-75.1652
USC00363758	HAWLEY	20000105	0	156	-44	0	156	-44	271.3	41.4764	-75.1652
USC00363758	HAWLEY	20000106	0	-22	-117	0	-22	-117	271.3	41.4764	-75.1652
USC00363758	HAWLEY	20000107	0	22	-117	0	22	-117	271.3	41.4764	-75.1652
USC00363758	HAWLEY	20000108	0	61	-83	0	61	-83	271.3	41.4764	-75.1652
USC00363758	HAWLEY	20000109	0	28	-78	0	28	-78	271.3	41.4764	-75.1652
USC00363758	HAWLEY	20000110	0	100	-28	0	100	-28	271.3	41.4764	-75.1652
USC00363758	HAWLEY	20000111	0	61	-6	0	61	-6	271.3	41.4764	-75.1652
USC00363758	HAWLEY	20000112	0	83	-17	0	83	-17	271.3	41.4764	-75.1652
USC00363758	HAWLEY	20000113	0	44	-33	0	44	-33	271.3	41.4764	-75.1652
USC00363758	HAWLEY	20000114	51	-28	-144	51	-28	-144	271.3	41.4764	-75.1652
USC00363758	HAWLEY	20000115	51	-50	-161	51	-50	-161	271.3	41.4764	-75.1652
USC00363758	HAWLEY	20000116	51	17	-72	51	17	-72	271.3	41.4764	-75.1652
USC00363758	HAWLEY	20000117	25	33	-183	25	33	-183	271.3	41.4764	-75.1652
USC00363758	HAWLEY	20000118	25	-128	-200	25	-128	-200	271.3	41.4764	-75.1652
USC00363758	HAWLEY	20000119	25	-94	-206	25	-94	-206	271.3	41.4764	-75.1652
USC00363758	HAWLEY	20000120	25	-44	-122	25	-44	-122	271.3	41.4764	-75.1652
USC00363758	HAWLEY	20000121	76	-44	-156	76	-44	-156	271.3	41.4764	-75.1652
USC00363758	HAWLEY	20000122	51	-122	-178	51	-122	-178	271.3	41.4764	-75.1652
USC00363758	HAWLEY	20000123	51	-94	-161	51	-94	-161	271.3	41.4764	-75.1652
USC00363758	HAWLEY	20000124	51	-44	-94	51	-44	-94	271.3	41.4764	-75.1652
USC00363758	HAWLEY	20000125	51	11	-106	51	11	-106	271.3	41.4764	-75.1652
USC00363758	HAWLEY	20000126	229	-44	-89	229	-44	-89	271.3	41.4764	-75.1652
USC00363758	HAWLEY	20000127	203	-44	-150	203	-44	-150	271.3	41.4764	-75.1652
USC00363758	HAWLEY	20000128	203	-111	-172	203	-111	-172	271.3	41.4764	-75.1652
USC00363758	HAWLEY	20000129	203	-83	-233	203	-83	-233	271.3	41.4764	-75.1652
USC00363758	HAWLEY	20000130	178	11	-233	178	11	-233	271.3	41.4764	-75.1652
USC00363758	HAWLEY	20000131	457	-11	-200	457	-11	-200	271.3	41.4764	-75.1652
USC00363758	HAWLEY	20010101	254	-56	-83	254	-56	-83	271.3	41.4764	-75.1652
USC00363758	HAWLEY	20010102	254	-33	-211	254	-33	-211	271.3	41.4764	-75.1652
USC00363758	HAWLEY	20010103	229	-72	-194	229	-72	-194	271.3	41.4764	-75.1652
USC00363758	HAWLEY	20010104	203	-28	-144	203	-28	-144	271.3	41.4764	-75.1652
USC00363758	HAWLEY	20010105	203	-17	-144	203	-17	-144	271.3	41.4764	-75.1652
USC00363758	HAWLEY	20010106	203	6	-133	203	6	-133	271.3	41.4764	-75.1652
USC00363758	HAWLEY	20010107	203	-6	-83	203	-6	-83	271.3	41.4764	-75.1652
USC00363758	HAWLEY	20010108	178	33	-67	178	33	-67	271.3	41.4764	-75.1652
USC00363758	HAWLEY	20010109	178	28	-67	178	28	-67	271.3	41.4764	-75.1652
USC00363758	HAWLEY	20010110	203	-44	-94	203	-44	-94	271.3	41.4764	-75.1652
USC00363758	HAWLEY	20010111	178	-39	-161	178	-39	-161	271.3	41.4764	-75.1652
USC00363758	HAWLEY	20010112	178	39	-156	178	39	-156	271.3	41.4764	-75.1652
USC00363758	HAWLEY	20010113	178	33	-128	178	33	-128	271.3	41.4764	-75.1652
USC00363758	HAWLEY	20010114	178	67	-111	178	67	-111	271.3	41.4764	-75.1652
USC00363758	HAWLEY	20010115	152	33	-111	152	33	-111	271.3	41.4764	-75.1652
USC00363758	HAWLEY	20010116	152	0	-28	152	0	-28	271.3	41.4764	-75.1652
USC00363758	HAWLEY	20010117	152	39	-6	152	39	-6	271.3	41.4764	-75.1652
USC00363758	HAWLEY	20010118	152	22	-50	152	22	-50	271.3	41.4764	-75.1652
USC00363758	HAWLEY	20010119	178	0	-33	178	0	-33	271.3	41.4764	-75.1652
USC00363758	HAWLEY	20010120	178	11	-17	178	11	-17	271.3	41.4764	-75.1652
USC00363758	HAWLEY	20010121	305	-6	-94	305	-6	-94	271.3	41.4764	-75.1652
USC00363758	HAWLEY	20010122	305	-33	-194	305	-33	-194	271.3	41.4764	-75.1652
USC00363758	HAWLEY	20010123	279	6	-200	279	6	-200	271.3	41.4764	-75.1652
USC00363758	HAWLEY	20010124	279	22	-206	279	22	-206	271.3	41.4764	-75.1652
USC00363758	HAWLEY	20010125	254	33	-156	254	33	-156	271.3	41.4764	-75.1652
USC00363758	HAWLEY	20010126	254	-6	-167	254	-6	-167	271.3	41.4764	-75.1652
USC00363758	HAWLEY	20010127	254	11	-167	254	11	-167	271.3	41.4764	-75.1652
USC00363758	HAWLEY	20010128	254	17	-67	254	17	-67	271.3	41.4764	-75.1652
USC00363758	HAWLEY	20010129	254	17	-156	254	17	-156	271.3	41.4764	-75.1652
USC00363758	HAWLEY	20010130	229	39	-156	229	39	-156	271.3	41.4764	-75.1652
USC00363758	HAWLEY	20010131	203	61	-17	203	61	-17	271.3	41.4764	-75.1652
USC00363758	HAWLEY	20020101	0	-28	-150	0	-28	-150	271.3	41.4764	-75.1652
USC00363758	HAWLEY	20020102	0	-17	-150	0	-17	-150	271.3	41.4764	-75.1652
USC00363758	HAWLEY	20020103	0	-17	-139	0	-17	-139	271.3	41.4764	-75.1652
USC00363758	HAWLEY	20020104	0	0	-139	0	0	-139	271.3	41.4764	-75.1652
USC00363758	HAWLEY	20020105	0	11	-83	0	11	-83	271.3	41.4764	-75.1652
USC00363758	HAWLEY	20020106	0	39	-78	0	39	-78	271.3	41.4764	-75.1652
USC00363758	HAWLEY	20020107	254	28	-17	254	28	-17	271.3	41.4764	-75.1652
USC00363758	HAWLEY	20020108	254	0	-117	254	0	-117	271.3	41.4764	-75.1652
USC00363758	HAWLEY	20020109	229	-17	-100	229	-17	-100	271.3	41.4764	-75.1652
USC00363758	HAWLEY	20020110	178	39	-61	178	39	-61	271.3	41.4764	-75.1652
USC00363758	HAWLEY	20020111	152	83	-61	152	83	-61	271.3	41.4764	-75.1652
USC00363758	HAWLEY	20020112	127	39	-11	127	39	-11	271.3	41.4764	-75.1652
USC00363758	HAWLEY	20020113	127	61	-33	127	61	-33	271.3	41.4764	-75.1652
USC00363758	HAWLEY	20020114	102	28	-56	102	28	-56	271.3	41.4764	-75.1652
USC00363758	HAWLEY	20020115	102	39	-56	102	39	-56	271.3	41.4764	-75.1652
USC00363758	HAWLEY	20020116	76	50	-56	76	50	-56	271.3	41.4764	-75.1652
USC00363758	HAWLEY	20020117	76	6	-28	76	6	-28	271.3	41.4764	-75.1652
USC00363758	HAWLEY	20020118	76	50	-39	76	50	-39	271.3	41.4764	-75.1652
USC00363758	HAWLEY	20020119	76	-11	-106	76	-11	-106	271.3	41.4764	-75.1652
USC00363758	HAWLEY	20020120	203	-50	-133	203	-50	-133	271.3	41.4764	-75.1652
USC00363758	HAWLEY	20020121	178	-6	-128	178	-6	-128	271.3	41.4764	-75.1652
USC00363758	HAWLEY	20020122	178	28	-100	178	28	-100	271.3	41.4764	-75.1652
USC00363758	HAWLEY	20020123	152	50	-72	152	50	-72	271.3	41.4764	-75.1652
USC00363758	HAWLEY	20020124	127	83	-11	127	83	-11	271.3	41.4764	-75.1652
USC00363758	HAWLEY	20020125	102	67	0	102	67	0	271.3	41.4764	-75.1652
USC00363758	HAWLEY	20020126	76	50	-44	76	50	-44	271.3	41.4764	-75.1652
USC00363758	HAWLEY	20020127	76	94	-72	76	94	-72	271.3	41.4764	-75.1652
USC00363758	HAWLEY	20020128	76	139	-67	76	139	-67	271.3	41.4764	-75.1652
USC00363758	HAWLEY	20020129	51	139	-67	51	139	-67	271.3	41.4764	-75.1652
USC00363758	HAWLEY	20020130	25	161	-67	25	161	-67	271.3	41.4764	-75.1652
USC00363758	HAWLEY	20020131	9999	0	-17	NA	0	-17	271.3	41.4764	-75.1652
USC00363758	HAWLEY	20030101	203	72	0	203	72	0	271.3	41.4764	-75.1652
USC00363758	HAWLEY	20030102	152	22	-11	152	22	-11	271.3	41.4764	-75.1652
USC00363758	HAWLEY	20030103	203	0	-56	203	0	-56	271.3	41.4764	-75.1652
USC00363758	HAWLEY	20030104	356	-22	-50	356	-22	-50	271.3	41.4764	-75.1652
USC00363758	HAWLEY	20030105	330	-6	-33	330	-6	-33	271.3	41.4764	-75.1652
USC00363758	HAWLEY	20030106	381	-11	-56	381	-11	-56	271.3	41.4764	-75.1652
USC00363758	HAWLEY	20030107	330	-17	-83	330	-17	-83	271.3	41.4764	-75.1652
USC00363758	HAWLEY	20030108	330	-11	-100	330	-11	-100	271.3	41.4764	-75.1652
USC00363758	HAWLEY	20030109	254	56	-11	254	56	-11	271.3	41.4764	-75.1652
USC00363758	HAWLEY	20030110	229	56	-11	229	56	-11	271.3	41.4764	-75.1652
USC00363758	HAWLEY	20030111	229	6	-83	229	6	-83	271.3	41.4764	-75.1652
USC00363758	HAWLEY	20030112	229	-44	-83	229	-44	-83	271.3	41.4764	-75.1652
USC00363758	HAWLEY	20030113	229	-28	-144	229	-28	-144	271.3	41.4764	-75.1652
USC00363758	HAWLEY	20030114	229	-11	-144	229	-11	-144	271.3	41.4764	-75.1652
USC00363758	HAWLEY	20030115	203	-61	-144	203	-61	-144	271.3	41.4764	-75.1652
USC00363758	HAWLEY	20030116	203	-56	-144	203	-56	-144	271.3	41.4764	-75.1652
USC00363758	HAWLEY	20030117	229	-56	-150	229	-56	-150	271.3	41.4764	-75.1652
USC00363758	HAWLEY	20030118	229	-56	-211	229	-56	-211	271.3	41.4764	-75.1652
USC00363758	HAWLEY	20030119	229	-78	-206	229	-78	-206	271.3	41.4764	-75.1652
USC00363758	HAWLEY	20030120	229	-61	-183	229	-61	-183	271.3	41.4764	-75.1652
USC00363758	HAWLEY	20030121	229	-56	-200	229	-56	-200	271.3	41.4764	-75.1652
USC00363758	HAWLEY	20030122	229	-78	-200	229	-78	-200	271.3	41.4764	-75.1652
USC00363758	HAWLEY	20030123	229	-94	-200	229	-94	-200	271.3	41.4764	-75.1652
USC00363758	HAWLEY	20030124	229	-106	-183	229	-106	-183	271.3	41.4764	-75.1652
USC00363758	HAWLEY	20030125	229	-67	-183	229	-67	-183	271.3	41.4764	-75.1652
USC00363758	HAWLEY	20030126	229	-39	-133	229	-39	-133	271.3	41.4764	-75.1652
USC00363758	HAWLEY	20030127	254	-17	-172	254	-17	-172	271.3	41.4764	-75.1652
USC00363758	HAWLEY	20030128	229	-133	-239	229	-133	-239	271.3	41.4764	-75.1652
USC00363758	HAWLEY	20030129	229	-72	-189	229	-72	-189	271.3	41.4764	-75.1652
USC00363758	HAWLEY	20030130	229	-6	-156	229	-6	-156	271.3	41.4764	-75.1652
USC00363758	HAWLEY	20030131	229	17	-161	229	17	-161	271.3	41.4764	-75.1652
USC00363758	HAWLEY	20040101	0	72	-39	0	72	-39	271.3	41.4764	-75.1652
USC00363758	HAWLEY	20040102	0	39	-33	0	39	-33	271.3	41.4764	-75.1652
USC00363758	HAWLEY	20040103	0	56	-33	0	56	-33	271.3	41.4764	-75.1652
USC00363758	HAWLEY	20040104	0	100	39	0	100	39	271.3	41.4764	-75.1652
USC00363758	HAWLEY	20040105	0	56	0	0	56	0	271.3	41.4764	-75.1652
USC00363758	HAWLEY	20040106	0	56	-33	0	56	-33	271.3	41.4764	-75.1652
USC00363758	HAWLEY	20040107	25	56	-122	25	56	-122	271.3	41.4764	-75.1652
USC00363758	HAWLEY	20040108	0	-89	-122	0	-89	-122	271.3	41.4764	-75.1652
USC00363758	HAWLEY	20040109	0	-44	-150	0	-44	-150	271.3	41.4764	-75.1652
USC00363758	HAWLEY	20040110	0	-144	-222	0	-144	-222	271.3	41.4764	-75.1652
USC00363758	HAWLEY	20040111	0	-139	-222	0	-139	-222	271.3	41.4764	-75.1652
USC00363758	HAWLEY	20040112	76	-33	-156	76	-33	-156	271.3	41.4764	-75.1652
USC00363758	HAWLEY	20040113	76	6	-156	76	6	-156	271.3	41.4764	-75.1652
USC00363758	HAWLEY	20040114	76	17	-189	76	17	-189	271.3	41.4764	-75.1652
USC00363758	HAWLEY	20040115	229	-139	-194	229	-139	-194	271.3	41.4764	-75.1652
USC00363758	HAWLEY	20040116	152	-128	-211	152	-128	-211	271.3	41.4764	-75.1652
USC00363758	HAWLEY	20040117	152	-89	-183	152	-89	-183	271.3	41.4764	-75.1652
USC00363758	HAWLEY	20040118	127	-44	-150	127	-44	-150	271.3	41.4764	-75.1652
USC00363758	HAWLEY	20040119	127	-6	-100	127	-6	-100	271.3	41.4764	-75.1652
USC00363758	HAWLEY	20040120	127	-78	-106	127	-78	-106	271.3	41.4764	-75.1652
USC00363758	HAWLEY	20040121	127	-61	-150	127	-61	-150	271.3	41.4764	-75.1652
USC00363758	HAWLEY	20040122	102	-61	-156	102	-61	-156	271.3	41.4764	-75.1652
USC00363758	HAWLEY	20040123	102	17	-150	102	17	-150	271.3	41.4764	-75.1652
USC00363758	HAWLEY	20040124	102	-106	-189	102	-106	-189	271.3	41.4764	-75.1652
USC00363758	HAWLEY	20040125	102	-94	-211	102	-94	-211	271.3	41.4764	-75.1652
USC00363758	HAWLEY	20040126	102	-94	-150	102	-94	-150	271.3	41.4764	-75.1652
USC00363758	HAWLEY	20040127	152	-89	-122	152	-89	-122	271.3	41.4764	-75.1652
USC00363758	HAWLEY	20040128	279	-67	-111	279	-67	-111	271.3	41.4764	-75.1652
USC00363758	HAWLEY	20040129	279	-44	-94	279	-44	-94	271.3	41.4764	-75.1652
USC00363758	HAWLEY	20040130	229	-72	-156	229	-72	-156	271.3	41.4764	-75.1652
USC00363758	HAWLEY	20040131	229	-78	-150	229	-78	-150	271.3	41.4764	-75.1652
USC00363758	HAWLEY	20050101	9999	100	-17	NA	100	-17	271.3	41.4764	-75.1652
USC00363758	HAWLEY	20050102	9999	83	-44	NA	83	-44	271.3	41.4764	-75.1652
USC00363758	HAWLEY	20050103	0	28	-44	0	28	-44	271.3	41.4764	-75.1652
USC00363758	HAWLEY	20050104	0	72	22	0	72	22	271.3	41.4764	-75.1652
USC00363758	HAWLEY	20050105	0	67	-6	0	67	-6	271.3	41.4764	-75.1652
USC00363758	HAWLEY	20050106	152	6	-33	152	6	-33	271.3	41.4764	-75.1652
USC00363758	HAWLEY	20050107	152	22	-28	152	22	-28	271.3	41.4764	-75.1652
USC00363758	HAWLEY	20050108	152	-6	-44	152	-6	-44	271.3	41.4764	-75.1652
USC00363758	HAWLEY	20050109	127	11	-33	127	11	-33	271.3	41.4764	-75.1652
USC00363758	HAWLEY	20050110	127	6	-33	127	6	-33	271.3	41.4764	-75.1652
USC00363758	HAWLEY	20050111	102	39	-33	102	39	-33	271.3	41.4764	-75.1652
USC00363758	HAWLEY	20050112	203	-6	-28	203	-6	-28	271.3	41.4764	-75.1652
USC00363758	HAWLEY	20050113	127	0	-6	127	0	-6	271.3	41.4764	-75.1652
USC00363758	HAWLEY	20050114	25	144	-6	25	144	-6	271.3	41.4764	-75.1652
USC00363758	HAWLEY	20050115	51	44	-100	51	44	-100	271.3	41.4764	-75.1652
USC00363758	HAWLEY	20050116	51	-44	-117	51	-44	-117	271.3	41.4764	-75.1652
USC00363758	HAWLEY	20050117	51	-39	-133	51	-39	-133	271.3	41.4764	-75.1652
USC00363758	HAWLEY	20050118	76	-72	-172	76	-72	-172	271.3	41.4764	-75.1652
USC00363758	HAWLEY	20050119	76	-144	-211	76	-144	-211	271.3	41.4764	-75.1652
USC00363758	HAWLEY	20050120	127	-72	-178	127	-72	-178	271.3	41.4764	-75.1652
USC00363758	HAWLEY	20050121	127	-67	-194	127	-67	-194	271.3	41.4764	-75.1652
USC00363758	HAWLEY	20050122	127	-133	-250	127	-133	-250	271.3	41.4764	-75.1652
USC00363758	HAWLEY	20050123	406	-111	-228	406	-111	-228	271.3	41.4764	-75.1652
USC00363758	HAWLEY	20050124	406	-100	-222	406	-100	-222	271.3	41.4764	-75.1652
USC00363758	HAWLEY	20050125	406	-67	-133	406	-67	-133	271.3	41.4764	-75.1652
USC00363758	HAWLEY	20050126	457	-28	-72	457	-28	-72	271.3	41.4764	-75.1652
USC00363758	HAWLEY	20050127	432	-6	-189	432	-6	-189	271.3	41.4764	-75.1652
USC00363758	HAWLEY	20050128	432	-111	-261	432	-111	-261	271.3	41.4764	-75.1652
USC00363758	HAWLEY	20050129	432	-44	-261	432	-44	-261	271.3	41.4764	-75.1652
USC00363758	HAWLEY	20050130	432	17	-206	432	17	-206	271.3	41.4764	-75.1652
USC00363758	HAWLEY	20050131	279	33	-172	279	33	-172	271.3	41.4764	-75.1652
