STATION	NAME	DATE	SNWD	TMAX	TMIN	SNWD2	TMAX2	TMIN2	ELEV	LAT	LONG
USC00304207	JAMESTOWN	19950101	9999	33	-17	NA	33	-17	424.0	42.100	-79.250
USC00304207	JAMESTOWN	19950102	9999	39	-72	NA	39	-72	424.0	42.100	-79.250
USC00304207	JAMESTOWN	19950103	9999	-72	-100	NA	-72	-100	424.0	42.100	-79.250
USC00304207	JAMESTOWN	19950104	9999	-56	-117	NA	-56	-117	424.0	42.100	-79.250
USC00304207	JAMESTOWN	19950105	9999	-122	-150	NA	-122	-150	424.0	42.100	-79.250
USC00304207	JAMESTOWN	19950106	9999	-100	-156	NA	-100	-156	424.0	42.100	-79.250
USC00304207	JAMESTOWN	19950107	9999	-11	-106	NA	-11	-106	424.0	42.100	-79.250
USC00304207	JAMESTOWN	19950108	9999	-28	-78	NA	-28	-78	424.0	42.100	-79.250
USC00304207	JAMESTOWN	19950109	9999	-50	-78	NA	-50	-78	424.0	42.100	-79.250
USC00304207	JAMESTOWN	19950110	9999	-72	-106	NA	-72	-106	424.0	42.100	-79.250
USC00304207	JAMESTOWN	19950111	9999	-50	-106	NA	-50	-106	424.0	42.100	-79.250
USC00304207	JAMESTOWN	19950112	9999	22	-50	NA	22	-50	424.0	42.100	-79.250
USC00304207	JAMESTOWN	19950113	9999	111	22	NA	111	22	424.0	42.100	-79.250
USC00304207	JAMESTOWN	19950114	9999	156	94	NA	156	94	424.0	42.100	-79.250
USC00304207	JAMESTOWN	19950115	9999	156	100	NA	156	100	424.0	42.100	-79.250
USC00304207	JAMESTOWN	19950116	9999	117	11	NA	117	11	424.0	42.100	-79.250
USC00304207	JAMESTOWN	19950117	9999	11	-11	NA	11	-11	424.0	42.100	-79.250
USC00304207	JAMESTOWN	19950118	9999	33	-11	NA	33	-11	424.0	42.100	-79.250
USC00304207	JAMESTOWN	19950119	9999	89	28	NA	89	28	424.0	42.100	-79.250
USC00304207	JAMESTOWN	19950120	9999	83	33	NA	83	33	424.0	42.100	-79.250
USC00304207	JAMESTOWN	19950121	9999	44	-6	NA	44	-6	424.0	42.100	-79.250
USC00304207	JAMESTOWN	19950122	9999	-6	-67	NA	-6	-67	424.0	42.100	-79.250
USC00304207	JAMESTOWN	19950123	9999	-56	-78	NA	-56	-78	424.0	42.100	-79.250
USC00304207	JAMESTOWN	19950124	9999	-44	-78	NA	-44	-78	424.0	42.100	-79.250
USC00304207	JAMESTOWN	19950125	9999	-17	-50	NA	-17	-50	424.0	42.100	-79.250
USC00304207	JAMESTOWN	19950126	9999	-44	-61	NA	-44	-61	424.0	42.100	-79.250
USC00304207	JAMESTOWN	19950127	9999	-39	-61	NA	-39	-61	424.0	42.100	-79.250
USC00304207	JAMESTOWN	19950128	9999	-22	-94	NA	-22	-94	424.0	42.100	-79.250
USC00304207	JAMESTOWN	19950129	9999	-61	-144	NA	-61	-144	424.0	42.100	-79.250
USC00304207	JAMESTOWN	19950130	9999	-11	-144	NA	-11	-144	424.0	42.100	-79.250
USC00304207	JAMESTOWN	19950131	9999	-22	-133	NA	-22	-133	424.0	42.100	-79.250
USC00304207	JAMESTOWN	19960101	9999	17	-39	NA	17	-39	424.0	42.100	-79.250
USC00304207	JAMESTOWN	19960102	9999	11	-56	NA	11	-56	424.0	42.100	-79.250
USC00304207	JAMESTOWN	19960103	9999	-50	-106	NA	-50	-106	424.0	42.100	-79.250
USC00304207	JAMESTOWN	19960104	9999	-83	-161	NA	-83	-161	424.0	42.100	-79.250
USC00304207	JAMESTOWN	19960105	9999	-94	-161	NA	-94	-161	424.0	42.100	-79.250
USC00304207	JAMESTOWN	19960106	9999	-89	-206	NA	-89	-206	424.0	42.100	-79.250
USC00304207	JAMESTOWN	19960107	9999	-100	-206	NA	-100	-206	424.0	42.100	-79.250
USC00304207	JAMESTOWN	19960108	9999	-111	-133	NA	-111	-133	424.0	42.100	-79.250
USC00304207	JAMESTOWN	19960109	9999	-83	-139	NA	-83	-139	424.0	42.100	-79.250
USC00304207	JAMESTOWN	19960110	9999	-67	-111	NA	-67	-111	424.0	42.100	-79.250
USC00304207	JAMESTOWN	19960111	9999	-94	-206	NA	-94	-206	424.0	42.100	-79.250
USC00304207	JAMESTOWN	19960112	9999	-78	-206	NA	-78	-206	424.0	42.100	-79.250
USC00304207	JAMESTOWN	19960113	9999	-44	-89	NA	-44	-89	424.0	42.100	-79.250
USC00304207	JAMESTOWN	19960114	9999	-28	-83	NA	-28	-83	424.0	42.100	-79.250
USC00304207	JAMESTOWN	19960115	9999	28	-94	NA	28	-94	424.0	42.100	-79.250
USC00304207	JAMESTOWN	19960116	9999	-83	-128	NA	-83	-128	424.0	42.100	-79.250
USC00304207	JAMESTOWN	19960117	9999	50	-83	NA	50	-83	424.0	42.100	-79.250
USC00304207	JAMESTOWN	19960118	9999	72	50	NA	72	50	424.0	42.100	-79.250
USC00304207	JAMESTOWN	19960119	9999	122	56	NA	122	56	424.0	42.100	-79.250
USC00304207	JAMESTOWN	19960120	9999	56	-117	NA	56	-117	424.0	42.100	-79.250
USC00304207	JAMESTOWN	19960121	9999	-61	-122	NA	-61	-122	424.0	42.100	-79.250
USC00304207	JAMESTOWN	19960122	9999	-11	-72	NA	-11	-72	424.0	42.100	-79.250
USC00304207	JAMESTOWN	19960123	9999	33	-67	NA	33	-67	424.0	42.100	-79.250
USC00304207	JAMESTOWN	19960124	9999	39	-6	NA	39	-6	424.0	42.100	-79.250
USC00304207	JAMESTOWN	19960125	9999	44	-94	NA	44	-94	424.0	42.100	-79.250
USC00304207	JAMESTOWN	19960126	9999	-44	-100	NA	-44	-100	424.0	42.100	-79.250
USC00304207	JAMESTOWN	19960127	9999	44	-44	NA	44	-44	424.0	42.100	-79.250
USC00304207	JAMESTOWN	19960128	9999	50	-78	NA	50	-78	424.0	42.100	-79.250
USC00304207	JAMESTOWN	19960129	9999	-44	-94	NA	-44	-94	424.0	42.100	-79.250
USC00304207	JAMESTOWN	19960130	9999	28	-72	NA	28	-72	424.0	42.100	-79.250
USC00304207	JAMESTOWN	19960131	9999	-67	-128	NA	-67	-128	424.0	42.100	-79.250
USC00304207	JAMESTOWN	19970101	9999	0	-89	NA	0	-89	424.0	42.100	-79.250
USC00304207	JAMESTOWN	19970102	9999	11	-83	NA	11	-83	424.0	42.100	-79.250
USC00304207	JAMESTOWN	19970103	9999	94	11	NA	94	11	424.0	42.100	-79.250
USC00304207	JAMESTOWN	19970104	9999	94	17	NA	94	17	424.0	42.100	-79.250
USC00304207	JAMESTOWN	19970105	9999	139	17	NA	139	17	424.0	42.100	-79.250
USC00304207	JAMESTOWN	19970106	9999	100	-50	NA	100	-50	424.0	42.100	-79.250
USC00304207	JAMESTOWN	19970107	9999	-50	-83	NA	-50	-83	424.0	42.100	-79.250
USC00304207	JAMESTOWN	19970108	9999	-72	-83	NA	-72	-83	424.0	42.100	-79.250
USC00304207	JAMESTOWN	19970109	9999	-50	-83	NA	-50	-83	424.0	42.100	-79.250
USC00304207	JAMESTOWN	19970110	9999	-17	-83	NA	-17	-83	424.0	42.100	-79.250
USC00304207	JAMESTOWN	19970111	9999	-39	-150	NA	-39	-150	424.0	42.100	-79.250
USC00304207	JAMESTOWN	19970112	9999	-122	-150	NA	-122	-150	424.0	42.100	-79.250
USC00304207	JAMESTOWN	19970113	9999	-117	-150	NA	-117	-150	424.0	42.100	-79.250
USC00304207	JAMESTOWN	19970114	9999	-106	-139	NA	-106	-139	424.0	42.100	-79.250
USC00304207	JAMESTOWN	19970115	9999	-89	-122	NA	-89	-122	424.0	42.100	-79.250
USC00304207	JAMESTOWN	19970116	9999	11	-117	NA	11	-117	424.0	42.100	-79.250
USC00304207	JAMESTOWN	19970117	9999	-39	-183	NA	-39	-183	424.0	42.100	-79.250
USC00304207	JAMESTOWN	19970118	9999	-167	-194	NA	-167	-194	424.0	42.100	-79.250
USC00304207	JAMESTOWN	19970119	9999	-144	-206	NA	-144	-206	424.0	42.100	-79.250
USC00304207	JAMESTOWN	19970120	9999	-72	-206	NA	-72	-206	424.0	42.100	-79.250
USC00304207	JAMESTOWN	19970121	9999	-39	-83	NA	-39	-83	424.0	42.100	-79.250
USC00304207	JAMESTOWN	19970122	9999	44	-83	NA	44	-83	424.0	42.100	-79.250
USC00304207	JAMESTOWN	19970123	9999	56	-22	NA	56	-22	424.0	42.100	-79.250
USC00304207	JAMESTOWN	19970124	9999	-17	-94	NA	-17	-94	424.0	42.100	-79.250
USC00304207	JAMESTOWN	19970125	9999	28	-72	NA	28	-72	424.0	42.100	-79.250
USC00304207	JAMESTOWN	19970126	9999	-172	9999	NA	-172	NA	424.0	42.100	-79.250
USC00304207	JAMESTOWN	19970127	9999	-78	-117	NA	-78	-117	424.0	42.100	-79.250
USC00304207	JAMESTOWN	19970128	9999	-11	-83	NA	-11	-83	424.0	42.100	-79.250
USC00304207	JAMESTOWN	19970129	9999	-72	-133	NA	-72	-133	424.0	42.100	-79.250
USC00304207	JAMESTOWN	19970130	9999	-89	-128	NA	-89	-128	424.0	42.100	-79.250
USC00304207	JAMESTOWN	19970131	9999	0	-106	NA	0	-106	424.0	42.100	-79.250
USC00304207	JAMESTOWN	19980101	9999	9999	9999	NA	NA	NA	424.0	42.100	-79.250
USC00304207	JAMESTOWN	19980102	9999	33	-94	NA	33	-94	424.0	42.100	-79.250
USC00304207	JAMESTOWN	19980103	9999	9999	9999	NA	NA	NA	424.0	42.100	-79.250
USC00304207	JAMESTOWN	19980104	9999	9999	9999	NA	NA	NA	424.0	42.100	-79.250
USC00304207	JAMESTOWN	19980105	9999	111	72	NA	111	72	424.0	42.100	-79.250
USC00304207	JAMESTOWN	19980106	9999	156	83	NA	156	83	424.0	42.100	-79.250
USC00304207	JAMESTOWN	19980107	9999	139	100	NA	139	100	424.0	42.100	-79.250
USC00304207	JAMESTOWN	19980108	9999	167	17	NA	167	17	424.0	42.100	-79.250
USC00304207	JAMESTOWN	19980109	9999	67	17	NA	67	17	424.0	42.100	-79.250
USC00304207	JAMESTOWN	19980110	9999	9999	9999	NA	NA	NA	424.0	42.100	-79.250
USC00304207	JAMESTOWN	19980111	9999	9999	9999	NA	NA	NA	424.0	42.100	-79.250
USC00304207	JAMESTOWN	19980112	9999	-22	-50	NA	-22	-50	424.0	42.100	-79.250
USC00304207	JAMESTOWN	19980113	9999	56	-50	NA	56	-50	424.0	42.100	-79.250
USC00304207	JAMESTOWN	19980114	9999	-11	-94	NA	-11	-94	424.0	42.100	-79.250
USC00304207	JAMESTOWN	19980115	9999	-17	-94	NA	-17	-94	424.0	42.100	-79.250
USC00304207	JAMESTOWN	19980116	9999	11	-33	NA	11	-33	424.0	42.100	-79.250
USC00304207	JAMESTOWN	19980119	9999	6	-56	NA	6	-56	424.0	42.100	-79.250
USC00304207	JAMESTOWN	19980120	9999	11	-56	NA	11	-56	424.0	42.100	-79.250
USC00304207	JAMESTOWN	19980121	9999	-6	-61	NA	-6	-61	424.0	42.100	-79.250
USC00304207	JAMESTOWN	19980122	9999	-11	-56	NA	-11	-56	424.0	42.100	-79.250
USC00304207	JAMESTOWN	19980123	9999	6	-33	NA	6	-33	424.0	42.100	-79.250
USC00304207	JAMESTOWN	19980126	9999	-11	-28	NA	-11	-28	424.0	42.100	-79.250
USC00304207	JAMESTOWN	19980127	9999	28	-17	NA	28	-17	424.0	42.100	-79.250
USC00304207	JAMESTOWN	19980128	9999	50	-17	NA	50	-17	424.0	42.100	-79.250
USC00304207	JAMESTOWN	19980129	9999	61	-17	NA	61	-17	424.0	42.100	-79.250
USC00304207	JAMESTOWN	19980130	9999	72	-6	NA	72	-6	424.0	42.100	-79.250
USC00304207	JAMESTOWN	19980131	9999	9999	9999	NA	NA	NA	424.0	42.100	-79.250
USC00304207	JAMESTOWN	19990101	9999	9999	9999	NA	NA	NA	424.0	42.100	-79.250
USC00304207	JAMESTOWN	19990102	9999	9999	9999	NA	NA	NA	424.0	42.100	-79.250
USC00304207	JAMESTOWN	19990103	9999	9999	9999	NA	NA	NA	424.0	42.100	-79.250
USC00304207	JAMESTOWN	19990104	9999	17	-106	NA	17	-106	424.0	42.100	-79.250
USC00304207	JAMESTOWN	19990105	9999	-67	-150	NA	-67	-150	424.0	42.100	-79.250
USC00304207	JAMESTOWN	19990106	9999	-67	-194	NA	-67	-194	424.0	42.100	-79.250
USC00304207	JAMESTOWN	19990107	9999	-28	-122	NA	-28	-122	424.0	42.100	-79.250
USC00304207	JAMESTOWN	19990108	9999	-50	-183	NA	-50	-183	424.0	42.100	-79.250
USC00304207	JAMESTOWN	19990111	9999	-67	-150	NA	-67	-150	424.0	42.100	-79.250
USC00304207	JAMESTOWN	19990112	9999	11	-139	NA	11	-139	424.0	42.100	-79.250
USC00304207	JAMESTOWN	19990113	9999	28	-72	NA	28	-72	424.0	42.100	-79.250
USC00304207	JAMESTOWN	19990114	9999	-61	-150	NA	-61	-150	424.0	42.100	-79.250
USC00304207	JAMESTOWN	19990115	9999	-22	-150	NA	-22	-150	424.0	42.100	-79.250
USC00304207	JAMESTOWN	19990116	9999	9999	9999	NA	NA	NA	424.0	42.100	-79.250
USC00304207	JAMESTOWN	19990117	9999	9999	9999	NA	NA	NA	424.0	42.100	-79.250
USC00304207	JAMESTOWN	19990118	9999	67	-50	NA	67	-50	424.0	42.100	-79.250
USC00304207	JAMESTOWN	19990119	9999	83	-17	NA	83	-17	424.0	42.100	-79.250
USC00304207	JAMESTOWN	19990120	9999	6	-156	NA	6	-156	424.0	42.100	-79.250
USC00304207	JAMESTOWN	19990121	9999	78	-156	NA	78	-156	424.0	42.100	-79.250
USC00304207	JAMESTOWN	19990122	9999	72	-83	NA	72	-83	424.0	42.100	-79.250
USC00304207	JAMESTOWN	19990125	9999	28	-17	NA	28	-17	424.0	42.100	-79.250
USC00304207	JAMESTOWN	19990126	9999	28	-28	NA	28	-28	424.0	42.100	-79.250
USC00304207	JAMESTOWN	19990127	9999	0	-117	NA	0	-117	424.0	42.100	-79.250
USC00304207	JAMESTOWN	19990128	9999	106	-83	NA	106	-83	424.0	42.100	-79.250
USC00304207	JAMESTOWN	19990129	9999	33	-56	NA	33	-56	424.0	42.100	-79.250
USC00304207	JAMESTOWN	19990130	9999	9999	9999	NA	NA	NA	424.0	42.100	-79.250
USC00304207	JAMESTOWN	19990131	9999	9999	9999	NA	NA	NA	424.0	42.100	-79.250
USC00304207	JAMESTOWN	20000101	9999	17	-44	NA	17	-44	424.0	42.100	-79.250
USC00304207	JAMESTOWN	20000102	9999	106	-44	NA	106	-44	424.0	42.100	-79.250
USC00304207	JAMESTOWN	20000103	9999	144	17	NA	144	17	424.0	42.100	-79.250
USC00304207	JAMESTOWN	20000104	9999	133	61	NA	133	61	424.0	42.100	-79.250
USC00304207	JAMESTOWN	20000105	9999	133	-56	NA	133	-56	424.0	42.100	-79.250
USC00304207	JAMESTOWN	20000106	9999	-22	-72	NA	-22	-72	424.0	42.100	-79.250
USC00304207	JAMESTOWN	20000107	9999	28	-22	NA	28	-22	424.0	42.100	-79.250
USC00304207	JAMESTOWN	20000108	9999	11	-50	NA	11	-50	424.0	42.100	-79.250
USC00304207	JAMESTOWN	20000109	9999	44	-56	NA	44	-56	424.0	42.100	-79.250
USC00304207	JAMESTOWN	20000110	9999	56	-22	NA	56	-22	424.0	42.100	-79.250
USC00304207	JAMESTOWN	20000111	9999	89	0	NA	89	0	424.0	42.100	-79.250
USC00304207	JAMESTOWN	20000112	9999	39	-22	NA	39	-22	424.0	42.100	-79.250
USC00304207	JAMESTOWN	20000113	9999	28	-28	NA	28	-28	424.0	42.100	-79.250
USC00304207	JAMESTOWN	20000114	9999	-28	-144	NA	-28	-144	424.0	42.100	-79.250
USC00304207	JAMESTOWN	20000115	9999	-67	-128	NA	-67	-128	424.0	42.100	-79.250
USC00304207	JAMESTOWN	20000116	9999	33	-100	NA	33	-100	424.0	42.100	-79.250
USC00304207	JAMESTOWN	20000117	9999	33	-167	NA	33	-167	424.0	42.100	-79.250
USC00304207	JAMESTOWN	20000118	9999	-100	-178	NA	-100	-178	424.0	42.100	-79.250
USC00304207	JAMESTOWN	20000119	9999	-61	-167	NA	-61	-167	424.0	42.100	-79.250
USC00304207	JAMESTOWN	20000120	9999	-33	-78	NA	-33	-78	424.0	42.100	-79.250
USC00304207	JAMESTOWN	20000121	9999	-22	-144	NA	-22	-144	424.0	42.100	-79.250
USC00304207	JAMESTOWN	20000122	9999	-100	-189	NA	-100	-189	424.0	42.100	-79.250
USC00304207	JAMESTOWN	20000123	9999	-72	-178	NA	-72	-178	424.0	42.100	-79.250
USC00304207	JAMESTOWN	20000124	9999	-17	-106	NA	-17	-106	424.0	42.100	-79.250
USC00304207	JAMESTOWN	20000125	9999	-39	-194	NA	-39	-194	424.0	42.100	-79.250
USC00304207	JAMESTOWN	20000126	9999	-61	-150	NA	-61	-150	424.0	42.100	-79.250
USC00304207	JAMESTOWN	20000127	9999	-56	-183	NA	-56	-183	424.0	42.100	-79.250
USC00304207	JAMESTOWN	20000128	9999	-117	-189	NA	-117	-189	424.0	42.100	-79.250
USC00304207	JAMESTOWN	20000129	9999	-50	-244	NA	-50	-244	424.0	42.100	-79.250
USC00304207	JAMESTOWN	20000130	9999	11	-250	NA	11	-250	424.0	42.100	-79.250
USC00304207	JAMESTOWN	20000131	9999	11	-67	NA	11	-67	424.0	42.100	-79.250
USC00304207	JAMESTOWN	20010101	9999	-61	-100	NA	-61	-100	424.0	42.100	-79.250
USC00304207	JAMESTOWN	20010102	9999	-11	-167	NA	-11	-167	424.0	42.100	-79.250
USC00304207	JAMESTOWN	20010103	9999	-44	-178	NA	-44	-178	424.0	42.100	-79.250
USC00304207	JAMESTOWN	20010104	9999	-33	-106	NA	-33	-106	424.0	42.100	-79.250
USC00304207	JAMESTOWN	20010105	9999	-33	-106	NA	-33	-106	424.0	42.100	-79.250
USC00304207	JAMESTOWN	20010106	9999	-6	-44	NA	-6	-44	424.0	42.100	-79.250
USC00304207	JAMESTOWN	20010107	9999	-11	-50	NA	-11	-50	424.0	42.100	-79.250
USC00304207	JAMESTOWN	20010108	9999	11	-17	NA	11	-17	424.0	42.100	-79.250
USC00304207	JAMESTOWN	20010109	9999	0	-150	NA	0	-150	424.0	42.100	-79.250
USC00304207	JAMESTOWN	20010110	9999	-44	-133	NA	-44	-133	424.0	42.100	-79.250
USC00304207	JAMESTOWN	20010111	9999	28	-61	NA	28	-61	424.0	42.100	-79.250
USC00304207	JAMESTOWN	20010112	9999	28	-117	NA	28	-117	424.0	42.100	-79.250
USC00304207	JAMESTOWN	20010113	9999	50	-122	NA	50	-122	424.0	42.100	-79.250
USC00304207	JAMESTOWN	20010114	9999	72	-122	NA	72	-122	424.0	42.100	-79.250
USC00304207	JAMESTOWN	20010115	9999	33	-72	NA	33	-72	424.0	42.100	-79.250
USC00304207	JAMESTOWN	20010116	9999	56	0	NA	56	0	424.0	42.100	-79.250
USC00304207	JAMESTOWN	20010117	9999	6	-11	NA	6	-11	424.0	42.100	-79.250
USC00304207	JAMESTOWN	20010118	9999	-11	-28	NA	-11	-28	424.0	42.100	-79.250
USC00304207	JAMESTOWN	20010119	9999	39	-44	NA	39	-44	424.0	42.100	-79.250
USC00304207	JAMESTOWN	20010120	9999	0	-78	NA	0	-78	424.0	42.100	-79.250
USC00304207	JAMESTOWN	20010121	9999	-33	-122	NA	-33	-122	424.0	42.100	-79.250
USC00304207	JAMESTOWN	20010122	9999	-28	-106	NA	-28	-106	424.0	42.100	-79.250
USC00304207	JAMESTOWN	20010123	9999	-33	-106	NA	-33	-106	424.0	42.100	-79.250
USC00304207	JAMESTOWN	20010124	9999	33	-94	NA	33	-94	424.0	42.100	-79.250
USC00304207	JAMESTOWN	20010125	9999	0	-78	NA	0	-78	424.0	42.100	-79.250
USC00304207	JAMESTOWN	20010126	9999	-33	-78	NA	-33	-78	424.0	42.100	-79.250
USC00304207	JAMESTOWN	20010127	9999	6	-78	NA	6	-78	424.0	42.100	-79.250
USC00304207	JAMESTOWN	20010128	9999	-22	-83	NA	-22	-83	424.0	42.100	-79.250
USC00304207	JAMESTOWN	20010129	9999	-44	-133	NA	-44	-133	424.0	42.100	-79.250
USC00304207	JAMESTOWN	20010130	9999	33	-133	NA	33	-133	424.0	42.100	-79.250
USC00304207	JAMESTOWN	20010131	9999	61	11	NA	61	11	424.0	42.100	-79.250
USC00304207	JAMESTOWN	20020101	9999	-50	-94	NA	-50	-94	424.0	42.100	-79.250
USC00304207	JAMESTOWN	20020102	9999	-39	-117	NA	-39	-117	424.0	42.100	-79.250
USC00304207	JAMESTOWN	20020103	9999	-17	-89	NA	-17	-89	424.0	42.100	-79.250
USC00304207	JAMESTOWN	20020104	9999	-22	-56	NA	-22	-56	424.0	42.100	-79.250
USC00304207	JAMESTOWN	20020105	9999	0	-50	NA	0	-50	424.0	42.100	-79.250
USC00304207	JAMESTOWN	20020106	9999	33	-28	NA	33	-28	424.0	42.100	-79.250
USC00304207	JAMESTOWN	20020107	9999	0	-22	NA	0	-22	424.0	42.100	-79.250
USC00304207	JAMESTOWN	20020108	9999	-17	-72	NA	-17	-72	424.0	42.100	-79.250
USC00304207	JAMESTOWN	20020109	9999	-6	-61	NA	-6	-61	424.0	42.100	-79.250
USC00304207	JAMESTOWN	20020110	9999	56	-11	NA	56	-11	424.0	42.100	-79.250
USC00304207	JAMESTOWN	20020111	9999	67	-11	NA	67	-11	424.0	42.100	-79.250
USC00304207	JAMESTOWN	20020112	9999	22	-6	NA	22	-6	424.0	42.100	-79.250
USC00304207	JAMESTOWN	20020113	9999	56	-22	NA	56	-22	424.0	42.100	-79.250
USC00304207	JAMESTOWN	20020114	9999	6	-72	NA	6	-72	424.0	42.100	-79.250
USC00304207	JAMESTOWN	20020115	9999	50	-56	NA	50	-56	424.0	42.100	-79.250
USC00304207	JAMESTOWN	20020116	9999	11	-28	NA	11	-28	424.0	42.100	-79.250
USC00304207	JAMESTOWN	20020117	9999	11	-39	NA	11	-39	424.0	42.100	-79.250
USC00304207	JAMESTOWN	20020118	9999	11	-61	NA	11	-61	424.0	42.100	-79.250
USC00304207	JAMESTOWN	20020119	9999	11	-117	NA	11	-117	424.0	42.100	-79.250
USC00304207	JAMESTOWN	20020120	9999	-33	-150	NA	-33	-150	424.0	42.100	-79.250
USC00304207	JAMESTOWN	20020121	9999	0	-56	NA	0	-56	424.0	42.100	-79.250
USC00304207	JAMESTOWN	20020122	9999	17	-28	NA	17	-28	424.0	42.100	-79.250
USC00304207	JAMESTOWN	20020123	9999	89	-39	NA	89	-39	424.0	42.100	-79.250
USC00304207	JAMESTOWN	20020124	9999	67	39	NA	67	39	424.0	42.100	-79.250
USC00304207	JAMESTOWN	20020125	9999	78	-28	NA	78	-28	424.0	42.100	-79.250
USC00304207	JAMESTOWN	20020126	9999	50	-39	NA	50	-39	424.0	42.100	-79.250
USC00304207	JAMESTOWN	20020127	9999	106	-17	NA	106	-17	424.0	42.100	-79.250
USC00304207	JAMESTOWN	20020128	9999	144	-22	NA	144	-22	424.0	42.100	-79.250
USC00304207	JAMESTOWN	20020129	9999	139	-22	NA	139	-22	424.0	42.100	-79.250
USC00304207	JAMESTOWN	20020130	9999	133	22	NA	133	22	424.0	42.100	-79.250
USC00304207	JAMESTOWN	20020131	9999	33	-11	NA	33	-11	424.0	42.100	-79.250
USC00304207	JAMESTOWN	20030101	9999	78	-6	NA	78	-6	424.0	42.100	-79.250
USC00304207	JAMESTOWN	20030102	9999	11	-61	NA	11	-61	424.0	42.100	-79.250
USC00304207	JAMESTOWN	20030103	9999	6	-72	NA	6	-72	424.0	42.100	-79.250
USC00304207	JAMESTOWN	20030104	9999	17	-11	NA	17	-11	424.0	42.100	-79.250
USC00304207	JAMESTOWN	20030105	9999	-6	-50	NA	-6	-50	424.0	42.100	-79.250
USC00304207	JAMESTOWN	20030106	9999	0	-50	NA	0	-50	424.0	42.100	-79.250
USC00304207	JAMESTOWN	20030107	9999	6	-117	NA	6	-117	424.0	42.100	-79.250
USC00304207	JAMESTOWN	20030108	9999	22	-100	NA	22	-100	424.0	42.100	-79.250
USC00304207	JAMESTOWN	20030109	9999	56	22	NA	56	22	424.0	42.100	-79.250
USC00304207	JAMESTOWN	20030110	9999	50	-61	NA	50	-61	424.0	42.100	-79.250
USC00304207	JAMESTOWN	20030111	9999	-39	-94	NA	-39	-94	424.0	42.100	-79.250
USC00304207	JAMESTOWN	20030112	9999	-56	-94	NA	-56	-94	424.0	42.100	-79.250
USC00304207	JAMESTOWN	20030113	9999	-44	-117	NA	-44	-117	424.0	42.100	-79.250
USC00304207	JAMESTOWN	20030114	9999	-44	-100	NA	-44	-100	424.0	42.100	-79.250
USC00304207	JAMESTOWN	20030115	9999	-61	-111	NA	-61	-111	424.0	42.100	-79.250
USC00304207	JAMESTOWN	20030116	9999	-72	-106	NA	-72	-106	424.0	42.100	-79.250
USC00304207	JAMESTOWN	20030117	9999	-61	-106	NA	-61	-106	424.0	42.100	-79.250
USC00304207	JAMESTOWN	20030118	9999	-89	-211	NA	-89	-211	424.0	42.100	-79.250
USC00304207	JAMESTOWN	20030119	9999	-67	-178	NA	-67	-178	424.0	42.100	-79.250
USC00304207	JAMESTOWN	20030120	9999	-67	-111	NA	-67	-111	424.0	42.100	-79.250
USC00304207	JAMESTOWN	20030121	9999	-89	-167	NA	-89	-167	424.0	42.100	-79.250
USC00304207	JAMESTOWN	20030122	9999	-78	-167	NA	-78	-167	424.0	42.100	-79.250
USC00304207	JAMESTOWN	20030123	9999	-111	-211	NA	-111	-211	424.0	42.100	-79.250
USC00304207	JAMESTOWN	20030124	9999	-117	-222	NA	-117	-222	424.0	42.100	-79.250
USC00304207	JAMESTOWN	20030125	9999	-83	-222	NA	-83	-222	424.0	42.100	-79.250
USC00304207	JAMESTOWN	20030126	9999	-61	-106	NA	-61	-106	424.0	42.100	-79.250
USC00304207	JAMESTOWN	20030127	9999	-56	-228	NA	-56	-228	424.0	42.100	-79.250
USC00304207	JAMESTOWN	20030128	9999	-100	-244	NA	-100	-244	424.0	42.100	-79.250
USC00304207	JAMESTOWN	20030129	9999	-39	-117	NA	-39	-117	424.0	42.100	-79.250
USC00304207	JAMESTOWN	20030130	9999	-33	-228	NA	-33	-228	424.0	42.100	-79.250
USC00304207	JAMESTOWN	20030131	9999	6	-228	NA	6	-228	424.0	42.100	-79.250
USC00304207	JAMESTOWN	20040101	9999	72	-50	NA	72	-50	424.0	42.100	-79.250
USC00304207	JAMESTOWN	20040102	9999	50	-50	NA	50	-50	424.0	42.100	-79.250
USC00304207	JAMESTOWN	20040103	9999	128	33	NA	128	33	424.0	42.100	-79.250
USC00304207	JAMESTOWN	20040104	9999	156	28	NA	156	28	424.0	42.100	-79.250
USC00304207	JAMESTOWN	20040105	9999	28	-11	NA	28	-11	424.0	42.100	-79.250
USC00304207	JAMESTOWN	20040106	9999	6	-56	NA	6	-56	424.0	42.100	-79.250
USC00304207	JAMESTOWN	20040107	9999	-50	-133	NA	-50	-133	424.0	42.100	-79.250
USC00304207	JAMESTOWN	20040108	9999	-83	-122	NA	-83	-122	424.0	42.100	-79.250
USC00304207	JAMESTOWN	20040109	9999	-39	-150	NA	-39	-150	424.0	42.100	-79.250
USC00304207	JAMESTOWN	20040110	9999	-111	-250	NA	-111	-250	424.0	42.100	-79.250
USC00304207	JAMESTOWN	20040111	9999	-111	-239	NA	-111	-239	424.0	42.100	-79.250
USC00304207	JAMESTOWN	20040112	9999	0	-117	NA	0	-117	424.0	42.100	-79.250
USC00304207	JAMESTOWN	20040113	9999	6	-17	NA	6	-17	424.0	42.100	-79.250
USC00304207	JAMESTOWN	20040114	9999	-6	-183	NA	-6	-183	424.0	42.100	-79.250
USC00304207	JAMESTOWN	20040115	9999	-94	-189	NA	-94	-189	424.0	42.100	-79.250
USC00304207	JAMESTOWN	20040116	9999	-133	-222	NA	-133	-222	424.0	42.100	-79.250
USC00304207	JAMESTOWN	20040117	9999	-100	-178	NA	-100	-178	424.0	42.100	-79.250
USC00304207	JAMESTOWN	20040118	9999	-11	-161	NA	-11	-161	424.0	42.100	-79.250
USC00304207	JAMESTOWN	20040119	9999	-22	-89	NA	-22	-89	424.0	42.100	-79.250
USC00304207	JAMESTOWN	20040120	9999	-72	-94	NA	-72	-94	424.0	42.100	-79.250
USC00304207	JAMESTOWN	20040121	9999	-89	-111	NA	-89	-111	424.0	42.100	-79.250
USC00304207	JAMESTOWN	20040122	9999	-17	-117	NA	-17	-117	424.0	42.100	-79.250
USC00304207	JAMESTOWN	20040123	9999	-17	-172	NA	-17	-172	424.0	42.100	-79.250
USC00304207	JAMESTOWN	20040124	9999	-117	-167	NA	-117	-167	424.0	42.100	-79.250
USC00304207	JAMESTOWN	20040125	9999	-100	-217	NA	-100	-217	424.0	42.100	-79.250
USC00304207	JAMESTOWN	20040126	9999	-72	-194	NA	-72	-194	424.0	42.100	-79.250
USC00304207	JAMESTOWN	20040127	9999	-44	-94	NA	-44	-94	424.0	42.100	-79.250
USC00304207	JAMESTOWN	20040128	9999	-17	-89	NA	-17	-89	424.0	42.100	-79.250
USC00304207	JAMESTOWN	20040129	9999	-72	-117	NA	-72	-117	424.0	42.100	-79.250
USC00304207	JAMESTOWN	20040130	9999	-111	-144	NA	-111	-144	424.0	42.100	-79.250
USC00304207	JAMESTOWN	20040131	9999	-117	-144	NA	-117	-144	424.0	42.100	-79.250
USC00304207	JAMESTOWN	20050101	9999	117	6	NA	117	6	424.0	42.100	-79.250
USC00304207	JAMESTOWN	20050102	9999	61	-17	NA	61	-17	424.0	42.100	-79.250
USC00304207	JAMESTOWN	20050103	9999	111	22	NA	111	22	424.0	42.100	-79.250
USC00304207	JAMESTOWN	20050104	9999	61	22	NA	61	22	424.0	42.100	-79.250
USC00304207	JAMESTOWN	20050105	9999	33	-11	NA	33	-11	424.0	42.100	-79.250
USC00304207	JAMESTOWN	20050106	9999	-6	-44	NA	-6	-44	424.0	42.100	-79.250
USC00304207	JAMESTOWN	20050107	9999	44	-39	NA	44	-39	424.0	42.100	-79.250
USC00304207	JAMESTOWN	20050108	9999	0	-39	NA	0	-39	424.0	42.100	-79.250
USC00304207	JAMESTOWN	20050109	9999	6	-17	NA	6	-17	424.0	42.100	-79.250
USC00304207	JAMESTOWN	20050110	9999	33	-22	NA	33	-22	424.0	42.100	-79.250
USC00304207	JAMESTOWN	20050111	9999	17	-11	NA	17	-11	424.0	42.100	-79.250
USC00304207	JAMESTOWN	20050112	9999	17	-11	NA	17	-11	424.0	42.100	-79.250
USC00304207	JAMESTOWN	20050113	9999	122	11	NA	122	11	424.0	42.100	-79.250
USC00304207	JAMESTOWN	20050114	9999	178	0	NA	178	0	424.0	42.100	-79.250
USC00304207	JAMESTOWN	20050115	9999	0	-89	NA	0	-89	424.0	42.100	-79.250
USC00304207	JAMESTOWN	20050116	9999	-39	-100	NA	-39	-100	424.0	42.100	-79.250
USC00304207	JAMESTOWN	20050117	9999	-56	-128	NA	-56	-128	424.0	42.100	-79.250
USC00304207	JAMESTOWN	20050118	9999	-94	-172	NA	-94	-172	424.0	42.100	-79.250
USC00304207	JAMESTOWN	20050119	9999	-94	-178	NA	-94	-178	424.0	42.100	-79.250
USC00304207	JAMESTOWN	20050120	9999	-39	-94	NA	-39	-94	424.0	42.100	-79.250
USC00304207	JAMESTOWN	20050121	9999	-78	-200	NA	-78	-200	424.0	42.100	-79.250
USC00304207	JAMESTOWN	20050122	9999	-100	-222	NA	-100	-222	424.0	42.100	-79.250
USC00304207	JAMESTOWN	20050123	9999	-100	-156	NA	-100	-156	424.0	42.100	-79.250
USC00304207	JAMESTOWN	20050124	9999	-117	-250	NA	-117	-250	424.0	42.100	-79.250
USC00304207	JAMESTOWN	20050125	9999	-44	-183	NA	-44	-183	424.0	42.100	-79.250
USC00304207	JAMESTOWN	20050126	9999	-6	-44	NA	-6	-44	424.0	42.100	-79.250
USC00304207	JAMESTOWN	20050127	9999	-11	-189	NA	-11	-189	424.0	42.100	-79.250
USC00304207	JAMESTOWN	20050128	9999	-83	-261	NA	-83	-261	424.0	42.100	-79.250
USC00304207	JAMESTOWN	20050129	9999	-17	-267	NA	-17	-267	424.0	42.100	-79.250
USC00304207	JAMESTOWN	20050130	9999	-11	-178	NA	-11	-178	424.0	42.100	-79.250
USC00304207	JAMESTOWN	20050131	9999	33	-167	NA	33	-167	424.0	42.100	-79.250
