STATION	NAME	DATE	SNWD	TMAX	TMIN	SNWD2	TMAX2	TMIN2	ELEV	LAT	LONG
USC00364432	KANE	19950101	0	28	-61	0	28	-61	533.4	41.6767	-78.8036
USC00364432	KANE	19950102	25	50	-78	25	50	-78	533.4	41.6767	-78.8036
USC00364432	KANE	19950103	25	-72	-111	25	-72	-111	533.4	41.6767	-78.8036
USC00364432	KANE	19950104	25	-56	-183	25	-56	-183	533.4	41.6767	-78.8036
USC00364432	KANE	19950105	51	-111	-211	51	-111	-211	533.4	41.6767	-78.8036
USC00364432	KANE	19950106	51	-100	-189	51	-100	-189	533.4	41.6767	-78.8036
USC00364432	KANE	19950107	102	0	-150	102	0	-150	533.4	41.6767	-78.8036
USC00364432	KANE	19950108	76	-17	-78	76	-17	-78	533.4	41.6767	-78.8036
USC00364432	KANE	19950109	76	-50	-111	76	-50	-111	533.4	41.6767	-78.8036
USC00364432	KANE	19950110	76	-72	-172	76	-72	-172	533.4	41.6767	-78.8036
USC00364432	KANE	19950111	76	-61	-150	76	-61	-150	533.4	41.6767	-78.8036
USC00364432	KANE	19950112	51	11	-61	51	11	-61	533.4	41.6767	-78.8036
USC00364432	KANE	19950113	25	89	11	25	89	11	533.4	41.6767	-78.8036
USC00364432	KANE	19950114	0	156	17	0	156	17	533.4	41.6767	-78.8036
USC00364432	KANE	19950115	0	156	56	0	156	56	533.4	41.6767	-78.8036
USC00364432	KANE	19950116	0	150	28	0	150	28	533.4	41.6767	-78.8036
USC00364432	KANE	19950117	0	33	-6	0	33	-6	533.4	41.6767	-78.8036
USC00364432	KANE	19950118	0	22	0	0	22	0	533.4	41.6767	-78.8036
USC00364432	KANE	19950119	0	111	6	0	111	6	533.4	41.6767	-78.8036
USC00364432	KANE	19950120	0	72	39	0	72	39	533.4	41.6767	-78.8036
USC00364432	KANE	19950121	127	50	-6	127	50	-6	533.4	41.6767	-78.8036
USC00364432	KANE	19950122	152	-6	-72	152	-6	-72	533.4	41.6767	-78.8036
USC00364432	KANE	19950123	152	-56	-89	152	-56	-89	533.4	41.6767	-78.8036
USC00364432	KANE	19950124	127	-56	-89	127	-56	-89	533.4	41.6767	-78.8036
USC00364432	KANE	19950125	152	-17	-61	152	-17	-61	533.4	41.6767	-78.8036
USC00364432	KANE	19950126	178	-39	-67	178	-39	-67	533.4	41.6767	-78.8036
USC00364432	KANE	19950127	178	-33	-72	178	-33	-72	533.4	41.6767	-78.8036
USC00364432	KANE	19950128	152	-28	-128	152	-28	-128	533.4	41.6767	-78.8036
USC00364432	KANE	19950129	127	-44	-211	127	-44	-211	533.4	41.6767	-78.8036
USC00364432	KANE	19950130	127	17	-211	127	17	-211	533.4	41.6767	-78.8036
USC00364432	KANE	19950131	127	17	-189	127	17	-189	533.4	41.6767	-78.8036
USC00364432	KANE	19960101	330	33	-78	330	33	-78	533.4	41.6767	-78.8036
USC00364432	KANE	19960102	279	17	-11	279	17	-11	533.4	41.6767	-78.8036
USC00364432	KANE	19960103	432	-6	-106	432	-6	-106	533.4	41.6767	-78.8036
USC00364432	KANE	19960104	457	-83	-239	457	-83	-239	533.4	41.6767	-78.8036
USC00364432	KANE	19960105	432	-94	-228	432	-94	-228	533.4	41.6767	-78.8036
USC00364432	KANE	19960106	432	-83	-289	432	-83	-289	533.4	41.6767	-78.8036
USC00364432	KANE	19960107	406	-89	-278	406	-89	-278	533.4	41.6767	-78.8036
USC00364432	KANE	19960108	406	-122	-156	406	-122	-156	533.4	41.6767	-78.8036
USC00364432	KANE	19960109	406	-67	-161	406	-67	-161	533.4	41.6767	-78.8036
USC00364432	KANE	19960110	533	-61	-122	533	-61	-122	533.4	41.6767	-78.8036
USC00364432	KANE	19960111	508	-89	-294	508	-89	-294	533.4	41.6767	-78.8036
USC00364432	KANE	19960112	508	-89	-294	508	-89	-294	533.4	41.6767	-78.8036
USC00364432	KANE	19960113	533	-61	-100	533	-61	-100	533.4	41.6767	-78.8036
USC00364432	KANE	19960114	483	-33	-94	483	-33	-94	533.4	41.6767	-78.8036
USC00364432	KANE	19960115	457	44	-61	457	44	-61	533.4	41.6767	-78.8036
USC00364432	KANE	19960116	432	-50	-167	432	-50	-167	533.4	41.6767	-78.8036
USC00364432	KANE	19960117	406	39	-94	406	39	-94	533.4	41.6767	-78.8036
USC00364432	KANE	19960118	330	72	-11	330	72	-11	533.4	41.6767	-78.8036
USC00364432	KANE	19960119	102	117	17	102	117	17	533.4	41.6767	-78.8036
USC00364432	KANE	19960120	51	78	-139	51	78	-139	533.4	41.6767	-78.8036
USC00364432	KANE	19960121	51	-72	-144	51	-72	-144	533.4	41.6767	-78.8036
USC00364432	KANE	19960122	51	-22	-117	51	-22	-117	533.4	41.6767	-78.8036
USC00364432	KANE	19960123	51	39	-106	51	39	-106	533.4	41.6767	-78.8036
USC00364432	KANE	19960124	25	33	-22	25	33	-22	533.4	41.6767	-78.8036
USC00364432	KANE	19960125	51	67	-100	51	67	-100	533.4	41.6767	-78.8036
USC00364432	KANE	19960126	51	-50	-100	51	-50	-100	533.4	41.6767	-78.8036
USC00364432	KANE	19960127	0	72	-56	0	72	-56	533.4	41.6767	-78.8036
USC00364432	KANE	19960128	76	83	-89	76	83	-89	533.4	41.6767	-78.8036
USC00364432	KANE	19960129	51	-28	-122	51	-28	-122	533.4	41.6767	-78.8036
USC00364432	KANE	19960130	51	6	-61	51	6	-61	533.4	41.6767	-78.8036
USC00364432	KANE	19960131	76	-33	-144	76	-33	-144	533.4	41.6767	-78.8036
USC00364432	KANE	19970101	0	17	-128	0	17	-128	533.4	41.6767	-78.8036
USC00364432	KANE	19970102	0	11	-94	0	11	-94	533.4	41.6767	-78.8036
USC00364432	KANE	19970103	0	106	0	0	106	0	533.4	41.6767	-78.8036
USC00364432	KANE	19970104	0	122	50	0	122	50	533.4	41.6767	-78.8036
USC00364432	KANE	19970105	0	156	56	0	156	56	533.4	41.6767	-78.8036
USC00364432	KANE	19970106	0	122	-28	0	122	-28	533.4	41.6767	-78.8036
USC00364432	KANE	19970107	25	-28	-83	25	-28	-83	533.4	41.6767	-78.8036
USC00364432	KANE	19970108	76	-61	-100	76	-61	-100	533.4	41.6767	-78.8036
USC00364432	KANE	19970109	51	-39	-133	51	-39	-133	533.4	41.6767	-78.8036
USC00364432	KANE	19970110	127	-17	-78	127	-17	-78	533.4	41.6767	-78.8036
USC00364432	KANE	19970111	178	-39	-189	178	-39	-189	533.4	41.6767	-78.8036
USC00364432	KANE	19970112	178	-122	-161	178	-122	-161	533.4	41.6767	-78.8036
USC00364432	KANE	19970113	152	-117	-161	152	-117	-161	533.4	41.6767	-78.8036
USC00364432	KANE	19970114	127	-106	-150	127	-106	-150	533.4	41.6767	-78.8036
USC00364432	KANE	19970115	127	-67	-200	127	-67	-200	533.4	41.6767	-78.8036
USC00364432	KANE	19970116	127	28	-194	127	28	-194	533.4	41.6767	-78.8036
USC00364432	KANE	19970117	229	-6	-211	229	-6	-211	533.4	41.6767	-78.8036
USC00364432	KANE	19970118	203	-167	-233	203	-167	-233	533.4	41.6767	-78.8036
USC00364432	KANE	19970119	178	-161	-294	178	-161	-294	533.4	41.6767	-78.8036
USC00364432	KANE	19970120	178	-72	-244	178	-72	-244	533.4	41.6767	-78.8036
USC00364432	KANE	19970121	203	-28	-94	203	-28	-94	533.4	41.6767	-78.8036
USC00364432	KANE	19970122	178	22	-100	178	22	-100	533.4	41.6767	-78.8036
USC00364432	KANE	19970123	76	67	0	76	67	0	533.4	41.6767	-78.8036
USC00364432	KANE	19970124	76	0	-83	76	0	-83	533.4	41.6767	-78.8036
USC00364432	KANE	19970125	152	44	-78	152	44	-78	533.4	41.6767	-78.8036
USC00364432	KANE	19970126	254	39	-106	254	39	-106	533.4	41.6767	-78.8036
USC00364432	KANE	19970127	254	-83	-167	254	-83	-167	533.4	41.6767	-78.8036
USC00364432	KANE	19970128	279	11	-83	279	11	-83	533.4	41.6767	-78.8036
USC00364432	KANE	19970129	254	-50	-178	254	-50	-178	533.4	41.6767	-78.8036
USC00364432	KANE	19970130	254	-72	-172	254	-72	-172	533.4	41.6767	-78.8036
USC00364432	KANE	19970131	229	-11	-111	229	-11	-111	533.4	41.6767	-78.8036
USC00364432	KANE	19980101	178	-83	-194	178	-83	-194	533.4	41.6767	-78.8036
USC00364432	KANE	19980102	152	6	-156	152	6	-156	533.4	41.6767	-78.8036
USC00364432	KANE	19980103	102	78	6	102	78	6	533.4	41.6767	-78.8036
USC00364432	KANE	19980104	51	78	11	51	78	11	533.4	41.6767	-78.8036
USC00364432	KANE	19980105	25	50	-6	25	50	-6	533.4	41.6767	-78.8036
USC00364432	KANE	19980106	0	139	0	0	139	0	533.4	41.6767	-78.8036
USC00364432	KANE	19980107	0	122	56	0	122	56	533.4	41.6767	-78.8036
USC00364432	KANE	19980108	0	172	89	0	172	89	533.4	41.6767	-78.8036
USC00364432	KANE	19980109	0	161	78	0	161	78	533.4	41.6767	-78.8036
USC00364432	KANE	19980110	0	83	-6	0	83	-6	533.4	41.6767	-78.8036
USC00364432	KANE	19980111	0	33	-50	0	33	-50	533.4	41.6767	-78.8036
USC00364432	KANE	19980112	0	6	-83	0	6	-83	533.4	41.6767	-78.8036
USC00364432	KANE	19980113	0	39	-72	0	39	-72	533.4	41.6767	-78.8036
USC00364432	KANE	19980114	25	28	-144	25	28	-144	533.4	41.6767	-78.8036
USC00364432	KANE	19980115	25	-39	-139	25	-39	-139	533.4	41.6767	-78.8036
USC00364432	KANE	19980116	25	0	-39	25	0	-39	533.4	41.6767	-78.8036
USC00364432	KANE	19980117	25	-6	-28	25	-6	-28	533.4	41.6767	-78.8036
USC00364432	KANE	19980118	51	6	-33	51	6	-33	533.4	41.6767	-78.8036
USC00364432	KANE	19980119	76	-6	-50	76	-6	-50	533.4	41.6767	-78.8036
USC00364432	KANE	19980120	102	-11	-94	102	-11	-94	533.4	41.6767	-78.8036
USC00364432	KANE	19980121	102	-22	-117	102	-22	-117	533.4	41.6767	-78.8036
USC00364432	KANE	19980122	76	-28	-117	76	-28	-117	533.4	41.6767	-78.8036
USC00364432	KANE	19980123	152	-11	-78	152	-11	-78	533.4	41.6767	-78.8036
USC00364432	KANE	19980124	102	17	-50	102	17	-50	533.4	41.6767	-78.8036
USC00364432	KANE	19980125	127	-17	-56	127	-17	-56	533.4	41.6767	-78.8036
USC00364432	KANE	19980126	102	-33	-61	102	-33	-61	533.4	41.6767	-78.8036
USC00364432	KANE	19980127	76	22	-72	76	22	-72	533.4	41.6767	-78.8036
USC00364432	KANE	19980128	76	22	-39	76	22	-39	533.4	41.6767	-78.8036
USC00364432	KANE	19980129	51	50	-72	51	50	-72	533.4	41.6767	-78.8036
USC00364432	KANE	19980130	51	44	-72	51	44	-72	533.4	41.6767	-78.8036
USC00364432	KANE	19980131	51	-6	-44	51	-6	-44	533.4	41.6767	-78.8036
USC00364432	KANE	19990101	152	-89	-128	152	-89	-128	533.4	41.6767	-78.8036
USC00364432	KANE	19990102	152	-100	-239	152	-100	-239	533.4	41.6767	-78.8036
USC00364432	KANE	19990103	178	-11	-183	178	-11	-183	533.4	41.6767	-78.8036
USC00364432	KANE	19990104	203	11	-133	203	11	-133	533.4	41.6767	-78.8036
USC00364432	KANE	19990105	203	-111	-200	203	-111	-200	533.4	41.6767	-78.8036
USC00364432	KANE	19990106	203	-122	-228	203	-122	-228	533.4	41.6767	-78.8036
USC00364432	KANE	19990107	305	-39	-156	305	-39	-156	533.4	41.6767	-78.8036
USC00364432	KANE	19990108	279	-94	-222	279	-94	-222	533.4	41.6767	-78.8036
USC00364432	KANE	19990109	305	0	-133	305	0	-133	533.4	41.6767	-78.8036
USC00364432	KANE	19990110	381	-50	-178	381	-50	-178	533.4	41.6767	-78.8036
USC00364432	KANE	19990111	381	-89	-194	381	-89	-194	533.4	41.6767	-78.8036
USC00364432	KANE	19990112	406	0	-161	406	0	-161	533.4	41.6767	-78.8036
USC00364432	KANE	19990113	330	44	-17	330	44	-17	533.4	41.6767	-78.8036
USC00364432	KANE	19990114	457	-17	-194	457	-17	-194	533.4	41.6767	-78.8036
USC00364432	KANE	19990115	584	-50	-144	584	-50	-144	533.4	41.6767	-78.8036
USC00364432	KANE	19990116	533	-56	-111	533	-56	-111	533.4	41.6767	-78.8036
USC00364432	KANE	19990117	432	17	-100	432	17	-100	533.4	41.6767	-78.8036
USC00364432	KANE	19990118	381	67	-89	381	67	-89	533.4	41.6767	-78.8036
USC00364432	KANE	19990119	406	50	-17	406	50	-17	533.4	41.6767	-78.8036
USC00364432	KANE	19990120	406	17	-78	406	17	-78	533.4	41.6767	-78.8036
USC00364432	KANE	19990121	406	56	-83	406	56	-83	533.4	41.6767	-78.8036
USC00364432	KANE	19990122	381	33	-72	381	33	-72	533.4	41.6767	-78.8036
USC00364432	KANE	19990123	356	61	28	356	61	28	533.4	41.6767	-78.8036
USC00364432	KANE	19990124	229	128	39	229	128	39	533.4	41.6767	-78.8036
USC00364432	KANE	19990125	229	39	-22	229	39	-22	533.4	41.6767	-78.8036
USC00364432	KANE	19990126	279	6	-56	279	6	-56	533.4	41.6767	-78.8036
USC00364432	KANE	19990127	279	6	-117	279	6	-117	533.4	41.6767	-78.8036
USC00364432	KANE	19990128	203	78	-100	203	78	-100	533.4	41.6767	-78.8036
USC00364432	KANE	19990129	203	28	-50	203	28	-50	533.4	41.6767	-78.8036
USC00364432	KANE	19990130	203	0	-78	203	0	-78	533.4	41.6767	-78.8036
USC00364432	KANE	19990131	203	-11	-178	203	-11	-178	533.4	41.6767	-78.8036
USC00364432	KANE	20000101	76	28	-106	76	28	-106	533.4	41.6767	-78.8036
USC00364432	KANE	20000102	51	89	-106	51	89	-106	533.4	41.6767	-78.8036
USC00364432	KANE	20000103	0	139	6	0	139	6	533.4	41.6767	-78.8036
USC00364432	KANE	20000104	0	117	61	0	117	61	533.4	41.6767	-78.8036
USC00364432	KANE	20000105	0	133	-61	0	133	-61	533.4	41.6767	-78.8036
USC00364432	KANE	20000106	0	-33	-83	0	-33	-83	533.4	41.6767	-78.8036
USC00364432	KANE	20000107	0	22	-50	0	22	-50	533.4	41.6767	-78.8036
USC00364432	KANE	20000108	25	11	-78	25	11	-78	533.4	41.6767	-78.8036
USC00364432	KANE	20000109	0	22	-89	0	22	-89	533.4	41.6767	-78.8036
USC00364432	KANE	20000110	0	39	-17	0	39	-17	533.4	41.6767	-78.8036
USC00364432	KANE	20000111	0	67	17	0	67	17	533.4	41.6767	-78.8036
USC00364432	KANE	20000112	51	17	-28	51	17	-28	533.4	41.6767	-78.8036
USC00364432	KANE	20000113	102	6	-44	102	6	-44	533.4	41.6767	-78.8036
USC00364432	KANE	20000114	152	-33	-178	152	-33	-178	533.4	41.6767	-78.8036
USC00364432	KANE	20000115	152	-89	-161	152	-89	-161	533.4	41.6767	-78.8036
USC00364432	KANE	20000116	102	17	-144	102	17	-144	533.4	41.6767	-78.8036
USC00364432	KANE	20000117	102	22	-189	102	22	-189	533.4	41.6767	-78.8036
USC00364432	KANE	20000118	102	-133	-222	102	-133	-222	533.4	41.6767	-78.8036
USC00364432	KANE	20000119	102	-72	-178	102	-72	-178	533.4	41.6767	-78.8036
USC00364432	KANE	20000120	152	-33	-78	152	-33	-78	533.4	41.6767	-78.8036
USC00364432	KANE	20000121	254	-44	-222	254	-44	-222	533.4	41.6767	-78.8036
USC00364432	KANE	20000122	254	-122	-228	254	-122	-228	533.4	41.6767	-78.8036
USC00364432	KANE	20000123	254	-94	-183	254	-94	-183	533.4	41.6767	-78.8036
USC00364432	KANE	20000124	203	-33	-122	203	-33	-122	533.4	41.6767	-78.8036
USC00364432	KANE	20000125	203	-39	-206	203	-39	-206	533.4	41.6767	-78.8036
USC00364432	KANE	20000126	229	-72	-167	229	-72	-167	533.4	41.6767	-78.8036
USC00364432	KANE	20000127	229	-72	-194	229	-72	-194	533.4	41.6767	-78.8036
USC00364432	KANE	20000128	229	-122	-178	229	-122	-178	533.4	41.6767	-78.8036
USC00364432	KANE	20000129	203	-72	-250	203	-72	-250	533.4	41.6767	-78.8036
USC00364432	KANE	20000130	203	11	-256	203	11	-256	533.4	41.6767	-78.8036
USC00364432	KANE	20000131	279	-22	-83	279	-22	-83	533.4	41.6767	-78.8036
USC00364432	KANE	20010101	229	-72	-111	229	-72	-111	533.4	41.6767	-78.8036
USC00364432	KANE	20010102	229	-56	-156	229	-56	-156	533.4	41.6767	-78.8036
USC00364432	KANE	20010103	229	-72	-167	229	-72	-167	533.4	41.6767	-78.8036
USC00364432	KANE	20010104	229	-61	-111	229	-61	-111	533.4	41.6767	-78.8036
USC00364432	KANE	20010105	203	-39	-78	203	-39	-78	533.4	41.6767	-78.8036
USC00364432	KANE	20010106	305	-17	-61	305	-17	-61	533.4	41.6767	-78.8036
USC00364432	KANE	20010107	279	-22	-61	279	-22	-61	533.4	41.6767	-78.8036
USC00364432	KANE	20010108	254	0	-28	254	0	-28	533.4	41.6767	-78.8036
USC00364432	KANE	20010109	254	-6	-167	254	-6	-167	533.4	41.6767	-78.8036
USC00364432	KANE	20010110	254	-78	-167	254	-78	-167	533.4	41.6767	-78.8036
USC00364432	KANE	20010111	254	-6	-83	254	-6	-83	533.4	41.6767	-78.8036
USC00364432	KANE	20010112	254	22	-161	254	22	-161	533.4	41.6767	-78.8036
USC00364432	KANE	20010113	229	39	-172	229	39	-172	533.4	41.6767	-78.8036
USC00364432	KANE	20010114	229	44	-122	229	44	-122	533.4	41.6767	-78.8036
USC00364432	KANE	20010115	229	33	-89	229	33	-89	533.4	41.6767	-78.8036
USC00364432	KANE	20010116	203	33	-17	203	33	-17	533.4	41.6767	-78.8036
USC00364432	KANE	20010117	203	-17	-28	203	-17	-28	533.4	41.6767	-78.8036
USC00364432	KANE	20010118	203	-22	-39	203	-22	-39	533.4	41.6767	-78.8036
USC00364432	KANE	20010119	178	11	-50	178	11	-50	533.4	41.6767	-78.8036
USC00364432	KANE	20010120	203	-6	-72	203	-6	-72	533.4	41.6767	-78.8036
USC00364432	KANE	20010121	203	-44	-133	203	-44	-133	533.4	41.6767	-78.8036
USC00364432	KANE	20010122	203	-44	-122	203	-44	-122	533.4	41.6767	-78.8036
USC00364432	KANE	20010123	203	-50	-161	203	-50	-161	533.4	41.6767	-78.8036
USC00364432	KANE	20010124	203	11	-161	203	11	-161	533.4	41.6767	-78.8036
USC00364432	KANE	20010125	203	-17	-78	203	-17	-78	533.4	41.6767	-78.8036
USC00364432	KANE	20010126	203	-56	-100	203	-56	-100	533.4	41.6767	-78.8036
USC00364432	KANE	20010127	254	-22	-100	254	-22	-100	533.4	41.6767	-78.8036
USC00364432	KANE	20010128	279	-28	-100	279	-28	-100	533.4	41.6767	-78.8036
USC00364432	KANE	20010129	254	-61	-161	254	-61	-161	533.4	41.6767	-78.8036
USC00364432	KANE	20010130	229	0	-161	229	0	-161	533.4	41.6767	-78.8036
USC00364432	KANE	20010131	178	56	-6	178	56	-6	533.4	41.6767	-78.8036
USC00364432	KANE	20020101	76	-83	-133	76	-83	-133	533.4	41.6767	-78.8036
USC00364432	KANE	20020102	102	-67	-139	102	-67	-139	533.4	41.6767	-78.8036
USC00364432	KANE	20020103	76	-50	-133	76	-50	-133	533.4	41.6767	-78.8036
USC00364432	KANE	20020104	51	-33	-83	51	-33	-83	533.4	41.6767	-78.8036
USC00364432	KANE	20020105	51	-28	-78	51	-28	-78	533.4	41.6767	-78.8036
USC00364432	KANE	20020106	51	11	-72	51	11	-72	533.4	41.6767	-78.8036
USC00364432	KANE	20020107	203	-17	-44	203	-17	-44	533.4	41.6767	-78.8036
USC00364432	KANE	20020108	178	-33	-89	178	-33	-89	533.4	41.6767	-78.8036
USC00364432	KANE	20020109	152	-33	-83	152	-33	-83	533.4	41.6767	-78.8036
USC00364432	KANE	20020110	127	28	-33	127	28	-33	533.4	41.6767	-78.8036
USC00364432	KANE	20020111	102	56	-28	102	56	-28	533.4	41.6767	-78.8036
USC00364432	KANE	20020112	102	0	-28	102	0	-28	533.4	41.6767	-78.8036
USC00364432	KANE	20020113	127	28	-33	127	28	-33	533.4	41.6767	-78.8036
USC00364432	KANE	20020114	127	-22	-94	127	-22	-94	533.4	41.6767	-78.8036
USC00364432	KANE	20020115	127	33	-83	127	33	-83	533.4	41.6767	-78.8036
USC00364432	KANE	20020116	127	-11	-44	127	-11	-44	533.4	41.6767	-78.8036
USC00364432	KANE	20020117	152	-6	-50	152	-6	-50	533.4	41.6767	-78.8036
USC00364432	KANE	20020118	152	-11	-78	152	-11	-78	533.4	41.6767	-78.8036
USC00364432	KANE	20020119	127	-44	-100	127	-44	-100	533.4	41.6767	-78.8036
USC00364432	KANE	20020120	279	-50	-189	279	-50	-189	533.4	41.6767	-78.8036
USC00364432	KANE	20020121	229	-28	-189	229	-28	-189	533.4	41.6767	-78.8036
USC00364432	KANE	20020122	254	-6	-83	254	-6	-83	533.4	41.6767	-78.8036
USC00364432	KANE	20020123	203	61	-100	203	61	-100	533.4	41.6767	-78.8036
USC00364432	KANE	20020124	102	50	-28	102	50	-28	533.4	41.6767	-78.8036
USC00364432	KANE	20020125	76	61	-56	76	61	-56	533.4	41.6767	-78.8036
USC00364432	KANE	20020126	76	28	-61	76	28	-61	533.4	41.6767	-78.8036
USC00364432	KANE	20020127	51	78	-50	51	78	-50	533.4	41.6767	-78.8036
USC00364432	KANE	20020128	25	117	-50	25	117	-50	533.4	41.6767	-78.8036
USC00364432	KANE	20020129	0	117	-39	0	117	-39	533.4	41.6767	-78.8036
USC00364432	KANE	20020130	0	133	28	0	133	28	533.4	41.6767	-78.8036
USC00364432	KANE	20020131	0	78	-11	0	78	-11	533.4	41.6767	-78.8036
USC00364432	KANE	20030101	152	56	-28	152	56	-28	533.4	41.6767	-78.8036
USC00364432	KANE	20030102	127	11	-78	127	11	-78	533.4	41.6767	-78.8036
USC00364432	KANE	20030103	152	-28	-83	152	-28	-83	533.4	41.6767	-78.8036
USC00364432	KANE	20030104	203	-33	-61	203	-33	-61	533.4	41.6767	-78.8036
USC00364432	KANE	20030105	203	-44	-78	203	-44	-78	533.4	41.6767	-78.8036
USC00364432	KANE	20030106	203	-44	-78	203	-44	-78	533.4	41.6767	-78.8036
USC00364432	KANE	20030107	305	-39	-133	305	-39	-133	533.4	41.6767	-78.8036
USC00364432	KANE	20030108	279	-22	-117	279	-22	-117	533.4	41.6767	-78.8036
USC00364432	KANE	20030109	229	6	-22	229	6	-22	533.4	41.6767	-78.8036
USC00364432	KANE	20030110	229	33	-78	229	33	-78	533.4	41.6767	-78.8036
USC00364432	KANE	20030111	305	-61	-122	305	-61	-122	533.4	41.6767	-78.8036
USC00364432	KANE	20030112	305	-89	-122	305	-89	-122	533.4	41.6767	-78.8036
USC00364432	KANE	20030113	279	-78	-150	279	-78	-150	533.4	41.6767	-78.8036
USC00364432	KANE	20030114	279	-56	-144	279	-56	-144	533.4	41.6767	-78.8036
USC00364432	KANE	20030115	279	-94	-128	279	-94	-128	533.4	41.6767	-78.8036
USC00364432	KANE	20030116	305	-111	-156	305	-111	-156	533.4	41.6767	-78.8036
USC00364432	KANE	20030117	279	-94	-183	279	-94	-183	533.4	41.6767	-78.8036
USC00364432	KANE	20030118	279	-106	-228	279	-106	-228	533.4	41.6767	-78.8036
USC00364432	KANE	20030119	279	-100	-222	279	-100	-222	533.4	41.6767	-78.8036
USC00364432	KANE	20030120	356	-100	-139	356	-100	-139	533.4	41.6767	-78.8036
USC00364432	KANE	20030121	356	-111	-222	356	-111	-222	533.4	41.6767	-78.8036
USC00364432	KANE	20030122	356	-117	-206	356	-117	-206	533.4	41.6767	-78.8036
USC00364432	KANE	20030123	356	-133	-272	356	-133	-272	533.4	41.6767	-78.8036
USC00364432	KANE	20030124	356	-150	-239	356	-150	-239	533.4	41.6767	-78.8036
USC00364432	KANE	20030125	330	-106	-233	330	-106	-233	533.4	41.6767	-78.8036
USC00364432	KANE	20030126	330	-89	-139	330	-89	-139	533.4	41.6767	-78.8036
USC00364432	KANE	20030127	381	-72	-261	381	-72	-261	533.4	41.6767	-78.8036
USC00364432	KANE	20030128	356	-133	-256	356	-133	-256	533.4	41.6767	-78.8036
USC00364432	KANE	20030129	330	-61	-144	330	-61	-144	533.4	41.6767	-78.8036
USC00364432	KANE	20030130	330	-56	-228	330	-56	-228	533.4	41.6767	-78.8036
USC00364432	KANE	20030131	356	-39	-233	356	-39	-233	533.4	41.6767	-78.8036
USC00364432	KANE	20040101	0	44	-94	0	44	-94	533.4	41.6767	-78.8036
USC00364432	KANE	20040102	0	67	-89	0	67	-89	533.4	41.6767	-78.8036
USC00364432	KANE	20040103	0	100	-6	0	100	-6	533.4	41.6767	-78.8036
USC00364432	KANE	20040104	0	122	6	0	122	6	533.4	41.6767	-78.8036
USC00364432	KANE	20040105	0	6	-28	0	6	-28	533.4	41.6767	-78.8036
USC00364432	KANE	20040106	51	0	-94	51	0	-94	533.4	41.6767	-78.8036
USC00364432	KANE	20040107	51	-78	-189	51	-78	-189	533.4	41.6767	-78.8036
USC00364432	KANE	20040108	127	-117	-178	127	-117	-178	533.4	41.6767	-78.8036
USC00364432	KANE	20040109	102	-78	-156	102	-78	-156	533.4	41.6767	-78.8036
USC00364432	KANE	20040110	76	-133	-278	76	-133	-278	533.4	41.6767	-78.8036
USC00364432	KANE	20040111	76	-150	-267	76	-150	-267	533.4	41.6767	-78.8036
USC00364432	KANE	20040112	102	-33	-150	102	-33	-150	533.4	41.6767	-78.8036
USC00364432	KANE	20040113	102	-17	-50	102	-17	-50	533.4	41.6767	-78.8036
USC00364432	KANE	20040114	102	-39	-183	102	-39	-183	533.4	41.6767	-78.8036
USC00364432	KANE	20040115	279	-122	-206	279	-122	-206	533.4	41.6767	-78.8036
USC00364432	KANE	20040116	229	-150	-228	229	-150	-228	533.4	41.6767	-78.8036
USC00364432	KANE	20040117	178	-128	-222	178	-128	-222	533.4	41.6767	-78.8036
USC00364432	KANE	20040118	229	-28	-206	229	-28	-206	533.4	41.6767	-78.8036
USC00364432	KANE	20040119	305	-33	-122	305	-33	-122	533.4	41.6767	-78.8036
USC00364432	KANE	20040120	330	-106	-128	330	-106	-128	533.4	41.6767	-78.8036
USC00364432	KANE	20040121	305	-117	-144	305	-117	-144	533.4	41.6767	-78.8036
USC00364432	KANE	20040122	279	-56	-150	279	-56	-150	533.4	41.6767	-78.8036
USC00364432	KANE	20040123	254	-44	-211	254	-44	-211	533.4	41.6767	-78.8036
USC00364432	KANE	20040124	279	-156	-217	279	-156	-217	533.4	41.6767	-78.8036
USC00364432	KANE	20040125	254	-117	-294	254	-117	-294	533.4	41.6767	-78.8036
USC00364432	KANE	20040126	254	-122	-294	254	-122	-294	533.4	41.6767	-78.8036
USC00364432	KANE	20040127	279	-94	-133	279	-94	-133	533.4	41.6767	-78.8036
USC00364432	KANE	20040128	356	-67	-111	356	-67	-111	533.4	41.6767	-78.8036
USC00364432	KANE	20040129	381	-100	-144	381	-100	-144	533.4	41.6767	-78.8036
USC00364432	KANE	20040130	356	-122	-194	356	-122	-194	533.4	41.6767	-78.8036
USC00364432	KANE	20040131	330	-150	-178	330	-150	-178	533.4	41.6767	-78.8036
USC00364432	KANE	20050101	0	100	50	0	100	50	533.4	41.6767	-78.8036
USC00364432	KANE	20050102	0	67	-33	0	67	-33	533.4	41.6767	-78.8036
USC00364432	KANE	20050103	0	89	0	0	89	0	533.4	41.6767	-78.8036
USC00364432	KANE	20050104	0	94	33	0	94	33	533.4	41.6767	-78.8036
USC00364432	KANE	20050105	25	44	-6	25	44	-6	533.4	41.6767	-78.8036
USC00364432	KANE	20050106	178	0	-39	178	0	-39	533.4	41.6767	-78.8036
USC00364432	KANE	20050107	152	33	-50	152	33	-50	533.4	41.6767	-78.8036
USC00364432	KANE	20050108	152	0	-50	152	0	-50	533.4	41.6767	-78.8036
USC00364432	KANE	20050109	127	11	-22	127	11	-22	533.4	41.6767	-78.8036
USC00364432	KANE	20050110	102	17	-28	102	17	-28	533.4	41.6767	-78.8036
USC00364432	KANE	20050111	102	17	-33	102	17	-33	533.4	41.6767	-78.8036
USC00364432	KANE	20050112	152	17	-28	152	17	-28	533.4	41.6767	-78.8036
USC00364432	KANE	20050113	102	39	11	102	39	11	533.4	41.6767	-78.8036
USC00364432	KANE	20050114	76	150	-11	76	150	-11	533.4	41.6767	-78.8036
USC00364432	KANE	20050115	76	-11	-128	76	-11	-128	533.4	41.6767	-78.8036
USC00364432	KANE	20050116	76	-50	-133	76	-50	-133	533.4	41.6767	-78.8036
USC00364432	KANE	20050117	178	-56	-133	178	-56	-133	533.4	41.6767	-78.8036
USC00364432	KANE	20050118	203	-111	-200	203	-111	-200	533.4	41.6767	-78.8036
USC00364432	KANE	20050119	178	-100	-211	178	-100	-211	533.4	41.6767	-78.8036
USC00364432	KANE	20050120	279	-50	-106	279	-50	-106	533.4	41.6767	-78.8036
USC00364432	KANE	20050121	229	-72	-244	229	-72	-244	533.4	41.6767	-78.8036
USC00364432	KANE	20050122	203	-100	-261	203	-100	-261	533.4	41.6767	-78.8036
USC00364432	KANE	20050123	356	-122	-183	356	-122	-183	533.4	41.6767	-78.8036
USC00364432	KANE	20050124	279	-133	-272	279	-133	-272	533.4	41.6767	-78.8036
USC00364432	KANE	20050125	330	-67	-217	330	-67	-217	533.4	41.6767	-78.8036
USC00364432	KANE	20050126	279	-6	-67	279	-6	-67	533.4	41.6767	-78.8036
USC00364432	KANE	20050127	254	-6	-200	254	-6	-200	533.4	41.6767	-78.8036
USC00364432	KANE	20050128	254	-83	-272	254	-83	-272	533.4	41.6767	-78.8036
USC00364432	KANE	20050129	254	-28	-278	254	-28	-278	533.4	41.6767	-78.8036
USC00364432	KANE	20050130	229	0	-167	229	0	-167	533.4	41.6767	-78.8036
USC00364432	KANE	20050131	229	39	-167	229	39	-167	533.4	41.6767	-78.8036
											
											
											
											
											
											
											
											
											
											
											
											
											
											
											
											
											
											
											
											
											
											
											
											
											
											
											
											
											
											
											
											
											
											
											
											
											
											
											
											
											
											
											
											
											
											
											
											
											
											
											
											
											
											
											
											
											
											
											
