STATION	NAME	DATE	SNWD	TMAX	TMIN	SNWD2	TMAX2	TMIN2	ELEV	LAT	LONG
USC00364763	LANCASTER	19950101	9999	94	6	NA	94	6	82.3	40.0500	-76.2741
USC00364763	LANCASTER	19950102	9999	50	-50	NA	50	-50	82.3	40.0500	-76.2741
USC00364763	LANCASTER	19950103	9999	-6	-78	NA	-6	-78	82.3	40.0500	-76.2741
USC00364763	LANCASTER	19950104	9999	-11	-94	NA	-11	-94	82.3	40.0500	-76.2741
USC00364763	LANCASTER	19950105	9999	-56	-106	NA	-56	-106	82.3	40.0500	-76.2741
USC00364763	LANCASTER	19950106	9999	22	-117	NA	22	-117	82.3	40.0500	-76.2741
USC00364763	LANCASTER	19950107	9999	50	0	NA	50	0	82.3	40.0500	-76.2741
USC00364763	LANCASTER	19950108	9999	50	-33	NA	50	-33	82.3	40.0500	-76.2741
USC00364763	LANCASTER	19950109	9999	50	-50	NA	50	-50	82.3	40.0500	-76.2741
USC00364763	LANCASTER	19950110	9999	-17	-67	NA	-17	-67	82.3	40.0500	-76.2741
USC00364763	LANCASTER	19950111	9999	17	-28	NA	17	-28	82.3	40.0500	-76.2741
USC00364763	LANCASTER	19950112	9999	89	17	NA	89	17	82.3	40.0500	-76.2741
USC00364763	LANCASTER	19950113	9999	100	17	NA	100	17	82.3	40.0500	-76.2741
USC00364763	LANCASTER	19950114	9999	200	17	NA	200	17	82.3	40.0500	-76.2741
USC00364763	LANCASTER	19950115	9999	167	150	NA	167	150	82.3	40.0500	-76.2741
USC00364763	LANCASTER	19950116	9999	178	56	NA	178	56	82.3	40.0500	-76.2741
USC00364763	LANCASTER	19950117	9999	89	17	NA	89	17	82.3	40.0500	-76.2741
USC00364763	LANCASTER	19950118	9999	67	6	NA	67	6	82.3	40.0500	-76.2741
USC00364763	LANCASTER	19950119	9999	56	39	NA	56	39	82.3	40.0500	-76.2741
USC00364763	LANCASTER	19950120	9999	106	39	NA	106	39	82.3	40.0500	-76.2741
USC00364763	LANCASTER	19950121	9999	44	0	NA	44	0	82.3	40.0500	-76.2741
USC00364763	LANCASTER	19950122	9999	17	-22	NA	17	-22	82.3	40.0500	-76.2741
USC00364763	LANCASTER	19950123	9999	17	-39	NA	17	-39	82.3	40.0500	-76.2741
USC00364763	LANCASTER	19950124	9999	22	-17	NA	22	-17	82.3	40.0500	-76.2741
USC00364763	LANCASTER	19950125	9999	44	-28	NA	44	-28	82.3	40.0500	-76.2741
USC00364763	LANCASTER	19950126	9999	22	-33	NA	22	-33	82.3	40.0500	-76.2741
USC00364763	LANCASTER	19950127	9999	28	-28	NA	28	-28	82.3	40.0500	-76.2741
USC00364763	LANCASTER	19950128	9999	-6	-61	NA	-6	-61	82.3	40.0500	-76.2741
USC00364763	LANCASTER	19950129	9999	11	-100	NA	11	-100	82.3	40.0500	-76.2741
USC00364763	LANCASTER	19950130	9999	17	-78	NA	17	-78	82.3	40.0500	-76.2741
USC00364763	LANCASTER	19950131	9999	67	-72	NA	67	-72	82.3	40.0500	-76.2741
USC00364763	LANCASTER	19960101	9999	39	6	NA	39	6	82.3	40.0500	-76.2741
USC00364763	LANCASTER	19960102	9999	17	0	NA	17	0	82.3	40.0500	-76.2741
USC00364763	LANCASTER	19960103	9999	0	-72	NA	0	-72	82.3	40.0500	-76.2741
USC00364763	LANCASTER	19960104	9999	-50	-106	NA	-50	-106	82.3	40.0500	-76.2741
USC00364763	LANCASTER	19960105	9999	-33	-83	NA	-33	-83	82.3	40.0500	-76.2741
USC00364763	LANCASTER	19960106	9999	-78	-128	NA	-78	-128	82.3	40.0500	-76.2741
USC00364763	LANCASTER	19960107	9999	-72	-111	NA	-72	-111	82.3	40.0500	-76.2741
USC00364763	LANCASTER	19960108	9999	-56	-94	NA	-56	-94	82.3	40.0500	-76.2741
USC00364763	LANCASTER	19960109	9999	-50	-194	NA	-50	-194	82.3	40.0500	-76.2741
USC00364763	LANCASTER	19960110	9999	-22	-100	NA	-22	-100	82.3	40.0500	-76.2741
USC00364763	LANCASTER	19960111	9999	-67	-128	NA	-67	-128	82.3	40.0500	-76.2741
USC00364763	LANCASTER	19960112	9999	-6	-100	NA	-6	-100	82.3	40.0500	-76.2741
USC00364763	LANCASTER	19960113	9999	6	-44	NA	6	-44	82.3	40.0500	-76.2741
USC00364763	LANCASTER	19960114	9999	56	-72	NA	56	-72	82.3	40.0500	-76.2741
USC00364763	LANCASTER	19960115	9999	50	-106	NA	50	-106	82.3	40.0500	-76.2741
USC00364763	LANCASTER	19960116	9999	-39	-122	NA	-39	-122	82.3	40.0500	-76.2741
USC00364763	LANCASTER	19960117	9999	44	-44	NA	44	-44	82.3	40.0500	-76.2741
USC00364763	LANCASTER	19960118	9999	111	-22	NA	111	-22	82.3	40.0500	-76.2741
USC00364763	LANCASTER	19960119	9999	144	-78	NA	144	-78	82.3	40.0500	-76.2741
USC00364763	LANCASTER	19960120	9999	-44	-111	NA	-44	-111	82.3	40.0500	-76.2741
USC00364763	LANCASTER	19960121	9999	-6	-117	NA	-6	-117	82.3	40.0500	-76.2741
USC00364763	LANCASTER	19960122	9999	17	-106	NA	17	-106	82.3	40.0500	-76.2741
USC00364763	LANCASTER	19960123	9999	22	-39	NA	22	-39	82.3	40.0500	-76.2741
USC00364763	LANCASTER	19960124	9999	100	11	NA	100	11	82.3	40.0500	-76.2741
USC00364763	LANCASTER	19960125	9999	17	-72	NA	17	-72	82.3	40.0500	-76.2741
USC00364763	LANCASTER	19960126	9999	61	-72	NA	61	-72	82.3	40.0500	-76.2741
USC00364763	LANCASTER	19960127	9999	128	-89	NA	128	-89	82.3	40.0500	-76.2741
USC00364763	LANCASTER	19960128	9999	0	-56	NA	0	-56	82.3	40.0500	-76.2741
USC00364763	LANCASTER	19960129	9999	17	-56	NA	17	-56	82.3	40.0500	-76.2741
USC00364763	LANCASTER	19960130	9999	61	-28	NA	61	-28	82.3	40.0500	-76.2741
USC00364763	LANCASTER	19960131	9999	17	-83	NA	17	-83	82.3	40.0500	-76.2741
USC00364763	LANCASTER	19970101	9999	-17	-72	NA	-17	-72	82.3	40.0500	-76.2741
USC00364763	LANCASTER	19970102	9999	56	-17	NA	56	-17	82.3	40.0500	-76.2741
USC00364763	LANCASTER	19970103	9999	161	39	NA	161	39	82.3	40.0500	-76.2741
USC00364763	LANCASTER	19970104	9999	122	50	NA	122	50	82.3	40.0500	-76.2741
USC00364763	LANCASTER	19970105	9999	161	72	NA	161	72	82.3	40.0500	-76.2741
USC00364763	LANCASTER	19970106	9999	117	0	NA	117	0	82.3	40.0500	-76.2741
USC00364763	LANCASTER	19970107	9999	17	-61	NA	17	-61	82.3	40.0500	-76.2741
USC00364763	LANCASTER	19970108	9999	28	-39	NA	28	-39	82.3	40.0500	-76.2741
USC00364763	LANCASTER	19970109	9999	0	-44	NA	0	-44	82.3	40.0500	-76.2741
USC00364763	LANCASTER	19970110	9999	39	-28	NA	39	-28	82.3	40.0500	-76.2741
USC00364763	LANCASTER	19970111	9999	-11	-78	NA	-11	-78	82.3	40.0500	-76.2741
USC00364763	LANCASTER	19970112	9999	-39	-89	NA	-39	-89	82.3	40.0500	-76.2741
USC00364763	LANCASTER	19970113	9999	-39	-94	NA	-39	-94	82.3	40.0500	-76.2741
USC00364763	LANCASTER	19970114	9999	-33	-89	NA	-33	-89	82.3	40.0500	-76.2741
USC00364763	LANCASTER	19970115	9999	33	-111	NA	33	-111	82.3	40.0500	-76.2741
USC00364763	LANCASTER	19970116	9999	56	-67	NA	56	-67	82.3	40.0500	-76.2741
USC00364763	LANCASTER	19970117	9999	-67	-133	NA	-67	-133	82.3	40.0500	-76.2741
USC00364763	LANCASTER	19970118	9999	-100	-128	NA	-100	-128	82.3	40.0500	-76.2741
USC00364763	LANCASTER	19970119	9999	-67	-144	NA	-67	-144	82.3	40.0500	-76.2741
USC00364763	LANCASTER	19970120	9999	22	-122	NA	22	-122	82.3	40.0500	-76.2741
USC00364763	LANCASTER	19970121	9999	33	-44	NA	33	-44	82.3	40.0500	-76.2741
USC00364763	LANCASTER	19970122	9999	89	-17	NA	89	-17	82.3	40.0500	-76.2741
USC00364763	LANCASTER	19970123	9999	117	-17	NA	117	-17	82.3	40.0500	-76.2741
USC00364763	LANCASTER	19970124	9999	61	-44	NA	61	-44	82.3	40.0500	-76.2741
USC00364763	LANCASTER	19970125	9999	72	0	NA	72	0	82.3	40.0500	-76.2741
USC00364763	LANCASTER	19970126	9999	6	-50	NA	6	-50	82.3	40.0500	-76.2741
USC00364763	LANCASTER	19970127	9999	17	-50	NA	17	-50	82.3	40.0500	-76.2741
USC00364763	LANCASTER	19970128	9999	67	-17	NA	67	-17	82.3	40.0500	-76.2741
USC00364763	LANCASTER	19970129	9999	-17	-72	NA	-17	-72	82.3	40.0500	-76.2741
USC00364763	LANCASTER	19970130	9999	28	-78	NA	28	-78	82.3	40.0500	-76.2741
USC00364763	LANCASTER	19970131	9999	33	-39	NA	33	-39	82.3	40.0500	-76.2741
USC00364763	LANCASTER	19980101	9999	-11	-89	NA	-11	-89	82.3	40.0500	-76.2741
USC00364763	LANCASTER	19980102	9999	122	-44	NA	122	-44	82.3	40.0500	-76.2741
USC00364763	LANCASTER	19980103	9999	150	-11	NA	150	-11	82.3	40.0500	-76.2741
USC00364763	LANCASTER	19980104	9999	183	28	NA	183	28	82.3	40.0500	-76.2741
USC00364763	LANCASTER	19980105	9999	172	0	NA	172	0	82.3	40.0500	-76.2741
USC00364763	LANCASTER	19980106	9999	167	67	NA	167	67	82.3	40.0500	-76.2741
USC00364763	LANCASTER	19980107	9999	178	128	NA	178	128	82.3	40.0500	-76.2741
USC00364763	LANCASTER	19980108	9999	183	156	NA	183	156	82.3	40.0500	-76.2741
USC00364763	LANCASTER	19980109	9999	178	50	NA	178	50	82.3	40.0500	-76.2741
USC00364763	LANCASTER	19980110	9999	89	-11	NA	89	-11	82.3	40.0500	-76.2741
USC00364763	LANCASTER	19980111	9999	50	-28	NA	50	-28	82.3	40.0500	-76.2741
USC00364763	LANCASTER	19980112	9999	33	-44	NA	33	-44	82.3	40.0500	-76.2741
USC00364763	LANCASTER	19980113	9999	89	-17	NA	89	-17	82.3	40.0500	-76.2741
USC00364763	LANCASTER	19980114	9999	6	-56	NA	6	-56	82.3	40.0500	-76.2741
USC00364763	LANCASTER	19980115	9999	33	-61	NA	33	-61	82.3	40.0500	-76.2741
USC00364763	LANCASTER	19980116	9999	33	17	NA	33	17	82.3	40.0500	-76.2741
USC00364763	LANCASTER	19980117	9999	61	6	NA	61	6	82.3	40.0500	-76.2741
USC00364763	LANCASTER	19980118	9999	39	0	NA	39	0	82.3	40.0500	-76.2741
USC00364763	LANCASTER	19980119	9999	33	6	NA	33	6	82.3	40.0500	-76.2741
USC00364763	LANCASTER	19980120	9999	28	-11	NA	28	-11	82.3	40.0500	-76.2741
USC00364763	LANCASTER	19980121	9999	17	-33	NA	17	-33	82.3	40.0500	-76.2741
USC00364763	LANCASTER	19980122	9999	39	-39	NA	39	-39	82.3	40.0500	-76.2741
USC00364763	LANCASTER	19980123	9999	67	-6	NA	67	-6	82.3	40.0500	-76.2741
USC00364763	LANCASTER	19980124	9999	61	-11	NA	61	-11	82.3	40.0500	-76.2741
USC00364763	LANCASTER	19980125	9999	22	-22	NA	22	-22	82.3	40.0500	-76.2741
USC00364763	LANCASTER	19980126	9999	39	-44	NA	39	-44	82.3	40.0500	-76.2741
USC00364763	LANCASTER	19980127	9999	56	-33	NA	56	-33	82.3	40.0500	-76.2741
USC00364763	LANCASTER	19980128	9999	22	-6	NA	22	-6	82.3	40.0500	-76.2741
USC00364763	LANCASTER	19980129	9999	106	-22	NA	106	-22	82.3	40.0500	-76.2741
USC00364763	LANCASTER	19980130	9999	56	-6	NA	56	-6	82.3	40.0500	-76.2741
USC00364763	LANCASTER	19980131	9999	50	-22	NA	50	-22	82.3	40.0500	-76.2741
USC00364763	LANCASTER	19990101	9999	-28	-94	NA	-28	-94	82.3	40.0500	-76.2741
USC00364763	LANCASTER	19990102	9999	-44	-122	NA	-44	-122	82.3	40.0500	-76.2741
USC00364763	LANCASTER	19990103	9999	111	-44	NA	111	-44	82.3	40.0500	-76.2741
USC00364763	LANCASTER	19990104	9999	-33	-83	NA	-33	-83	82.3	40.0500	-76.2741
USC00364763	LANCASTER	19990105	9999	-50	-111	NA	-50	-111	82.3	40.0500	-76.2741
USC00364763	LANCASTER	19990106	9999	0	-133	NA	0	-133	82.3	40.0500	-76.2741
USC00364763	LANCASTER	19990107	9999	11	-78	NA	11	-78	82.3	40.0500	-76.2741
USC00364763	LANCASTER	19990108	9999	-22	-78	NA	-22	-78	82.3	40.0500	-76.2741
USC00364763	LANCASTER	19990109	9999	61	-50	NA	61	-50	82.3	40.0500	-76.2741
USC00364763	LANCASTER	19990110	9999	-33	-83	NA	-33	-83	82.3	40.0500	-76.2741
USC00364763	LANCASTER	19990111	9999	-44	-78	NA	-44	-78	82.3	40.0500	-76.2741
USC00364763	LANCASTER	19990112	9999	111	-61	NA	111	-61	82.3	40.0500	-76.2741
USC00364763	LANCASTER	19990113	9999	106	-22	NA	106	-22	82.3	40.0500	-76.2741
USC00364763	LANCASTER	19990114	9999	-22	-83	NA	-22	-83	82.3	40.0500	-76.2741
USC00364763	LANCASTER	19990115	9999	0	-56	NA	0	-56	82.3	40.0500	-76.2741
USC00364763	LANCASTER	19990116	9999	44	-78	NA	44	-78	82.3	40.0500	-76.2741
USC00364763	LANCASTER	19990117	9999	94	-28	NA	94	-28	82.3	40.0500	-76.2741
USC00364763	LANCASTER	19990118	9999	128	-11	NA	128	-11	82.3	40.0500	-76.2741
USC00364763	LANCASTER	19990119	9999	89	-11	NA	89	-11	82.3	40.0500	-76.2741
USC00364763	LANCASTER	19990120	9999	67	-17	NA	67	-17	82.3	40.0500	-76.2741
USC00364763	LANCASTER	19990121	9999	56	-28	NA	56	-28	82.3	40.0500	-76.2741
USC00364763	LANCASTER	19990122	9999	67	39	NA	67	39	82.3	40.0500	-76.2741
USC00364763	LANCASTER	19990123	9999	183	56	NA	183	56	82.3	40.0500	-76.2741
USC00364763	LANCASTER	19990124	9999	167	22	NA	167	22	82.3	40.0500	-76.2741
USC00364763	LANCASTER	19990125	9999	50	6	NA	50	6	82.3	40.0500	-76.2741
USC00364763	LANCASTER	19990126	9999	72	-28	NA	72	-28	82.3	40.0500	-76.2741
USC00364763	LANCASTER	19990127	9999	94	-44	NA	94	-44	82.3	40.0500	-76.2741
USC00364763	LANCASTER	19990128	9999	139	0	NA	139	0	82.3	40.0500	-76.2741
USC00364763	LANCASTER	19990129	9999	56	-33	NA	56	-33	82.3	40.0500	-76.2741
USC00364763	LANCASTER	19990130	9999	56	-56	NA	56	-56	82.3	40.0500	-76.2741
USC00364763	LANCASTER	19990131	9999	-6	-83	NA	-6	-83	82.3	40.0500	-76.2741
USC00364763	LANCASTER	20000101	9999	111	-56	NA	111	-56	82.3	40.0500	-76.2741
USC00364763	LANCASTER	20000102	9999	178	-11	NA	178	-11	82.3	40.0500	-76.2741
USC00364763	LANCASTER	20000103	9999	156	56	NA	156	56	82.3	40.0500	-76.2741
USC00364763	LANCASTER	20000104	9999	200	61	NA	200	61	82.3	40.0500	-76.2741
USC00364763	LANCASTER	20000105	9999	67	-44	NA	67	-44	82.3	40.0500	-76.2741
USC00364763	LANCASTER	20000106	9999	61	-61	NA	61	-61	82.3	40.0500	-76.2741
USC00364763	LANCASTER	20000107	9999	94	-28	NA	94	-28	82.3	40.0500	-76.2741
USC00364763	LANCASTER	20000108	9999	50	-50	NA	50	-50	82.3	40.0500	-76.2741
USC00364763	LANCASTER	20000109	9999	72	6	NA	72	6	82.3	40.0500	-76.2741
USC00364763	LANCASTER	20000110	9999	94	44	NA	94	44	82.3	40.0500	-76.2741
USC00364763	LANCASTER	20000111	9999	106	28	NA	106	28	82.3	40.0500	-76.2741
USC00364763	LANCASTER	20000112	9999	72	-6	NA	72	-6	82.3	40.0500	-76.2741
USC00364763	LANCASTER	20000113	9999	67	-56	NA	67	-56	82.3	40.0500	-76.2741
USC00364763	LANCASTER	20000114	9999	-28	-83	NA	-28	-83	82.3	40.0500	-76.2741
USC00364763	LANCASTER	20000115	9999	-11	-78	NA	-11	-78	82.3	40.0500	-76.2741
USC00364763	LANCASTER	20000116	9999	106	-44	NA	106	-44	82.3	40.0500	-76.2741
USC00364763	LANCASTER	20000117	9999	-44	-128	NA	-44	-128	82.3	40.0500	-76.2741
USC00364763	LANCASTER	20000118	9999	-78	-144	NA	-78	-144	82.3	40.0500	-76.2741
USC00364763	LANCASTER	20000119	9999	17	-117	NA	17	-117	82.3	40.0500	-76.2741
USC00364763	LANCASTER	20000120	9999	-11	-56	NA	-11	-56	82.3	40.0500	-76.2741
USC00364763	LANCASTER	20000121	9999	-56	-111	NA	-56	-111	82.3	40.0500	-76.2741
USC00364763	LANCASTER	20000122	9999	-67	-150	NA	-67	-150	82.3	40.0500	-76.2741
USC00364763	LANCASTER	20000123	9999	-33	-89	NA	-33	-89	82.3	40.0500	-76.2741
USC00364763	LANCASTER	20000124	9999	22	-44	NA	22	-44	82.3	40.0500	-76.2741
USC00364763	LANCASTER	20000125	9999	-17	-56	NA	-17	-56	82.3	40.0500	-76.2741
USC00364763	LANCASTER	20000126	9999	-11	-61	NA	-11	-61	82.3	40.0500	-76.2741
USC00364763	LANCASTER	20000127	9999	-56	-117	NA	-56	-117	82.3	40.0500	-76.2741
USC00364763	LANCASTER	20000128	9999	-39	-122	NA	-39	-122	82.3	40.0500	-76.2741
USC00364763	LANCASTER	20000129	9999	-6	-144	NA	-6	-144	82.3	40.0500	-76.2741
USC00364763	LANCASTER	20000130	9999	-17	-150	NA	-17	-150	82.3	40.0500	-76.2741
USC00364763	LANCASTER	20000131	9999	6	-50	NA	6	-50	82.3	40.0500	-76.2741
USC00364763	LANCASTER	20010101	9999	11	-56	NA	11	-56	82.3	40.0500	-76.2741
USC00364763	LANCASTER	20010102	9999	-22	-94	NA	-22	-94	82.3	40.0500	-76.2741
USC00364763	LANCASTER	20010103	9999	-11	-94	NA	-11	-94	82.3	40.0500	-76.2741
USC00364763	LANCASTER	20010104	9999	11	-56	NA	11	-56	82.3	40.0500	-76.2741
USC00364763	LANCASTER	20010105	9999	-11	-94	NA	-11	-94	82.3	40.0500	-76.2741
USC00364763	LANCASTER	20010106	9999	22	-78	NA	22	-78	82.3	40.0500	-76.2741
USC00364763	LANCASTER	20010107	9999	94	-67	NA	94	-67	82.3	40.0500	-76.2741
USC00364763	LANCASTER	20010108	9999	33	-39	NA	33	-39	82.3	40.0500	-76.2741
USC00364763	LANCASTER	20010109	9999	11	-56	NA	11	-56	82.3	40.0500	-76.2741
USC00364763	LANCASTER	20010110	9999	22	-56	NA	22	-56	82.3	40.0500	-76.2741
USC00364763	LANCASTER	20010111	9999	89	-67	NA	89	-67	82.3	40.0500	-76.2741
USC00364763	LANCASTER	20010112	9999	44	-61	NA	44	-61	82.3	40.0500	-76.2741
USC00364763	LANCASTER	20010113	9999	61	-78	NA	61	-78	82.3	40.0500	-76.2741
USC00364763	LANCASTER	20010114	9999	50	-67	NA	50	-67	82.3	40.0500	-76.2741
USC00364763	LANCASTER	20010115	9999	33	11	NA	33	11	82.3	40.0500	-76.2741
USC00364763	LANCASTER	20010116	9999	61	0	NA	61	0	82.3	40.0500	-76.2741
USC00364763	LANCASTER	20010117	9999	39	6	NA	39	6	82.3	40.0500	-76.2741
USC00364763	LANCASTER	20010118	9999	11	-28	NA	11	-28	82.3	40.0500	-76.2741
USC00364763	LANCASTER	20010119	9999	28	0	NA	28	0	82.3	40.0500	-76.2741
USC00364763	LANCASTER	20010120	9999	22	-17	NA	22	-17	82.3	40.0500	-76.2741
USC00364763	LANCASTER	20010121	9999	-17	-78	NA	-17	-78	82.3	40.0500	-76.2741
USC00364763	LANCASTER	20010122	9999	-6	-133	NA	-6	-133	82.3	40.0500	-76.2741
USC00364763	LANCASTER	20010123	9999	-11	-144	NA	-11	-144	82.3	40.0500	-76.2741
USC00364763	LANCASTER	20010124	9999	44	-122	NA	44	-122	82.3	40.0500	-76.2741
USC00364763	LANCASTER	20010125	9999	22	-61	NA	22	-61	82.3	40.0500	-76.2741
USC00364763	LANCASTER	20010126	9999	6	-100	NA	6	-100	82.3	40.0500	-76.2741
USC00364763	LANCASTER	20010127	9999	50	-28	NA	50	-28	82.3	40.0500	-76.2741
USC00364763	LANCASTER	20010128	9999	28	-50	NA	28	-50	82.3	40.0500	-76.2741
USC00364763	LANCASTER	20010129	9999	28	-94	NA	28	-94	82.3	40.0500	-76.2741
USC00364763	LANCASTER	20010130	9999	106	-6	NA	106	-6	82.3	40.0500	-76.2741
USC00364763	LANCASTER	20010131	9999	78	-17	NA	78	-17	82.3	40.0500	-76.2741
USC00364763	LANCASTER	20020101	9999	0	-89	NA	0	-89	82.3	40.0500	-76.2741
USC00364763	LANCASTER	20020102	9999	11	-78	NA	11	-78	82.3	40.0500	-76.2741
USC00364763	LANCASTER	20020103	9999	22	-67	NA	22	-67	82.3	40.0500	-76.2741
USC00364763	LANCASTER	20020104	9999	22	-39	NA	22	-39	82.3	40.0500	-76.2741
USC00364763	LANCASTER	20020105	9999	39	-33	NA	39	-33	82.3	40.0500	-76.2741
USC00364763	LANCASTER	20020106	9999	33	-61	NA	33	-61	82.3	40.0500	-76.2741
USC00364763	LANCASTER	20020107	9999	11	-22	NA	11	-22	82.3	40.0500	-76.2741
USC00364763	LANCASTER	20020108	9999	6	-56	NA	6	-56	82.3	40.0500	-76.2741
USC00364763	LANCASTER	20020109	9999	50	-56	NA	50	-56	82.3	40.0500	-76.2741
USC00364763	LANCASTER	20020110	9999	133	-44	NA	133	-44	82.3	40.0500	-76.2741
USC00364763	LANCASTER	20020111	9999	72	22	NA	72	22	82.3	40.0500	-76.2741
USC00364763	LANCASTER	20020112	9999	83	-17	NA	83	-17	82.3	40.0500	-76.2741
USC00364763	LANCASTER	20020113	9999	56	-11	NA	56	-11	82.3	40.0500	-76.2741
USC00364763	LANCASTER	20020114	9999	83	-44	NA	83	-44	82.3	40.0500	-76.2741
USC00364763	LANCASTER	20020115	9999	83	-22	NA	83	-22	82.3	40.0500	-76.2741
USC00364763	LANCASTER	20020116	9999	44	6	NA	44	6	82.3	40.0500	-76.2741
USC00364763	LANCASTER	20020117	9999	94	-11	NA	94	-11	82.3	40.0500	-76.2741
USC00364763	LANCASTER	20020118	9999	33	-61	NA	33	-61	82.3	40.0500	-76.2741
USC00364763	LANCASTER	20020119	9999	-17	-67	NA	-17	-67	82.3	40.0500	-76.2741
USC00364763	LANCASTER	20020120	9999	22	-67	NA	22	-67	82.3	40.0500	-76.2741
USC00364763	LANCASTER	20020121	9999	50	-67	NA	50	-67	82.3	40.0500	-76.2741
USC00364763	LANCASTER	20020122	9999	83	-22	NA	83	-22	82.3	40.0500	-76.2741
USC00364763	LANCASTER	20020123	9999	89	-22	NA	89	-22	82.3	40.0500	-76.2741
USC00364763	LANCASTER	20020124	9999	106	33	NA	106	33	82.3	40.0500	-76.2741
USC00364763	LANCASTER	20020125	9999	89	-17	NA	89	-17	82.3	40.0500	-76.2741
USC00364763	LANCASTER	20020126	9999	128	-44	NA	128	-44	82.3	40.0500	-76.2741
USC00364763	LANCASTER	20020127	9999	189	-44	NA	189	-44	82.3	40.0500	-76.2741
USC00364763	LANCASTER	20020128	9999	178	-28	NA	178	-28	82.3	40.0500	-76.2741
USC00364763	LANCASTER	20020129	9999	211	6	NA	211	6	82.3	40.0500	-76.2741
USC00364763	LANCASTER	20020130	9999	167	67	NA	167	67	82.3	40.0500	-76.2741
USC00364763	LANCASTER	20020131	9999	67	39	NA	67	39	82.3	40.0500	-76.2741
USC00364763	LANCASTER	20030101	9999	56	11	NA	56	11	82.3	40.0500	-76.2741
USC00364763	LANCASTER	20030102	9999	33	-6	NA	33	-6	82.3	40.0500	-76.2741
USC00364763	LANCASTER	20030103	9999	17	-11	NA	17	-11	82.3	40.0500	-76.2741
USC00364763	LANCASTER	20030104	9999	17	0	NA	17	0	82.3	40.0500	-76.2741
USC00364763	LANCASTER	20030105	9999	0	-33	NA	0	-33	82.3	40.0500	-76.2741
USC00364763	LANCASTER	20030106	9999	6	-22	NA	6	-22	82.3	40.0500	-76.2741
USC00364763	LANCASTER	20030107	9999	-6	-67	NA	-6	-67	82.3	40.0500	-76.2741
USC00364763	LANCASTER	20030108	9999	61	-11	NA	61	-11	82.3	40.0500	-76.2741
USC00364763	LANCASTER	20030109	9999	122	-22	NA	122	-22	82.3	40.0500	-76.2741
USC00364763	LANCASTER	20030110	9999	94	-22	NA	94	-22	82.3	40.0500	-76.2741
USC00364763	LANCASTER	20030111	9999	-11	-56	NA	-11	-56	82.3	40.0500	-76.2741
USC00364763	LANCASTER	20030112	9999	0	-67	NA	0	-67	82.3	40.0500	-76.2741
USC00364763	LANCASTER	20030113	9999	33	-83	NA	33	-83	82.3	40.0500	-76.2741
USC00364763	LANCASTER	20030114	9999	-22	-72	NA	-22	-72	82.3	40.0500	-76.2741
USC00364763	LANCASTER	20030115	9999	-22	-72	NA	-22	-72	82.3	40.0500	-76.2741
USC00364763	LANCASTER	20030116	9999	-33	-89	NA	-33	-89	82.3	40.0500	-76.2741
USC00364763	LANCASTER	20030117	9999	-22	-100	NA	-22	-100	82.3	40.0500	-76.2741
USC00364763	LANCASTER	20030118	9999	-67	-150	NA	-67	-150	82.3	40.0500	-76.2741
USC00364763	LANCASTER	20030119	9999	-22	-128	NA	-22	-128	82.3	40.0500	-76.2741
USC00364763	LANCASTER	20030120	9999	-6	-72	NA	-6	-72	82.3	40.0500	-76.2741
USC00364763	LANCASTER	20030121	9999	-28	-89	NA	-28	-89	82.3	40.0500	-76.2741
USC00364763	LANCASTER	20030122	9999	-56	-111	NA	-56	-111	82.3	40.0500	-76.2741
USC00364763	LANCASTER	20030123	9999	-72	-128	NA	-72	-128	82.3	40.0500	-76.2741
USC00364763	LANCASTER	20030124	9999	-17	-122	NA	-17	-122	82.3	40.0500	-76.2741
USC00364763	LANCASTER	20030125	9999	-11	-83	NA	-11	-83	82.3	40.0500	-76.2741
USC00364763	LANCASTER	20030126	9999	17	-67	NA	17	-67	82.3	40.0500	-76.2741
USC00364763	LANCASTER	20030127	9999	-44	-156	NA	-44	-156	82.3	40.0500	-76.2741
USC00364763	LANCASTER	20030128	9999	-39	-156	NA	-39	-156	82.3	40.0500	-76.2741
USC00364763	LANCASTER	20030129	9999	-11	-44	NA	-11	-44	82.3	40.0500	-76.2741
USC00364763	LANCASTER	20030130	9999	6	-122	NA	6	-122	82.3	40.0500	-76.2741
USC00364763	LANCASTER	20030131	9999	22	-17	NA	22	-17	82.3	40.0500	-76.2741
USC00364763	LANCASTER	20040101	9999	83	-33	NA	83	-33	82.3	40.0500	-76.2741
USC00364763	LANCASTER	20040102	9999	78	11	NA	78	11	82.3	40.0500	-76.2741
USC00364763	LANCASTER	20040103	9999	167	61	NA	167	61	82.3	40.0500	-76.2741
USC00364763	LANCASTER	20040104	9999	106	44	NA	106	44	82.3	40.0500	-76.2741
USC00364763	LANCASTER	20040105	9999	56	22	NA	56	22	82.3	40.0500	-76.2741
USC00364763	LANCASTER	20040106	9999	33	-67	NA	33	-67	82.3	40.0500	-76.2741
USC00364763	LANCASTER	20040107	9999	-39	-89	NA	-39	-89	82.3	40.0500	-76.2741
USC00364763	LANCASTER	20040108	9999	-11	-67	NA	-11	-67	82.3	40.0500	-76.2741
USC00364763	LANCASTER	20040109	9999	-17	-139	NA	-17	-139	82.3	40.0500	-76.2741
USC00364763	LANCASTER	20040110	9999	-94	-167	NA	-94	-167	82.3	40.0500	-76.2741
USC00364763	LANCASTER	20040111	9999	50	-178	NA	50	-178	82.3	40.0500	-76.2741
USC00364763	LANCASTER	20040112	9999	44	-22	NA	44	-22	82.3	40.0500	-76.2741
USC00364763	LANCASTER	20040113	9999	61	-44	NA	61	-44	82.3	40.0500	-76.2741
USC00364763	LANCASTER	20040114	9999	-44	-94	NA	-44	-94	82.3	40.0500	-76.2741
USC00364763	LANCASTER	20040115	9999	-56	-133	NA	-56	-133	82.3	40.0500	-76.2741
USC00364763	LANCASTER	20040116	9999	-56	-139	NA	-56	-139	82.3	40.0500	-76.2741
USC00364763	LANCASTER	20040117	9999	-17	-94	NA	-17	-94	82.3	40.0500	-76.2741
USC00364763	LANCASTER	20040118	9999	6	-56	NA	6	-56	82.3	40.0500	-76.2741
USC00364763	LANCASTER	20040119	9999	-39	-67	NA	-39	-67	82.3	40.0500	-76.2741
USC00364763	LANCASTER	20040120	9999	-33	-72	NA	-33	-72	82.3	40.0500	-76.2741
USC00364763	LANCASTER	20040121	9999	-44	-94	NA	-44	-94	82.3	40.0500	-76.2741
USC00364763	LANCASTER	20040122	9999	50	-94	NA	50	-94	82.3	40.0500	-76.2741
USC00364763	LANCASTER	20040123	9999	-83	-128	NA	-83	-128	82.3	40.0500	-76.2741
USC00364763	LANCASTER	20040124	9999	-61	-111	NA	-61	-111	82.3	40.0500	-76.2741
USC00364763	LANCASTER	20040125	9999	-83	-144	NA	-83	-144	82.3	40.0500	-76.2741
USC00364763	LANCASTER	20040126	9999	-78	-106	NA	-78	-106	82.3	40.0500	-76.2741
USC00364763	LANCASTER	20040127	9999	-56	-94	NA	-56	-94	82.3	40.0500	-76.2741
USC00364763	LANCASTER	20040128	9999	-28	-72	NA	-28	-72	82.3	40.0500	-76.2741
USC00364763	LANCASTER	20040129	9999	-28	-117	NA	-28	-117	82.3	40.0500	-76.2741
USC00364763	LANCASTER	20040130	9999	-50	-106	NA	-50	-106	82.3	40.0500	-76.2741
USC00364763	LANCASTER	20040131	9999	-50	-117	NA	-50	-117	82.3	40.0500	-76.2741
USC00364763	LANCASTER	20050101	9999	178	11	NA	178	11	82.3	40.0500	-76.2741
USC00364763	LANCASTER	20050102	9999	50	-17	NA	50	-17	82.3	40.0500	-76.2741
USC00364763	LANCASTER	20050103	9999	100	44	NA	100	44	82.3	40.0500	-76.2741
USC00364763	LANCASTER	20050104	9999	100	72	NA	100	72	82.3	40.0500	-76.2741
USC00364763	LANCASTER	20050105	9999	72	17	NA	72	17	82.3	40.0500	-76.2741
USC00364763	LANCASTER	20050106	9999	33	6	NA	33	6	82.3	40.0500	-76.2741
USC00364763	LANCASTER	20050107	9999	50	11	NA	50	11	82.3	40.0500	-76.2741
USC00364763	LANCASTER	20050108	9999	67	11	NA	67	11	82.3	40.0500	-76.2741
USC00364763	LANCASTER	20050109	9999	39	11	NA	39	11	82.3	40.0500	-76.2741
USC00364763	LANCASTER	20050110	9999	83	0	NA	83	0	82.3	40.0500	-76.2741
USC00364763	LANCASTER	20050111	9999	39	6	NA	39	6	82.3	40.0500	-76.2741
USC00364763	LANCASTER	20050112	9999	67	33	NA	67	33	82.3	40.0500	-76.2741
USC00364763	LANCASTER	20050113	9999	178	56	NA	178	56	82.3	40.0500	-76.2741
USC00364763	LANCASTER	20050114	9999	178	6	NA	178	6	82.3	40.0500	-76.2741
USC00364763	LANCASTER	20050115	9999	6	-50	NA	6	-50	82.3	40.0500	-76.2741
USC00364763	LANCASTER	20050116	9999	6	-50	NA	6	-50	82.3	40.0500	-76.2741
USC00364763	LANCASTER	20050117	9999	-39	-100	NA	-39	-100	82.3	40.0500	-76.2741
USC00364763	LANCASTER	20050118	9999	-89	-122	NA	-89	-122	82.3	40.0500	-76.2741
USC00364763	LANCASTER	20050119	9999	-61	-122	NA	-61	-122	82.3	40.0500	-76.2741
USC00364763	LANCASTER	20050120	9999	-11	-61	NA	-11	-61	82.3	40.0500	-76.2741
USC00364763	LANCASTER	20050121	9999	-61	-156	NA	-61	-156	82.3	40.0500	-76.2741
USC00364763	LANCASTER	20050122	9999	-94	-156	NA	-94	-156	82.3	40.0500	-76.2741
USC00364763	LANCASTER	20050123	9999	-72	-122	NA	-72	-122	82.3	40.0500	-76.2741
USC00364763	LANCASTER	20050124	9999	-56	-161	NA	-56	-161	82.3	40.0500	-76.2741
USC00364763	LANCASTER	20050125	9999	6	-61	NA	6	-61	82.3	40.0500	-76.2741
USC00364763	LANCASTER	20050126	9999	33	-72	NA	33	-72	82.3	40.0500	-76.2741
USC00364763	LANCASTER	20050127	9999	-67	-133	NA	-67	-133	82.3	40.0500	-76.2741
USC00364763	LANCASTER	20050128	9999	-56	-167	NA	-56	-167	82.3	40.0500	-76.2741
USC00364763	LANCASTER	20050129	9999	-6	-161	NA	-6	-161	82.3	40.0500	-76.2741
USC00364763	LANCASTER	20050130	9999	28	-61	NA	28	-61	82.3	40.0500	-76.2741
USC00364763	LANCASTER	20050131	9999	22	-117	NA	22	-117	82.3	40.0500	-76.2741
