STATION	NAME	DATE	SNWD	TMAX	TMIN	SNWD2	TMAX2	TMIN2	ELEV	LAT	LONG
USC00364815	LAPORTE	19950101	0	17	-44	0	17	-44	599.2	41.4234	-76.4933
USC00364815	LAPORTE	19950102	25	39	-39	25	39	-39	599.2	41.4234	-76.4933
USC00364815	LAPORTE	19950103	25	-39	-122	25	-39	-122	599.2	41.4234	-76.4933
USC00364815	LAPORTE	19950104	25	-61	-111	25	-61	-111	599.2	41.4234	-76.4933
USC00364815	LAPORTE	19950105	25	-78	-172	25	-78	-172	599.2	41.4234	-76.4933
USC00364815	LAPORTE	19950106	25	-94	-167	25	-94	-167	599.2	41.4234	-76.4933
USC00364815	LAPORTE	19950107	51	6	-94	51	6	-94	599.2	41.4234	-76.4933
USC00364815	LAPORTE	19950108	51	-72	-6	51	-72	-6	599.2	41.4234	-76.4933
USC00364815	LAPORTE	19950109	51	-6	-72	51	-6	-72	599.2	41.4234	-76.4933
USC00364815	LAPORTE	19950110	51	-22	-128	51	-22	-128	599.2	41.4234	-76.4933
USC00364815	LAPORTE	19950111	51	-56	-117	51	-56	-117	599.2	41.4234	-76.4933
USC00364815	LAPORTE	19950112	25	28	-67	25	28	-67	599.2	41.4234	-76.4933
USC00364815	LAPORTE	19950113	0	83	-67	0	83	-67	599.2	41.4234	-76.4933
USC00364815	LAPORTE	19950114	0	139	67	0	139	67	599.2	41.4234	-76.4933
USC00364815	LAPORTE	19950115	0	144	67	0	144	67	599.2	41.4234	-76.4933
USC00364815	LAPORTE	19950116	0	144	67	0	144	67	599.2	41.4234	-76.4933
USC00364815	LAPORTE	19950117	0	106	-6	0	106	-6	599.2	41.4234	-76.4933
USC00364815	LAPORTE	19950118	0	17	-22	0	17	-22	599.2	41.4234	-76.4933
USC00364815	LAPORTE	19950119	0	50	11	0	50	11	599.2	41.4234	-76.4933
USC00364815	LAPORTE	19950120	0	94	11	0	94	11	599.2	41.4234	-76.4933
USC00364815	LAPORTE	19950121	127	56	-11	127	56	-11	599.2	41.4234	-76.4933
USC00364815	LAPORTE	19950122	178	0	-67	178	0	-67	599.2	41.4234	-76.4933
USC00364815	LAPORTE	19950123	178	-50	-122	178	-50	-122	599.2	41.4234	-76.4933
USC00364815	LAPORTE	19950124	178	-44	-117	178	-44	-117	599.2	41.4234	-76.4933
USC00364815	LAPORTE	19950125	127	-22	-50	127	-22	-50	599.2	41.4234	-76.4933
USC00364815	LAPORTE	19950126	152	-17	-72	152	-17	-72	599.2	41.4234	-76.4933
USC00364815	LAPORTE	19950127	152	-33	-72	152	-33	-72	599.2	41.4234	-76.4933
USC00364815	LAPORTE	19950128	152	-22	-144	152	-22	-144	599.2	41.4234	-76.4933
USC00364815	LAPORTE	19950129	152	-22	-172	152	-22	-172	599.2	41.4234	-76.4933
USC00364815	LAPORTE	19950130	152	-17	-172	152	-17	-172	599.2	41.4234	-76.4933
USC00364815	LAPORTE	19950131	127	11	-106	127	11	-106	599.2	41.4234	-76.4933
USC00364815	LAPORTE	19960101	330	33	-39	330	33	-39	599.2	41.4234	-76.4933
USC00364815	LAPORTE	19960102	279	22	-22	279	22	-22	599.2	41.4234	-76.4933
USC00364815	LAPORTE	19960103	483	-22	-100	483	-22	-100	599.2	41.4234	-76.4933
USC00364815	LAPORTE	19960104	533	-72	-189	533	-72	-189	599.2	41.4234	-76.4933
USC00364815	LAPORTE	19960105	533	-100	-183	533	-100	-183	599.2	41.4234	-76.4933
USC00364815	LAPORTE	19960106	533	-89	-206	533	-89	-206	599.2	41.4234	-76.4933
USC00364815	LAPORTE	19960107	559	-122	-200	559	-122	-200	599.2	41.4234	-76.4933
USC00364815	LAPORTE	19960108	762	-133	-167	762	-133	-167	599.2	41.4234	-76.4933
USC00364815	LAPORTE	19960109	787	-100	-156	787	-100	-156	599.2	41.4234	-76.4933
USC00364815	LAPORTE	19960110	838	-83	-139	838	-83	-139	599.2	41.4234	-76.4933
USC00364815	LAPORTE	19960111	838	-83	-183	838	-83	-183	599.2	41.4234	-76.4933
USC00364815	LAPORTE	19960112	838	-83	-172	838	-83	-172	599.2	41.4234	-76.4933
USC00364815	LAPORTE	19960113	1295	-61	-139	1295	-61	-139	599.2	41.4234	-76.4933
USC00364815	LAPORTE	19960114	1245	-33	-133	1245	-33	-133	599.2	41.4234	-76.4933
USC00364815	LAPORTE	19960115	1143	17	-56	1143	17	-56	599.2	41.4234	-76.4933
USC00364815	LAPORTE	19960116	1092	-56	-178	1092	-56	-178	599.2	41.4234	-76.4933
USC00364815	LAPORTE	19960117	1016	6	-106	1016	6	-106	599.2	41.4234	-76.4933
USC00364815	LAPORTE	19960118	889	72	6	889	72	6	599.2	41.4234	-76.4933
USC00364815	LAPORTE	19960119	508	117	61	508	117	61	599.2	41.4234	-76.4933
USC00364815	LAPORTE	19960120	381	122	-122	381	122	-122	599.2	41.4234	-76.4933
USC00364815	LAPORTE	19960121	381	-50	-117	381	-50	-117	599.2	41.4234	-76.4933
USC00364815	LAPORTE	19960122	381	-50	-94	381	-50	-94	599.2	41.4234	-76.4933
USC00364815	LAPORTE	19960123	356	-6	-89	356	-6	-89	599.2	41.4234	-76.4933
USC00364815	LAPORTE	19960124	305	17	-50	305	17	-50	599.2	41.4234	-76.4933
USC00364815	LAPORTE	19960125	229	56	-94	229	56	-94	599.2	41.4234	-76.4933
USC00364815	LAPORTE	19960126	229	-56	-100	229	-56	-100	599.2	41.4234	-76.4933
USC00364815	LAPORTE	19960127	102	78	-83	102	78	-83	599.2	41.4234	-76.4933
USC00364815	LAPORTE	19960128	152	83	-83	152	83	-83	599.2	41.4234	-76.4933
USC00364815	LAPORTE	19960129	178	-39	-94	178	-39	-94	599.2	41.4234	-76.4933
USC00364815	LAPORTE	19960130	203	-33	-78	203	-33	-78	599.2	41.4234	-76.4933
USC00364815	LAPORTE	19960131	279	-6	-128	279	-6	-128	599.2	41.4234	-76.4933
USC00364815	LAPORTE	19970101	0	-17	-150	0	-17	-150	599.2	41.4234	-76.4933
USC00364815	LAPORTE	19970102	0	-28	-139	0	-28	-139	599.2	41.4234	-76.4933
USC00364815	LAPORTE	19970103	0	78	-33	0	78	-33	599.2	41.4234	-76.4933
USC00364815	LAPORTE	19970104	0	128	22	0	128	22	599.2	41.4234	-76.4933
USC00364815	LAPORTE	19970105	0	83	28	0	83	28	599.2	41.4234	-76.4933
USC00364815	LAPORTE	19970106	0	94	-11	0	94	-11	599.2	41.4234	-76.4933
USC00364815	LAPORTE	19970107	0	-6	-72	0	-6	-72	599.2	41.4234	-76.4933
USC00364815	LAPORTE	19970108	0	-44	-94	0	-44	-94	599.2	41.4234	-76.4933
USC00364815	LAPORTE	19970109	0	-33	-100	0	-33	-100	599.2	41.4234	-76.4933
USC00364815	LAPORTE	19970110	127	-28	-89	127	-28	-89	599.2	41.4234	-76.4933
USC00364815	LAPORTE	19970111	152	-28	-122	152	-28	-122	599.2	41.4234	-76.4933
USC00364815	LAPORTE	19970112	152	-100	-161	152	-100	-161	599.2	41.4234	-76.4933
USC00364815	LAPORTE	19970113	152	-94	-150	152	-94	-150	599.2	41.4234	-76.4933
USC00364815	LAPORTE	19970114	127	-61	-122	127	-61	-122	599.2	41.4234	-76.4933
USC00364815	LAPORTE	19970115	127	-56	-144	127	-56	-144	599.2	41.4234	-76.4933
USC00364815	LAPORTE	19970116	203	-6	-128	203	-6	-128	599.2	41.4234	-76.4933
USC00364815	LAPORTE	19970117	203	-11	-189	203	-11	-189	599.2	41.4234	-76.4933
USC00364815	LAPORTE	19970118	229	-161	-211	229	-161	-211	599.2	41.4234	-76.4933
USC00364815	LAPORTE	19970119	229	-150	-239	229	-150	-239	599.2	41.4234	-76.4933
USC00364815	LAPORTE	19970120	229	-100	-239	229	-100	-239	599.2	41.4234	-76.4933
USC00364815	LAPORTE	19970121	254	-39	-106	254	-39	-106	599.2	41.4234	-76.4933
USC00364815	LAPORTE	19970122	203	-11	-106	203	-11	-106	599.2	41.4234	-76.4933
USC00364815	LAPORTE	19970123	102	39	-11	102	39	-11	599.2	41.4234	-76.4933
USC00364815	LAPORTE	19970124	102	28	-128	102	28	-128	599.2	41.4234	-76.4933
USC00364815	LAPORTE	19970125	178	50	-83	178	50	-83	599.2	41.4234	-76.4933
USC00364815	LAPORTE	19970126	76	22	-89	76	22	-89	599.2	41.4234	-76.4933
USC00364815	LAPORTE	19970127	76	-67	-128	76	-67	-128	599.2	41.4234	-76.4933
USC00364815	LAPORTE	19970128	203	0	-89	203	0	-89	599.2	41.4234	-76.4933
USC00364815	LAPORTE	19970129	178	-6	-139	178	-6	-139	599.2	41.4234	-76.4933
USC00364815	LAPORTE	19970130	178	-72	-156	178	-72	-156	599.2	41.4234	-76.4933
USC00364815	LAPORTE	19970131	178	-33	-117	178	-33	-117	599.2	41.4234	-76.4933
USC00364815	LAPORTE	19980101	305	-89	-178	305	-89	-178	599.2	41.4234	-76.4933
USC00364815	LAPORTE	19980102	305	-6	-156	305	-6	-156	599.2	41.4234	-76.4933
USC00364815	LAPORTE	19980103	254	67	-6	254	67	-6	599.2	41.4234	-76.4933
USC00364815	LAPORTE	19980104	102	89	50	102	89	50	599.2	41.4234	-76.4933
USC00364815	LAPORTE	19980105	25	100	50	25	100	50	599.2	41.4234	-76.4933
USC00364815	LAPORTE	19980106	0	122	56	0	122	56	599.2	41.4234	-76.4933
USC00364815	LAPORTE	19980107	0	133	94	0	133	94	599.2	41.4234	-76.4933
USC00364815	LAPORTE	19980108	0	161	117	0	161	117	599.2	41.4234	-76.4933
USC00364815	LAPORTE	19980109	0	161	100	0	161	100	599.2	41.4234	-76.4933
USC00364815	LAPORTE	19980110	0	128	-17	0	128	-17	599.2	41.4234	-76.4933
USC00364815	LAPORTE	19980111	0	28	-28	0	28	-28	599.2	41.4234	-76.4933
USC00364815	LAPORTE	19980112	0	33	-78	0	33	-78	599.2	41.4234	-76.4933
USC00364815	LAPORTE	19980113	0	11	-72	0	11	-72	599.2	41.4234	-76.4933
USC00364815	LAPORTE	19980114	0	17	-117	0	17	-117	599.2	41.4234	-76.4933
USC00364815	LAPORTE	19980115	0	-44	-117	0	-44	-117	599.2	41.4234	-76.4933
USC00364815	LAPORTE	19980116	0	22	-67	0	22	-67	599.2	41.4234	-76.4933
USC00364815	LAPORTE	19980117	0	0	-44	0	0	-44	599.2	41.4234	-76.4933
USC00364815	LAPORTE	19980118	102	-6	-44	102	-6	-44	599.2	41.4234	-76.4933
USC00364815	LAPORTE	19980119	102	-17	-83	102	-17	-83	599.2	41.4234	-76.4933
USC00364815	LAPORTE	19980120	127	-17	-67	127	-17	-67	599.2	41.4234	-76.4933
USC00364815	LAPORTE	19980121	102	-28	-94	102	-28	-94	599.2	41.4234	-76.4933
USC00364815	LAPORTE	19980122	102	-44	-83	102	-44	-83	599.2	41.4234	-76.4933
USC00364815	LAPORTE	19980123	102	-11	-83	102	-11	-83	599.2	41.4234	-76.4933
USC00364815	LAPORTE	19980124	127	11	-17	127	11	-17	599.2	41.4234	-76.4933
USC00364815	LAPORTE	19980125	127	-6	-56	127	-6	-56	599.2	41.4234	-76.4933
USC00364815	LAPORTE	19980126	102	-28	-89	102	-28	-89	599.2	41.4234	-76.4933
USC00364815	LAPORTE	19980127	102	0	-78	102	0	-78	599.2	41.4234	-76.4933
USC00364815	LAPORTE	19980128	127	-6	-44	127	-6	-44	599.2	41.4234	-76.4933
USC00364815	LAPORTE	19980129	102	0	-61	102	0	-61	599.2	41.4234	-76.4933
USC00364815	LAPORTE	19980130	76	61	-61	76	61	-61	599.2	41.4234	-76.4933
USC00364815	LAPORTE	19980131	102	0	-44	102	0	-44	599.2	41.4234	-76.4933
USC00364815	LAPORTE	19990101	51	-94	-133	51	-94	-133	599.2	41.4234	-76.4933
USC00364815	LAPORTE	19990102	51	-83	-200	51	-83	-200	599.2	41.4234	-76.4933
USC00364815	LAPORTE	19990103	76	28	-167	76	28	-167	599.2	41.4234	-76.4933
USC00364815	LAPORTE	19990104	76	33	-128	76	33	-128	599.2	41.4234	-76.4933
USC00364815	LAPORTE	19990105	51	-94	-172	51	-94	-172	599.2	41.4234	-76.4933
USC00364815	LAPORTE	19990106	51	-83	-167	51	-83	-167	599.2	41.4234	-76.4933
USC00364815	LAPORTE	19990107	102	-61	-167	102	-61	-167	599.2	41.4234	-76.4933
USC00364815	LAPORTE	19990108	102	-72	117	102	-72	117	599.2	41.4234	-76.4933
USC00364815	LAPORTE	19990109	76	17	-150	76	17	-150	599.2	41.4234	-76.4933
USC00364815	LAPORTE	19990110	127	17	-161	127	17	-161	599.2	41.4234	-76.4933
USC00364815	LAPORTE	19990111	152	-100	-156	152	-100	-156	599.2	41.4234	-76.4933
USC00364815	LAPORTE	19990112	203	-50	-150	203	-50	-150	599.2	41.4234	-76.4933
USC00364815	LAPORTE	19990113	127	33	-50	127	33	-50	599.2	41.4234	-76.4933
USC00364815	LAPORTE	19990114	229	39	-172	229	39	-172	599.2	41.4234	-76.4933
USC00364815	LAPORTE	19990115	279	-6	-161	279	-6	-161	599.2	41.4234	-76.4933
USC00364815	LAPORTE	19990116	356	-6	-128	356	-6	-128	599.2	41.4234	-76.4933
USC00364815	LAPORTE	19990117	356	6	-89	356	6	-89	599.2	41.4234	-76.4933
USC00364815	LAPORTE	19990118	279	56	-22	279	56	-22	599.2	41.4234	-76.4933
USC00364815	LAPORTE	19990119	152	72	-11	152	72	-11	599.2	41.4234	-76.4933
USC00364815	LAPORTE	19990120	152	33	-39	152	33	-39	599.2	41.4234	-76.4933
USC00364815	LAPORTE	19990121	127	44	-28	127	44	-28	599.2	41.4234	-76.4933
USC00364815	LAPORTE	19990122	102	33	11	102	33	11	599.2	41.4234	-76.4933
USC00364815	LAPORTE	19990123	76	61	28	76	61	28	599.2	41.4234	-76.4933
USC00364815	LAPORTE	19990124	0	128	56	0	128	56	599.2	41.4234	-76.4933
USC00364815	LAPORTE	19990125	0	83	-22	0	83	-22	599.2	41.4234	-76.4933
USC00364815	LAPORTE	19990126	102	0	-72	102	0	-72	599.2	41.4234	-76.4933
USC00364815	LAPORTE	19990127	9999	6	-72	NA	6	-72	599.2	41.4234	-76.4933
USC00364815	LAPORTE	19990128	9999	39	0	NA	39	0	599.2	41.4234	-76.4933
USC00364815	LAPORTE	19990129	9999	72	-72	NA	72	-72	599.2	41.4234	-76.4933
USC00364815	LAPORTE	19990130	9999	-22	-89	NA	-22	-89	599.2	41.4234	-76.4933
USC00364815	LAPORTE	19990131	9999	-17	-144	NA	-17	-144	599.2	41.4234	-76.4933
USC00364815	LAPORTE	20000101	9999	22	-39	NA	22	-39	599.2	41.4234	-76.4933
USC00364815	LAPORTE	20000102	9999	61	-11	NA	61	-11	599.2	41.4234	-76.4933
USC00364815	LAPORTE	20000103	9999	111	28	NA	111	28	599.2	41.4234	-76.4933
USC00364815	LAPORTE	20000104	0	128	94	0	128	94	599.2	41.4234	-76.4933
USC00364815	LAPORTE	20000105	0	133	-61	0	133	-61	599.2	41.4234	-76.4933
USC00364815	LAPORTE	20000106	0	-39	-94	0	-39	-94	599.2	41.4234	-76.4933
USC00364815	LAPORTE	20000107	0	6	-67	0	6	-67	599.2	41.4234	-76.4933
USC00364815	LAPORTE	20000108	0	28	-83	0	28	-83	599.2	41.4234	-76.4933
USC00364815	LAPORTE	20000109	0	0	-56	0	0	-56	599.2	41.4234	-76.4933
USC00364815	LAPORTE	20000110	0	72	-11	0	72	-11	599.2	41.4234	-76.4933
USC00364815	LAPORTE	20000111	0	44	17	0	44	17	599.2	41.4234	-76.4933
USC00364815	LAPORTE	20000112	0	56	-17	0	56	-17	599.2	41.4234	-76.4933
USC00364815	LAPORTE	20000113	25	33	-39	25	33	-39	599.2	41.4234	-76.4933
USC00364815	LAPORTE	20000114	76	-33	-178	76	-33	-178	599.2	41.4234	-76.4933
USC00364815	LAPORTE	20000115	76	-100	-172	76	-100	-172	599.2	41.4234	-76.4933
USC00364815	LAPORTE	20000116	76	-44	-156	76	-44	-156	599.2	41.4234	-76.4933
USC00364815	LAPORTE	20000117	51	22	-200	51	22	-200	599.2	41.4234	-76.4933
USC00364815	LAPORTE	20000118	25	-161	-206	25	-161	-206	599.2	41.4234	-76.4933
USC00364815	LAPORTE	20000119	25	-122	-200	25	-122	-200	599.2	41.4234	-76.4933
USC00364815	LAPORTE	20000120	51	-44	-128	51	-44	-128	599.2	41.4234	-76.4933
USC00364815	LAPORTE	20000121	178	-50	-183	178	-50	-183	599.2	41.4234	-76.4933
USC00364815	LAPORTE	20000122	178	-139	-194	178	-139	-194	599.2	41.4234	-76.4933
USC00364815	LAPORTE	20000123	152	-111	-189	152	-111	-189	599.2	41.4234	-76.4933
USC00364815	LAPORTE	20000124	102	-67	-111	102	-67	-111	599.2	41.4234	-76.4933
USC00364815	LAPORTE	20000125	102	-11	-117	102	-11	-117	599.2	41.4234	-76.4933
USC00364815	LAPORTE	20000126	330	-89	-117	330	-89	-117	599.2	41.4234	-76.4933
USC00364815	LAPORTE	20000127	254	-72	-189	254	-72	-189	599.2	41.4234	-76.4933
USC00364815	LAPORTE	20000128	229	-128	-189	229	-128	-189	599.2	41.4234	-76.4933
USC00364815	LAPORTE	20000129	203	-106	-183	203	-106	-183	599.2	41.4234	-76.4933
USC00364815	LAPORTE	20000130	178	-39	-144	178	-39	-144	599.2	41.4234	-76.4933
USC00364815	LAPORTE	20000131	381	-11	-67	381	-11	-67	599.2	41.4234	-76.4933
USC00364815	LAPORTE	20010101	152	-56	-106	152	-56	-106	599.2	41.4234	-76.4933
USC00364815	LAPORTE	20010102	9999	-44	-144	NA	-44	-144	599.2	41.4234	-76.4933
USC00364815	LAPORTE	20010103	9999	-89	-128	NA	-89	-128	599.2	41.4234	-76.4933
USC00364815	LAPORTE	20010104	127	-44	-117	127	-44	-117	599.2	41.4234	-76.4933
USC00364815	LAPORTE	20010105	127	-28	-106	127	-28	-106	599.2	41.4234	-76.4933
USC00364815	LAPORTE	20010106	254	-28	-106	254	-28	-106	599.2	41.4234	-76.4933
USC00364815	LAPORTE	20010107	229	-17	-67	229	-17	-67	599.2	41.4234	-76.4933
USC00364815	LAPORTE	20010108	203	-6	-33	203	-6	-33	599.2	41.4234	-76.4933
USC00364815	LAPORTE	20010109	254	0	-111	254	0	-111	599.2	41.4234	-76.4933
USC00364815	LAPORTE	20010110	203	0	-100	203	0	-100	599.2	41.4234	-76.4933
USC00364815	LAPORTE	20010111	203	-22	-89	203	-22	-89	599.2	41.4234	-76.4933
USC00364815	LAPORTE	20010112	178	39	-78	178	39	-78	599.2	41.4234	-76.4933
USC00364815	LAPORTE	20010113	152	11	-78	152	11	-78	599.2	41.4234	-76.4933
USC00364815	LAPORTE	20010114	152	22	-78	152	22	-78	599.2	41.4234	-76.4933
USC00364815	LAPORTE	20010115	127	28	-28	127	28	-28	599.2	41.4234	-76.4933
USC00364815	LAPORTE	20010116	127	11	-11	127	11	-11	599.2	41.4234	-76.4933
USC00364815	LAPORTE	20010117	127	28	-17	127	28	-17	599.2	41.4234	-76.4933
USC00364815	LAPORTE	20010118	102	-11	-39	102	-11	-39	599.2	41.4234	-76.4933
USC00364815	LAPORTE	20010119	152	-17	-33	152	-17	-33	599.2	41.4234	-76.4933
USC00364815	LAPORTE	20010120	254	0	-61	254	0	-61	599.2	41.4234	-76.4933
USC00364815	LAPORTE	20010121	356	-56	-117	356	-56	-117	599.2	41.4234	-76.4933
USC00364815	LAPORTE	20010122	305	-50	-139	305	-50	-139	599.2	41.4234	-76.4933
USC00364815	LAPORTE	20010123	305	-22	-139	305	-22	-139	599.2	41.4234	-76.4933
USC00364815	LAPORTE	20010124	279	-17	-94	279	-17	-94	599.2	41.4234	-76.4933
USC00364815	LAPORTE	20010125	254	11	-56	254	11	-56	599.2	41.4234	-76.4933
USC00364815	LAPORTE	20010126	254	-39	-133	254	-39	-133	599.2	41.4234	-76.4933
USC00364815	LAPORTE	20010127	279	-22	-133	279	-22	-133	599.2	41.4234	-76.4933
USC00364815	LAPORTE	20010128	279	-6	-106	279	-6	-106	599.2	41.4234	-76.4933
USC00364815	LAPORTE	20010129	254	-17	-128	254	-17	-128	599.2	41.4234	-76.4933
USC00364815	LAPORTE	20010131	178	28	-17	178	28	-17	599.2	41.4234	-76.4933
USC00364815	LAPORTE	20020101	25	-61	-144	25	-61	-144	599.2	41.4234	-76.4933
USC00364815	LAPORTE	20020102	25	-39	-144	25	-39	-144	599.2	41.4234	-76.4933
USC00364815	LAPORTE	20020103	25	-28	-144	25	-28	-144	599.2	41.4234	-76.4933
USC00364815	LAPORTE	20020104	25	-17	-122	25	-17	-122	599.2	41.4234	-76.4933
USC00364815	LAPORTE	20020105	25	-22	-61	25	-22	-61	599.2	41.4234	-76.4933
USC00364815	LAPORTE	20020106	25	17	-50	25	17	-50	599.2	41.4234	-76.4933
USC00364815	LAPORTE	20020107	279	22	-33	279	22	-33	599.2	41.4234	-76.4933
USC00364815	LAPORTE	20020108	305	-28	-128	305	-28	-128	599.2	41.4234	-76.4933
USC00364815	LAPORTE	20020109	279	-28	-128	279	-28	-128	599.2	41.4234	-76.4933
USC00364815	LAPORTE	20020110	254	22	-44	254	22	-44	599.2	41.4234	-76.4933
USC00364815	LAPORTE	20020111	203	89	-11	203	89	-11	599.2	41.4234	-76.4933
USC00364815	LAPORTE	20020112	203	33	-33	203	33	-33	599.2	41.4234	-76.4933
USC00364815	LAPORTE	20020113	203	33	-33	203	33	-33	599.2	41.4234	-76.4933
USC00364815	LAPORTE	20020114	203	-6	-56	203	-6	-56	599.2	41.4234	-76.4933
USC00364815	LAPORTE	20020115	178	28	-44	178	28	-44	599.2	41.4234	-76.4933
USC00364815	LAPORTE	20020116	178	17	-33	178	17	-33	599.2	41.4234	-76.4933
USC00364815	LAPORTE	20020117	178	-11	-33	178	-11	-33	599.2	41.4234	-76.4933
USC00364815	LAPORTE	20020118	178	28	-67	178	28	-67	599.2	41.4234	-76.4933
USC00364815	LAPORTE	20020119	178	28	-117	178	28	-117	599.2	41.4234	-76.4933
USC00364815	LAPORTE	20020120	279	-28	-100	279	-28	-100	599.2	41.4234	-76.4933
USC00364815	LAPORTE	20020121	305	-28	-100	305	-28	-100	599.2	41.4234	-76.4933
USC00364815	LAPORTE	20020122	356	-6	-39	356	-6	-39	599.2	41.4234	-76.4933
USC00364815	LAPORTE	20020123	305	44	-33	305	44	-33	599.2	41.4234	-76.4933
USC00364815	LAPORTE	20020124	229	56	28	229	56	28	599.2	41.4234	-76.4933
USC00364815	LAPORTE	20020125	152	72	-39	152	72	-39	599.2	41.4234	-76.4933
USC00364815	LAPORTE	20020126	76	33	-39	76	33	-39	599.2	41.4234	-76.4933
USC00364815	LAPORTE	20020127	51	72	-11	51	72	-11	599.2	41.4234	-76.4933
USC00364815	LAPORTE	20020128	51	100	17	51	100	17	599.2	41.4234	-76.4933
USC00364815	LAPORTE	20020129	0	100	44	0	100	44	599.2	41.4234	-76.4933
USC00364815	LAPORTE	20020130	0	139	44	0	139	44	599.2	41.4234	-76.4933
USC00364815	LAPORTE	20020131	0	94	-28	0	94	-28	599.2	41.4234	-76.4933
USC00364815	LAPORTE	20030101	51	78	-6	51	78	-6	599.2	41.4234	-76.4933
USC00364815	LAPORTE	20030102	51	-6	-67	51	-6	-67	599.2	41.4234	-76.4933
USC00364815	LAPORTE	20030103	76	-33	-67	76	-33	-67	599.2	41.4234	-76.4933
USC00364815	LAPORTE	20030104	203	-28	-67	203	-28	-67	599.2	41.4234	-76.4933
USC00364815	LAPORTE	20030105	203	-28	-61	203	-28	-61	599.2	41.4234	-76.4933
USC00364815	LAPORTE	20030106	229	-33	-72	229	-33	-72	599.2	41.4234	-76.4933
USC00364815	LAPORTE	20030107	305	-22	-122	305	-22	-122	599.2	41.4234	-76.4933
USC00364815	LAPORTE	20030108	330	-11	-122	330	-11	-122	599.2	41.4234	-76.4933
USC00364815	LAPORTE	20030109	305	17	-122	305	17	-122	599.2	41.4234	-76.4933
USC00364815	LAPORTE	20030110	254	28	-44	254	28	-44	599.2	41.4234	-76.4933
USC00364815	LAPORTE	20030111	279	-39	-106	279	-39	-106	599.2	41.4234	-76.4933
USC00364815	LAPORTE	20030112	279	-67	-111	279	-67	-111	599.2	41.4234	-76.4933
USC00364815	LAPORTE	20030113	279	-44	-111	279	-44	-111	599.2	41.4234	-76.4933
USC00364815	LAPORTE	20030114	305	-44	-144	305	-44	-144	599.2	41.4234	-76.4933
USC00364815	LAPORTE	20030115	305	-89	-139	305	-89	-139	599.2	41.4234	-76.4933
USC00364815	LAPORTE	20030116	279	-78	-144	279	-78	-144	599.2	41.4234	-76.4933
USC00364815	LAPORTE	20030117	279	-89	-139	279	-89	-139	599.2	41.4234	-76.4933
USC00364815	LAPORTE	20030118	305	-83	-222	305	-83	-222	599.2	41.4234	-76.4933
USC00364815	LAPORTE	20030119	305	-100	-200	305	-100	-200	599.2	41.4234	-76.4933
USC00364815	LAPORTE	20030120	356	-83	-139	356	-83	-139	599.2	41.4234	-76.4933
USC00364815	LAPORTE	20030121	356	-89	-178	356	-89	-178	599.2	41.4234	-76.4933
USC00364815	LAPORTE	20030122	356	-94	-178	356	-94	-178	599.2	41.4234	-76.4933
USC00364815	LAPORTE	20030123	356	-106	-200	356	-106	-200	599.2	41.4234	-76.4933
USC00364815	LAPORTE	20030124	381	-106	-200	381	-106	-200	599.2	41.4234	-76.4933
USC00364815	LAPORTE	20030125	356	-78	-178	356	-78	-178	599.2	41.4234	-76.4933
USC00364815	LAPORTE	20030126	356	-67	-122	356	-67	-122	599.2	41.4234	-76.4933
USC00364815	LAPORTE	20030127	432	-61	-194	432	-61	-194	599.2	41.4234	-76.4933
USC00364815	LAPORTE	20030128	432	-150	-200	432	-150	-200	599.2	41.4234	-76.4933
USC00364815	LAPORTE	20030129	457	-72	-161	457	-72	-161	599.2	41.4234	-76.4933
USC00364815	LAPORTE	20030130	406	-17	-133	406	-17	-133	599.2	41.4234	-76.4933
USC00364815	LAPORTE	20030131	356	-22	-139	356	-22	-139	599.2	41.4234	-76.4933
USC00364815	LAPORTE	20040101	0	33	-50	0	33	-50	599.2	41.4234	-76.4933
USC00364815	LAPORTE	20040102	25	44	-28	25	44	-28	599.2	41.4234	-76.4933
USC00364815	LAPORTE	20040103	0	61	0	0	61	0	599.2	41.4234	-76.4933
USC00364815	LAPORTE	20040104	0	100	0	0	100	0	599.2	41.4234	-76.4933
USC00364815	LAPORTE	20040105	0	28	-17	0	28	-17	599.2	41.4234	-76.4933
USC00364815	LAPORTE	20040106	0	6	-61	0	6	-61	599.2	41.4234	-76.4933
USC00364815	LAPORTE	20040107	51	6	-156	51	6	-156	599.2	41.4234	-76.4933
USC00364815	LAPORTE	20040108	76	-100	-139	76	-100	-139	599.2	41.4234	-76.4933
USC00364815	LAPORTE	20040109	51	-56	-189	51	-56	-189	599.2	41.4234	-76.4933
USC00364815	LAPORTE	20040110	25	-167	-233	25	-167	-233	599.2	41.4234	-76.4933
USC00364815	LAPORTE	20040111	9999	-156	-222	NA	-156	-222	599.2	41.4234	-76.4933
USC00364815	LAPORTE	20040112	51	-56	-178	51	-56	-178	599.2	41.4234	-76.4933
USC00364815	LAPORTE	20040113	51	-6	-56	51	-6	-56	599.2	41.4234	-76.4933
USC00364815	LAPORTE	20040114	102	-6	-206	102	-6	-206	599.2	41.4234	-76.4933
USC00364815	LAPORTE	20040115	254	-133	-200	254	-133	-200	599.2	41.4234	-76.4933
USC00364815	LAPORTE	20040116	152	-150	-228	152	-150	-228	599.2	41.4234	-76.4933
USC00364815	LAPORTE	20040117	152	-94	-178	152	-94	-178	599.2	41.4234	-76.4933
USC00364815	LAPORTE	20040118	178	-44	-144	178	-44	-144	599.2	41.4234	-76.4933
USC00364815	LAPORTE	20040119	152	-22	-122	152	-22	-122	599.2	41.4234	-76.4933
USC00364815	LAPORTE	20040120	152	-89	-122	152	-89	-122	599.2	41.4234	-76.4933
USC00364815	LAPORTE	20040121	127	-72	-133	127	-72	-133	599.2	41.4234	-76.4933
USC00364815	LAPORTE	20040122	127	-72	-128	127	-72	-128	599.2	41.4234	-76.4933
USC00364815	LAPORTE	20040123	152	-22	-183	152	-22	-183	599.2	41.4234	-76.4933
USC00364815	LAPORTE	20040124	152	-122	-183	152	-122	-183	599.2	41.4234	-76.4933
USC00364815	LAPORTE	20040125	152	-106	-211	152	-106	-211	599.2	41.4234	-76.4933
USC00364815	LAPORTE	20040126	178	-111	-211	178	-111	-211	599.2	41.4234	-76.4933
USC00364815	LAPORTE	20040127	229	-83	-133	229	-83	-133	599.2	41.4234	-76.4933
USC00364815	LAPORTE	20040128	381	-67	-89	381	-67	-89	599.2	41.4234	-76.4933
USC00364815	LAPORTE	20040129	305	-67	-122	305	-67	-122	599.2	41.4234	-76.4933
USC00364815	LAPORTE	20040130	305	-67	-172	305	-67	-172	599.2	41.4234	-76.4933
USC00364815	LAPORTE	20040131	279	-106	-161	279	-106	-161	599.2	41.4234	-76.4933
USC00364815	LAPORTE	20050101	0	78	22	0	78	22	599.2	41.4234	-76.4933
USC00364815	LAPORTE	20050102	0	78	-33	0	78	-33	599.2	41.4234	-76.4933
USC00364815	LAPORTE	20050103	0	28	-17	0	28	-17	599.2	41.4234	-76.4933
USC00364815	LAPORTE	20050104	0	72	17	0	72	17	599.2	41.4234	-76.4933
USC00364815	LAPORTE	20050105	25	33	-22	25	33	-22	599.2	41.4234	-76.4933
USC00364815	LAPORTE	20050106	152	-6	-56	152	-6	-56	599.2	41.4234	-76.4933
USC00364815	LAPORTE	20050107	102	6	-50	102	6	-50	599.2	41.4234	-76.4933
USC00364815	LAPORTE	20050108	102	-11	-50	102	-11	-50	599.2	41.4234	-76.4933
USC00364815	LAPORTE	20050109	102	0	-50	102	0	-50	599.2	41.4234	-76.4933
USC00364815	LAPORTE	20050110	102	-11	-50	102	-11	-50	599.2	41.4234	-76.4933
USC00364815	LAPORTE	20050111	76	6	-39	76	6	-39	599.2	41.4234	-76.4933
USC00364815	LAPORTE	20050112	152	6	-39	152	6	-39	599.2	41.4234	-76.4933
USC00364815	LAPORTE	20050113	76	67	6	76	67	6	599.2	41.4234	-76.4933
USC00364815	LAPORTE	20050114	76	144	-11	76	144	-11	599.2	41.4234	-76.4933
USC00364815	LAPORTE	20050115	76	-11	-117	76	-11	-117	599.2	41.4234	-76.4933
USC00364815	LAPORTE	20050116	51	-56	-117	51	-56	-117	599.2	41.4234	-76.4933
USC00364815	LAPORTE	20050117	102	-56	-111	102	-56	-111	599.2	41.4234	-76.4933
USC00364815	LAPORTE	20050118	76	-94	-189	76	-94	-189	599.2	41.4234	-76.4933
USC00364815	LAPORTE	20050119	76	-139	-200	76	-139	-200	599.2	41.4234	-76.4933
USC00364815	LAPORTE	20050120	178	-78	-144	178	-78	-144	599.2	41.4234	-76.4933
USC00364815	LAPORTE	20050121	152	-78	-200	152	-78	-200	599.2	41.4234	-76.4933
USC00364815	LAPORTE	20050122	127	-144	-222	127	-144	-222	599.2	41.4234	-76.4933
USC00364815	LAPORTE	20050123	279	-83	-172	279	-83	-172	599.2	41.4234	-76.4933
USC00364815	LAPORTE	20050124	254	-144	-211	254	-144	-211	599.2	41.4234	-76.4933
USC00364815	LAPORTE	20050125	305	-72	-183	305	-72	-183	599.2	41.4234	-76.4933
USC00364815	LAPORTE	20050126	381	-33	-72	381	-33	-72	599.2	41.4234	-76.4933
USC00364815	LAPORTE	20050127	356	-28	-189	356	-28	-189	599.2	41.4234	-76.4933
USC00364815	LAPORTE	20050128	330	-133	-194	330	-133	-194	599.2	41.4234	-76.4933
USC00364815	LAPORTE	20050129	305	-67	-183	305	-67	-183	599.2	41.4234	-76.4933
USC00364815	LAPORTE	20050130	254	-33	-111	254	-33	-111	599.2	41.4234	-76.4933
USC00364815	LAPORTE	20050131	203	-17	-117	203	-17	-117	599.2	41.4234	-76.4933
