STATION	NAME	DATE	SNWD	TMAX	TMIN	SNWD2	TMAX2	TMIN2	ELEV	LAT	LONG
USC00364992	LEWISTOWN	19950101	0	0	-89	0	0	-89	140.2	40.5864	-77.5692
USC00364992	LEWISTOWN	19950102	0	39	-17	0	39	-17	140.2	40.5864	-77.5692
USC00364992	LEWISTOWN	19950103	0	-17	-67	0	-17	-67	140.2	40.5864	-77.5692
USC00364992	LEWISTOWN	19950104	0	-6	-72	0	-6	-72	140.2	40.5864	-77.5692
USC00364992	LEWISTOWN	19950105	0	-44	-122	0	-44	-122	140.2	40.5864	-77.5692
USC00364992	LEWISTOWN	19950106	0	-56	-133	0	-56	-133	140.2	40.5864	-77.5692
USC00364992	LEWISTOWN	19950107	0	-6	-128	0	-6	-128	140.2	40.5864	-77.5692
USC00364992	LEWISTOWN	19950108	0	28	-22	0	28	-22	140.2	40.5864	-77.5692
USC00364992	LEWISTOWN	19950109	0	22	-17	0	22	-17	140.2	40.5864	-77.5692
USC00364992	LEWISTOWN	19950110	0	44	-83	0	44	-83	140.2	40.5864	-77.5692
USC00364992	LEWISTOWN	19950111	0	-28	-61	0	-28	-61	140.2	40.5864	-77.5692
USC00364992	LEWISTOWN	19950112	0	11	-28	0	11	-28	140.2	40.5864	-77.5692
USC00364992	LEWISTOWN	19950113	0	33	6	0	33	6	140.2	40.5864	-77.5692
USC00364992	LEWISTOWN	19950114	0	133	22	0	133	22	140.2	40.5864	-77.5692
USC00364992	LEWISTOWN	19950115	0	183	39	0	183	39	140.2	40.5864	-77.5692
USC00364992	LEWISTOWN	19950116	0	178	83	0	178	83	140.2	40.5864	-77.5692
USC00364992	LEWISTOWN	19950117	0	83	44	0	83	44	140.2	40.5864	-77.5692
USC00364992	LEWISTOWN	19950118	0	78	33	0	78	33	140.2	40.5864	-77.5692
USC00364992	LEWISTOWN	19950119	0	67	28	0	67	28	140.2	40.5864	-77.5692
USC00364992	LEWISTOWN	19950120	0	67	50	0	67	50	140.2	40.5864	-77.5692
USC00364992	LEWISTOWN	19950121	0	72	28	0	72	28	140.2	40.5864	-77.5692
USC00364992	LEWISTOWN	19950122	0	33	-39	0	33	-39	140.2	40.5864	-77.5692
USC00364992	LEWISTOWN	19950123	0	-17	-56	0	-17	-56	140.2	40.5864	-77.5692
USC00364992	LEWISTOWN	19950124	0	11	-56	0	11	-56	140.2	40.5864	-77.5692
USC00364992	LEWISTOWN	19950125	0	22	-28	0	22	-28	140.2	40.5864	-77.5692
USC00364992	LEWISTOWN	19950126	0	22	-39	0	22	-39	140.2	40.5864	-77.5692
USC00364992	LEWISTOWN	19950127	0	6	-33	0	6	-33	140.2	40.5864	-77.5692
USC00364992	LEWISTOWN	19950128	0	28	-33	0	28	-33	140.2	40.5864	-77.5692
USC00364992	LEWISTOWN	19950129	0	-6	-106	0	-6	-106	140.2	40.5864	-77.5692
USC00364992	LEWISTOWN	19950130	0	33	-117	0	33	-117	140.2	40.5864	-77.5692
USC00364992	LEWISTOWN	19950131	0	44	-72	0	44	-72	140.2	40.5864	-77.5692
USC00364992	LEWISTOWN	19960101	0	56	-39	0	56	-39	140.2	40.5864	-77.5692
USC00364992	LEWISTOWN	19960102	0	56	-39	0	56	-39	140.2	40.5864	-77.5692
USC00364992	LEWISTOWN	19960103	76	6	-39	76	6	-39	140.2	40.5864	-77.5692
USC00364992	LEWISTOWN	19960104	76	-17	-111	76	-17	-111	140.2	40.5864	-77.5692
USC00364992	LEWISTOWN	19960105	51	-39	-117	51	-39	-117	140.2	40.5864	-77.5692
USC00364992	LEWISTOWN	19960106	0	-39	-150	0	-39	-150	140.2	40.5864	-77.5692
USC00364992	LEWISTOWN	19960107	102	-72	-150	102	-72	-150	140.2	40.5864	-77.5692
USC00364992	LEWISTOWN	19960108	533	-72	-122	533	-72	-122	140.2	40.5864	-77.5692
USC00364992	LEWISTOWN	19960109	533	-33	-111	533	-33	-111	140.2	40.5864	-77.5692
USC00364992	LEWISTOWN	19960110	559	-22	-111	559	-22	-111	140.2	40.5864	-77.5692
USC00364992	LEWISTOWN	19960111	559	-33	-183	559	-33	-183	140.2	40.5864	-77.5692
USC00364992	LEWISTOWN	19960112	635	-72	-178	635	-72	-178	140.2	40.5864	-77.5692
USC00364992	LEWISTOWN	19960113	838	-28	-89	838	-28	-89	140.2	40.5864	-77.5692
USC00364992	LEWISTOWN	19960114	432	6	-44	432	6	-44	140.2	40.5864	-77.5692
USC00364992	LEWISTOWN	19960115	381	89	-44	381	89	-44	140.2	40.5864	-77.5692
USC00364992	LEWISTOWN	19960116	305	50	-122	305	50	-122	140.2	40.5864	-77.5692
USC00364992	LEWISTOWN	19960117	279	-22	-78	279	-22	-78	140.2	40.5864	-77.5692
USC00364992	LEWISTOWN	19960118	229	50	-22	229	50	-22	140.2	40.5864	-77.5692
USC00364992	LEWISTOWN	19960119	76	139	6	76	139	6	140.2	40.5864	-77.5692
USC00364992	LEWISTOWN	19960120	51	100	-106	51	100	-106	140.2	40.5864	-77.5692
USC00364992	LEWISTOWN	19960121	25	-39	-106	25	-39	-106	140.2	40.5864	-77.5692
USC00364992	LEWISTOWN	19960122	0	0	-111	0	0	-111	140.2	40.5864	-77.5692
USC00364992	LEWISTOWN	19960123	0	28	-111	0	28	-111	140.2	40.5864	-77.5692
USC00364992	LEWISTOWN	19960124	0	6	-56	0	6	-56	140.2	40.5864	-77.5692
USC00364992	LEWISTOWN	19960125	0	67	-44	0	67	-44	140.2	40.5864	-77.5692
USC00364992	LEWISTOWN	19960126	0	-6	-78	0	-6	-78	140.2	40.5864	-77.5692
USC00364992	LEWISTOWN	19960127	0	100	-72	0	100	-72	140.2	40.5864	-77.5692
USC00364992	LEWISTOWN	19960128	0	128	-39	0	128	-39	140.2	40.5864	-77.5692
USC00364992	LEWISTOWN	19960129	0	-11	-61	0	-11	-61	140.2	40.5864	-77.5692
USC00364992	LEWISTOWN	19960130	0	6	-67	0	6	-67	140.2	40.5864	-77.5692
USC00364992	LEWISTOWN	19960131	76	44	-67	76	44	-67	140.2	40.5864	-77.5692
USC00364992	LEWISTOWN	19970101	0	44	-83	0	44	-83	140.2	40.5864	-77.5692
USC00364992	LEWISTOWN	19970102	0	-17	-78	0	-17	-78	140.2	40.5864	-77.5692
USC00364992	LEWISTOWN	19970103	0	61	-17	0	61	-17	140.2	40.5864	-77.5692
USC00364992	LEWISTOWN	19970104	0	167	61	0	167	61	140.2	40.5864	-77.5692
USC00364992	LEWISTOWN	19970105	0	111	72	0	111	72	140.2	40.5864	-77.5692
USC00364992	LEWISTOWN	19970106	0	167	28	0	167	28	140.2	40.5864	-77.5692
USC00364992	LEWISTOWN	19970107	0	44	-39	0	44	-39	140.2	40.5864	-77.5692
USC00364992	LEWISTOWN	19970108	0	-11	-44	0	-11	-44	140.2	40.5864	-77.5692
USC00364992	LEWISTOWN	19970109	0	28	-44	0	28	-44	140.2	40.5864	-77.5692
USC00364992	LEWISTOWN	19970110	102	-6	-56	102	-6	-56	140.2	40.5864	-77.5692
USC00364992	LEWISTOWN	19970111	76	17	-89	76	17	-89	140.2	40.5864	-77.5692
USC00364992	LEWISTOWN	19970112	76	-61	-100	76	-61	-100	140.2	40.5864	-77.5692
USC00364992	LEWISTOWN	19970113	76	-67	-117	76	-67	-117	140.2	40.5864	-77.5692
USC00364992	LEWISTOWN	19970114	76	-61	-122	76	-61	-122	140.2	40.5864	-77.5692
USC00364992	LEWISTOWN	19970115	76	-28	-128	76	-28	-128	140.2	40.5864	-77.5692
USC00364992	LEWISTOWN	19970116	51	28	-128	51	28	-128	140.2	40.5864	-77.5692
USC00364992	LEWISTOWN	19970117	51	28	-156	51	28	-156	140.2	40.5864	-77.5692
USC00364992	LEWISTOWN	19970118	51	-128	-156	51	-128	-156	140.2	40.5864	-77.5692
USC00364992	LEWISTOWN	19970119	51	-106	-172	51	-106	-172	140.2	40.5864	-77.5692
USC00364992	LEWISTOWN	19970120	25	-56	-172	25	-56	-172	140.2	40.5864	-77.5692
USC00364992	LEWISTOWN	19970121	0	22	-83	0	22	-83	140.2	40.5864	-77.5692
USC00364992	LEWISTOWN	19970122	0	44	-61	0	44	-61	140.2	40.5864	-77.5692
USC00364992	LEWISTOWN	19970123	0	56	-39	0	56	-39	140.2	40.5864	-77.5692
USC00364992	LEWISTOWN	19970124	51	67	-72	51	67	-72	140.2	40.5864	-77.5692
USC00364992	LEWISTOWN	19970125	0	6	-67	0	6	-67	140.2	40.5864	-77.5692
USC00364992	LEWISTOWN	19970126	0	56	-61	0	56	-61	140.2	40.5864	-77.5692
USC00364992	LEWISTOWN	19970127	51	-33	-67	51	-33	-67	140.2	40.5864	-77.5692
USC00364992	LEWISTOWN	19970128	25	33	-39	25	33	-39	140.2	40.5864	-77.5692
USC00364992	LEWISTOWN	19970129	25	22	-94	25	22	-94	140.2	40.5864	-77.5692
USC00364992	LEWISTOWN	19970130	25	-28	-100	25	-28	-100	140.2	40.5864	-77.5692
USC00364992	LEWISTOWN	19970131	25	-6	-94	25	-6	-94	140.2	40.5864	-77.5692
USC00364992	LEWISTOWN	19980101	152	22	-128	152	22	-128	140.2	40.5864	-77.5692
USC00364992	LEWISTOWN	19980102	102	22	-133	102	22	-133	140.2	40.5864	-77.5692
USC00364992	LEWISTOWN	19980103	51	111	-56	51	111	-56	140.2	40.5864	-77.5692
USC00364992	LEWISTOWN	19980104	0	83	17	0	83	17	140.2	40.5864	-77.5692
USC00364992	LEWISTOWN	19980105	0	178	17	0	178	17	140.2	40.5864	-77.5692
USC00364992	LEWISTOWN	19980106	0	156	17	0	156	17	140.2	40.5864	-77.5692
USC00364992	LEWISTOWN	19980107	0	133	83	0	133	83	140.2	40.5864	-77.5692
USC00364992	LEWISTOWN	19980108	0	200	83	0	200	83	140.2	40.5864	-77.5692
USC00364992	LEWISTOWN	19980109	0	183	122	0	183	122	140.2	40.5864	-77.5692
USC00364992	LEWISTOWN	19980110	0	122	28	0	122	28	140.2	40.5864	-77.5692
USC00364992	LEWISTOWN	19980111	0	89	-6	0	89	-6	140.2	40.5864	-77.5692
USC00364992	LEWISTOWN	19980112	0	78	-39	0	78	-39	140.2	40.5864	-77.5692
USC00364992	LEWISTOWN	19980113	0	22	-28	0	22	-28	140.2	40.5864	-77.5692
USC00364992	LEWISTOWN	19980114	0	44	-61	0	44	-61	140.2	40.5864	-77.5692
USC00364992	LEWISTOWN	19980115	0	11	-61	0	11	-61	140.2	40.5864	-77.5692
USC00364992	LEWISTOWN	19980116	0	6	-17	0	6	-17	140.2	40.5864	-77.5692
USC00364992	LEWISTOWN	19980117	0	39	6	0	39	6	140.2	40.5864	-77.5692
USC00364992	LEWISTOWN	19980118	0	28	0	0	28	0	140.2	40.5864	-77.5692
USC00364992	LEWISTOWN	19980119	0	39	-6	0	39	-6	140.2	40.5864	-77.5692
USC00364992	LEWISTOWN	19980120	0	11	-22	0	11	-22	140.2	40.5864	-77.5692
USC00364992	LEWISTOWN	19980121	0	22	-56	0	22	-56	140.2	40.5864	-77.5692
USC00364992	LEWISTOWN	19980122	0	6	-56	0	6	-56	140.2	40.5864	-77.5692
USC00364992	LEWISTOWN	19980123	127	28	-44	127	28	-44	140.2	40.5864	-77.5692
USC00364992	LEWISTOWN	19980124	25	33	0	25	33	0	140.2	40.5864	-77.5692
USC00364992	LEWISTOWN	19980125	0	33	-11	0	33	-11	140.2	40.5864	-77.5692
USC00364992	LEWISTOWN	19980126	0	6	-22	0	6	-22	140.2	40.5864	-77.5692
USC00364992	LEWISTOWN	19980127	0	50	-22	0	50	-22	140.2	40.5864	-77.5692
USC00364992	LEWISTOWN	19980128	25	22	-17	25	22	-17	140.2	40.5864	-77.5692
USC00364992	LEWISTOWN	19980129	0	17	-39	0	17	-39	140.2	40.5864	-77.5692
USC00364992	LEWISTOWN	19980130	0	106	-39	0	106	-39	140.2	40.5864	-77.5692
USC00364992	LEWISTOWN	19980131	0	39	6	0	39	6	140.2	40.5864	-77.5692
USC00364992	LEWISTOWN	19990101	0	-39	-83	0	-39	-83	140.2	40.5864	-77.5692
USC00364992	LEWISTOWN	19990102	0	-39	-133	0	-39	-133	140.2	40.5864	-77.5692
USC00364992	LEWISTOWN	19990103	25	0	-133	25	0	-133	140.2	40.5864	-77.5692
USC00364992	LEWISTOWN	19990104	0	33	-78	0	33	-78	140.2	40.5864	-77.5692
USC00364992	LEWISTOWN	19990105	0	-56	-128	0	-56	-128	140.2	40.5864	-77.5692
USC00364992	LEWISTOWN	19990106	0	-61	-156	0	-61	-156	140.2	40.5864	-77.5692
USC00364992	LEWISTOWN	19990107	25	-11	-144	25	-11	-144	140.2	40.5864	-77.5692
USC00364992	LEWISTOWN	19990108	0	-39	-111	0	-39	-111	140.2	40.5864	-77.5692
USC00364992	LEWISTOWN	19990109	0	-17	-111	0	-17	-111	140.2	40.5864	-77.5692
USC00364992	LEWISTOWN	19990110	0	11	-117	0	11	-117	140.2	40.5864	-77.5692
USC00364992	LEWISTOWN	19990111	0	-44	-128	0	-44	-128	140.2	40.5864	-77.5692
USC00364992	LEWISTOWN	19990112	51	-61	-106	51	-61	-106	140.2	40.5864	-77.5692
USC00364992	LEWISTOWN	19990113	51	6	-61	51	6	-61	140.2	40.5864	-77.5692
USC00364992	LEWISTOWN	19990114	51	33	-106	51	33	-106	140.2	40.5864	-77.5692
USC00364992	LEWISTOWN	19990115	127	-61	-106	127	-61	-106	140.2	40.5864	-77.5692
USC00364992	LEWISTOWN	19990116	102	-22	-100	102	-22	-100	140.2	40.5864	-77.5692
USC00364992	LEWISTOWN	19990117	76	83	-72	76	83	-72	140.2	40.5864	-77.5692
USC00364992	LEWISTOWN	19990118	51	122	-11	51	122	-11	140.2	40.5864	-77.5692
USC00364992	LEWISTOWN	19990119	51	50	0	51	50	0	140.2	40.5864	-77.5692
USC00364992	LEWISTOWN	19990120	51	78	-33	51	78	-33	140.2	40.5864	-77.5692
USC00364992	LEWISTOWN	19990121	51	72	-33	51	72	-33	140.2	40.5864	-77.5692
USC00364992	LEWISTOWN	19990122	51	28	-28	51	28	-28	140.2	40.5864	-77.5692
USC00364992	LEWISTOWN	19990123	25	67	17	25	67	17	140.2	40.5864	-77.5692
USC00364992	LEWISTOWN	19990124	25	144	44	25	144	44	140.2	40.5864	-77.5692
USC00364992	LEWISTOWN	19990125	0	89	22	0	89	22	140.2	40.5864	-77.5692
USC00364992	LEWISTOWN	19990126	0	39	-22	0	39	-22	140.2	40.5864	-77.5692
USC00364992	LEWISTOWN	19990127	0	67	-56	0	67	-56	140.2	40.5864	-77.5692
USC00364992	LEWISTOWN	19990128	0	44	-56	0	44	-56	140.2	40.5864	-77.5692
USC00364992	LEWISTOWN	19990129	0	139	11	0	139	11	140.2	40.5864	-77.5692
USC00364992	LEWISTOWN	19990130	0	56	-39	0	56	-39	140.2	40.5864	-77.5692
USC00364992	LEWISTOWN	19990131	0	56	-83	0	56	-83	140.2	40.5864	-77.5692
USC00364992	LEWISTOWN	20000101	0	94	-61	0	94	-61	140.2	40.5864	-77.5692
USC00364992	LEWISTOWN	20000102	0	117	-61	0	117	-61	140.2	40.5864	-77.5692
USC00364992	LEWISTOWN	20000103	0	144	17	0	144	17	140.2	40.5864	-77.5692
USC00364992	LEWISTOWN	20000104	0	167	17	0	167	17	140.2	40.5864	-77.5692
USC00364992	LEWISTOWN	20000105	0	178	11	0	178	11	140.2	40.5864	-77.5692
USC00364992	LEWISTOWN	20000106	0	178	-61	0	178	-61	140.2	40.5864	-77.5692
USC00364992	LEWISTOWN	20000107	0	67	-61	0	67	-61	140.2	40.5864	-77.5692
USC00364992	LEWISTOWN	20000108	0	67	-28	0	67	-28	140.2	40.5864	-77.5692
USC00364992	LEWISTOWN	20000109	0	50	-22	0	50	-22	140.2	40.5864	-77.5692
USC00364992	LEWISTOWN	20000110	0	83	0	0	83	0	140.2	40.5864	-77.5692
USC00364992	LEWISTOWN	20000111	0	100	17	0	100	17	140.2	40.5864	-77.5692
USC00364992	LEWISTOWN	20000112	0	100	11	0	100	11	140.2	40.5864	-77.5692
USC00364992	LEWISTOWN	20000113	0	78	11	0	78	11	140.2	40.5864	-77.5692
USC00364992	LEWISTOWN	20000114	0	28	-94	0	28	-94	140.2	40.5864	-77.5692
USC00364992	LEWISTOWN	20000115	0	-28	-89	0	-28	-89	140.2	40.5864	-77.5692
USC00364992	LEWISTOWN	20000116	0	6	-89	0	6	-89	140.2	40.5864	-77.5692
USC00364992	LEWISTOWN	20000117	0	111	-117	0	111	-117	140.2	40.5864	-77.5692
USC00364992	LEWISTOWN	20000118	0	-67	-128	0	-67	-128	140.2	40.5864	-77.5692
USC00364992	LEWISTOWN	20000119	0	-61	-128	0	-61	-128	140.2	40.5864	-77.5692
USC00364992	LEWISTOWN	20000120	0	6	-78	0	6	-78	140.2	40.5864	-77.5692
USC00364992	LEWISTOWN	20000121	76	6	-106	76	6	-106	140.2	40.5864	-77.5692
USC00364992	LEWISTOWN	20000122	76	-72	-117	76	-72	-117	140.2	40.5864	-77.5692
USC00364992	LEWISTOWN	20000123	51	-50	-122	51	-50	-122	140.2	40.5864	-77.5692
USC00364992	LEWISTOWN	20000124	51	-39	-78	51	-39	-78	140.2	40.5864	-77.5692
USC00364992	LEWISTOWN	20000125	25	22	-72	25	22	-72	140.2	40.5864	-77.5692
USC00364992	LEWISTOWN	20000126	127	-44	-67	127	-44	-67	140.2	40.5864	-77.5692
USC00364992	LEWISTOWN	20000127	76	-11	-117	76	-11	-117	140.2	40.5864	-77.5692
USC00364992	LEWISTOWN	20000128	51	-67	-122	51	-67	-122	140.2	40.5864	-77.5692
USC00364992	LEWISTOWN	20000129	25	-11	-139	25	-11	-139	140.2	40.5864	-77.5692
USC00364992	LEWISTOWN	20000130	25	28	-144	25	28	-144	140.2	40.5864	-77.5692
USC00364992	LEWISTOWN	20000131	152	-11	-67	152	-11	-67	140.2	40.5864	-77.5692
USC00364992	LEWISTOWN	20010101	25	-11	-44	25	-11	-44	140.2	40.5864	-77.5692
USC00364992	LEWISTOWN	20010102	25	-6	-72	25	-6	-72	140.2	40.5864	-77.5692
USC00364992	LEWISTOWN	20010103	25	-17	-78	25	-17	-78	140.2	40.5864	-77.5692
USC00364992	LEWISTOWN	20010104	25	-11	-72	25	-11	-72	140.2	40.5864	-77.5692
USC00364992	LEWISTOWN	20010105	25	0	-78	25	0	-78	140.2	40.5864	-77.5692
USC00364992	LEWISTOWN	20010106	102	11	-56	102	11	-56	140.2	40.5864	-77.5692
USC00364992	LEWISTOWN	20010107	51	6	-89	51	6	-89	140.2	40.5864	-77.5692
USC00364992	LEWISTOWN	20010108	51	83	-67	51	83	-67	140.2	40.5864	-77.5692
USC00364992	LEWISTOWN	20010109	51	6	-89	51	6	-89	140.2	40.5864	-77.5692
USC00364992	LEWISTOWN	20010110	51	-28	-89	51	-28	-89	140.2	40.5864	-77.5692
USC00364992	LEWISTOWN	20010111	25	44	-44	25	44	-44	140.2	40.5864	-77.5692
USC00364992	LEWISTOWN	20010112	25	83	-56	25	83	-56	140.2	40.5864	-77.5692
USC00364992	LEWISTOWN	20010113	25	56	-89	25	56	-89	140.2	40.5864	-77.5692
USC00364992	LEWISTOWN	20010114	0	67	-89	0	67	-89	140.2	40.5864	-77.5692
USC00364992	LEWISTOWN	20010115	0	22	-61	0	22	-61	140.2	40.5864	-77.5692
USC00364992	LEWISTOWN	20010116	0	44	-6	0	44	-6	140.2	40.5864	-77.5692
USC00364992	LEWISTOWN	20010117	0	39	17	0	39	17	140.2	40.5864	-77.5692
USC00364992	LEWISTOWN	20010118	0	22	-11	0	22	-11	140.2	40.5864	-77.5692
USC00364992	LEWISTOWN	20010119	0	17	-11	0	17	-11	140.2	40.5864	-77.5692
USC00364992	LEWISTOWN	20010120	76	22	-6	76	22	-6	140.2	40.5864	-77.5692
USC00364992	LEWISTOWN	20010121	51	0	-67	51	0	-67	140.2	40.5864	-77.5692
USC00364992	LEWISTOWN	20010122	51	-17	-111	51	-17	-111	140.2	40.5864	-77.5692
USC00364992	LEWISTOWN	20010123	9999	-11	-122	NA	-11	-122	140.2	40.5864	-77.5692
USC00364992	LEWISTOWN	20010124	9999	33	-122	NA	33	-122	140.2	40.5864	-77.5692
USC00364992	LEWISTOWN	20010125	9999	67	-50	NA	67	-50	140.2	40.5864	-77.5692
USC00364992	LEWISTOWN	20010126	9999	17	-89	NA	17	-89	140.2	40.5864	-77.5692
USC00364992	LEWISTOWN	20010127	9999	17	-89	NA	17	-89	140.2	40.5864	-77.5692
USC00364992	LEWISTOWN	20010128	9999	28	-44	NA	28	-44	140.2	40.5864	-77.5692
USC00364992	LEWISTOWN	20010129	9999	28	-83	NA	28	-83	140.2	40.5864	-77.5692
USC00364992	LEWISTOWN	20010130	9999	17	-78	NA	17	-78	140.2	40.5864	-77.5692
USC00364992	LEWISTOWN	20010131	9999	33	0	NA	33	0	140.2	40.5864	-77.5692
USC00364992	LEWISTOWN	20020101	0	-28	-78	0	-28	-78	140.2	40.5864	-77.5692
USC00364992	LEWISTOWN	20020102	0	0	-72	0	0	-72	140.2	40.5864	-77.5692
USC00364992	LEWISTOWN	20020103	0	17	-106	0	17	-106	140.2	40.5864	-77.5692
USC00364992	LEWISTOWN	20020104	0	33	-106	0	33	-106	140.2	40.5864	-77.5692
USC00364992	LEWISTOWN	20020105	0	28	-28	0	28	-28	140.2	40.5864	-77.5692
USC00364992	LEWISTOWN	20020106	0	61	-39	0	61	-39	140.2	40.5864	-77.5692
USC00364992	LEWISTOWN	20020107	229	33	-17	229	33	-17	140.2	40.5864	-77.5692
USC00364992	LEWISTOWN	20020108	203	17	-44	203	17	-44	140.2	40.5864	-77.5692
USC00364992	LEWISTOWN	20020109	178	6	-67	178	6	-67	140.2	40.5864	-77.5692
USC00364992	LEWISTOWN	20020110	102	94	-39	102	94	-39	140.2	40.5864	-77.5692
USC00364992	LEWISTOWN	20020111	25	133	0	25	133	0	140.2	40.5864	-77.5692
USC00364992	LEWISTOWN	20020112	9999	56	-6	NA	56	-6	140.2	40.5864	-77.5692
USC00364992	LEWISTOWN	20020113	9999	89	-6	NA	89	-6	140.2	40.5864	-77.5692
USC00364992	LEWISTOWN	20020114	0	50	-28	0	50	-28	140.2	40.5864	-77.5692
USC00364992	LEWISTOWN	20020115	0	78	-28	0	78	-28	140.2	40.5864	-77.5692
USC00364992	LEWISTOWN	20020116	0	67	22	0	67	22	140.2	40.5864	-77.5692
USC00364992	LEWISTOWN	20020117	0	33	-11	0	33	-11	140.2	40.5864	-77.5692
USC00364992	LEWISTOWN	20020118	0	78	-22	0	78	-22	140.2	40.5864	-77.5692
USC00364992	LEWISTOWN	20020119	0	17	-33	0	17	-33	140.2	40.5864	-77.5692
USC00364992	LEWISTOWN	20020120	76	-17	-50	76	-17	-50	140.2	40.5864	-77.5692
USC00364992	LEWISTOWN	20020121	25	28	-61	25	28	-61	140.2	40.5864	-77.5692
USC00364992	LEWISTOWN	20020122	9999	50	-28	NA	50	-28	140.2	40.5864	-77.5692
USC00364992	LEWISTOWN	20020123	9999	106	-17	NA	106	-17	140.2	40.5864	-77.5692
USC00364992	LEWISTOWN	20020124	0	78	6	0	78	6	140.2	40.5864	-77.5692
USC00364992	LEWISTOWN	20020125	0	100	0	0	100	0	140.2	40.5864	-77.5692
USC00364992	LEWISTOWN	20020126	0	83	-28	0	83	-28	140.2	40.5864	-77.5692
USC00364992	LEWISTOWN	20020127	0	139	-44	0	139	-44	140.2	40.5864	-77.5692
USC00364992	LEWISTOWN	20020128	0	194	-44	0	194	-44	140.2	40.5864	-77.5692
USC00364992	LEWISTOWN	20020129	0	183	-22	0	183	-22	140.2	40.5864	-77.5692
USC00364992	LEWISTOWN	20020130	0	194	6	0	194	6	140.2	40.5864	-77.5692
USC00364992	LEWISTOWN	20020131	0	133	17	0	133	17	140.2	40.5864	-77.5692
USC00364992	LEWISTOWN	20030101	0	83	11	0	83	11	140.2	40.5864	-77.5692
USC00364992	LEWISTOWN	20030102	0	83	0	0	83	0	140.2	40.5864	-77.5692
USC00364992	LEWISTOWN	20030103	51	83	-17	51	83	-17	140.2	40.5864	-77.5692
USC00364992	LEWISTOWN	20030104	152	6	-17	152	6	-17	140.2	40.5864	-77.5692
USC00364992	LEWISTOWN	20030105	127	17	-28	127	17	-28	140.2	40.5864	-77.5692
USC00364992	LEWISTOWN	20030106	102	-11	-39	102	-11	-39	140.2	40.5864	-77.5692
USC00364992	LEWISTOWN	20030107	76	11	-72	76	11	-72	140.2	40.5864	-77.5692
USC00364992	LEWISTOWN	20030108	25	39	-61	25	39	-61	140.2	40.5864	-77.5692
USC00364992	LEWISTOWN	20030109	0	94	-11	0	94	-11	140.2	40.5864	-77.5692
USC00364992	LEWISTOWN	20030110	0	117	22	0	117	22	140.2	40.5864	-77.5692
USC00364992	LEWISTOWN	20030111	0	22	-56	0	22	-56	140.2	40.5864	-77.5692
USC00364992	LEWISTOWN	20030112	0	-22	-67	0	-22	-67	140.2	40.5864	-77.5692
USC00364992	LEWISTOWN	20030113	0	0	-94	0	0	-94	140.2	40.5864	-77.5692
USC00364992	LEWISTOWN	20030114	0	22	-89	0	22	-89	140.2	40.5864	-77.5692
USC00364992	LEWISTOWN	20030115	0	-28	-67	0	-28	-67	140.2	40.5864	-77.5692
USC00364992	LEWISTOWN	20030116	0	-39	-94	0	-39	-94	140.2	40.5864	-77.5692
USC00364992	LEWISTOWN	20030117	25	-50	-117	25	-50	-117	140.2	40.5864	-77.5692
USC00364992	LEWISTOWN	20030118	0	-33	-144	0	-33	-144	140.2	40.5864	-77.5692
USC00364992	LEWISTOWN	20030119	0	-33	-150	0	-33	-150	140.2	40.5864	-77.5692
USC00364992	LEWISTOWN	20030120	0	-11	-100	0	-11	-100	140.2	40.5864	-77.5692
USC00364992	LEWISTOWN	20030121	0	-22	-83	0	-22	-83	140.2	40.5864	-77.5692
USC00364992	LEWISTOWN	20030122	0	-33	-117	0	-33	-117	140.2	40.5864	-77.5692
USC00364992	LEWISTOWN	20030123	0	-67	-139	0	-67	-139	140.2	40.5864	-77.5692
USC00364992	LEWISTOWN	20030124	0	-83	-139	0	-83	-139	140.2	40.5864	-77.5692
USC00364992	LEWISTOWN	20030125	0	-17	-122	0	-17	-122	140.2	40.5864	-77.5692
USC00364992	LEWISTOWN	20030126	0	-22	-72	0	-22	-72	140.2	40.5864	-77.5692
USC00364992	LEWISTOWN	20030127	0	-6	-133	0	-6	-133	140.2	40.5864	-77.5692
USC00364992	LEWISTOWN	20030128	0	-56	-133	0	-56	-133	140.2	40.5864	-77.5692
USC00364992	LEWISTOWN	20030129	0	-39	-111	0	-39	-111	140.2	40.5864	-77.5692
USC00364992	LEWISTOWN	20030130	0	22	-72	0	22	-72	140.2	40.5864	-77.5692
USC00364992	LEWISTOWN	20030131	0	17	-83	0	17	-83	140.2	40.5864	-77.5692
USC00364992	LEWISTOWN	20040101	0	117	-22	0	117	-22	140.2	40.5864	-77.5692
USC00364992	LEWISTOWN	20040102	0	89	0	0	89	0	140.2	40.5864	-77.5692
USC00364992	LEWISTOWN	20040103	0	56	22	0	56	22	140.2	40.5864	-77.5692
USC00364992	LEWISTOWN	20040104	0	94	50	0	94	50	140.2	40.5864	-77.5692
USC00364992	LEWISTOWN	20040105	0	94	17	0	94	17	140.2	40.5864	-77.5692
USC00364992	LEWISTOWN	20040106	0	61	-17	0	61	-17	140.2	40.5864	-77.5692
USC00364992	LEWISTOWN	20040107	0	6	-89	0	6	-89	140.2	40.5864	-77.5692
USC00364992	LEWISTOWN	20040108	0	-44	-83	0	-44	-83	140.2	40.5864	-77.5692
USC00364992	LEWISTOWN	20040109	0	0	-50	0	0	-50	140.2	40.5864	-77.5692
USC00364992	LEWISTOWN	20040110	0	-44	-167	0	-44	-167	140.2	40.5864	-77.5692
USC00364992	LEWISTOWN	20040111	0	-78	-167	0	-78	-167	140.2	40.5864	-77.5692
USC00364992	LEWISTOWN	20040112	0	-11	-122	0	-11	-122	140.2	40.5864	-77.5692
USC00364992	LEWISTOWN	20040113	0	61	-22	0	61	-22	140.2	40.5864	-77.5692
USC00364992	LEWISTOWN	20040114	0	44	-100	0	44	-100	140.2	40.5864	-77.5692
USC00364992	LEWISTOWN	20040115	102	-56	-106	102	-56	-106	140.2	40.5864	-77.5692
USC00364992	LEWISTOWN	20040116	102	-122	-150	102	-122	-150	140.2	40.5864	-77.5692
USC00364992	LEWISTOWN	20040117	76	-50	-150	76	-50	-150	140.2	40.5864	-77.5692
USC00364992	LEWISTOWN	20040118	76	-44	-122	76	-44	-122	140.2	40.5864	-77.5692
USC00364992	LEWISTOWN	20040119	76	17	-67	76	17	-67	140.2	40.5864	-77.5692
USC00364992	LEWISTOWN	20040120	76	-50	-72	76	-50	-72	140.2	40.5864	-77.5692
USC00364992	LEWISTOWN	20040121	76	-39	-89	76	-39	-89	140.2	40.5864	-77.5692
USC00364992	LEWISTOWN	20040122	51	-39	-106	51	-39	-106	140.2	40.5864	-77.5692
USC00364992	LEWISTOWN	20040123	25	28	-144	25	28	-144	140.2	40.5864	-77.5692
USC00364992	LEWISTOWN	20040124	76	-89	-144	76	-89	-144	140.2	40.5864	-77.5692
USC00364992	LEWISTOWN	20040125	51	-44	-167	51	-44	-167	140.2	40.5864	-77.5692
USC00364992	LEWISTOWN	20040126	203	-78	-167	203	-78	-167	140.2	40.5864	-77.5692
USC00364992	LEWISTOWN	20040127	203	-78	-106	203	-78	-106	140.2	40.5864	-77.5692
USC00364992	LEWISTOWN	20040128	330	-39	-94	330	-39	-94	140.2	40.5864	-77.5692
USC00364992	LEWISTOWN	20040129	330	-44	-61	330	-44	-61	140.2	40.5864	-77.5692
USC00364992	LEWISTOWN	20040130	305	-44	-100	305	-44	-100	140.2	40.5864	-77.5692
USC00364992	LEWISTOWN	20040131	305	-56	-122	305	-56	-122	140.2	40.5864	-77.5692
USC00364992	LEWISTOWN	20050101	0	139	0	0	139	0	140.2	40.5864	-77.5692
USC00364992	LEWISTOWN	20050102	0	167	0	0	167	0	140.2	40.5864	-77.5692
USC00364992	LEWISTOWN	20050103	0	61	22	0	61	22	140.2	40.5864	-77.5692
USC00364992	LEWISTOWN	20050104	0	67	44	0	67	44	140.2	40.5864	-77.5692
USC00364992	LEWISTOWN	20050105	0	94	39	0	94	39	140.2	40.5864	-77.5692
USC00364992	LEWISTOWN	20050106	0	39	6	0	39	6	140.2	40.5864	-77.5692
USC00364992	LEWISTOWN	20050107	0	61	6	0	61	6	140.2	40.5864	-77.5692
USC00364992	LEWISTOWN	20050108	0	22	0	0	22	0	140.2	40.5864	-77.5692
USC00364992	LEWISTOWN	20050109	0	61	17	0	61	17	140.2	40.5864	-77.5692
USC00364992	LEWISTOWN	20050110	0	28	0	0	28	0	140.2	40.5864	-77.5692
USC00364992	LEWISTOWN	20050111	0	72	0	0	72	0	140.2	40.5864	-77.5692
USC00364992	LEWISTOWN	20050112	0	72	0	0	72	0	140.2	40.5864	-77.5692
USC00364992	LEWISTOWN	20050113	0	50	28	0	50	28	140.2	40.5864	-77.5692
USC00364992	LEWISTOWN	20050114	0	194	44	0	194	44	140.2	40.5864	-77.5692
USC00364992	LEWISTOWN	20050115	0	50	-56	0	50	-56	140.2	40.5864	-77.5692
USC00364992	LEWISTOWN	20050116	0	50	-56	0	50	-56	140.2	40.5864	-77.5692
USC00364992	LEWISTOWN	20050117	25	111	-72	25	111	-72	140.2	40.5864	-77.5692
USC00364992	LEWISTOWN	20050118	0	-61	-122	0	-61	-122	140.2	40.5864	-77.5692
USC00364992	LEWISTOWN	20050119	0	-61	-128	0	-61	-128	140.2	40.5864	-77.5692
USC00364992	LEWISTOWN	20050120	25	-6	-89	25	-6	-89	140.2	40.5864	-77.5692
USC00364992	LEWISTOWN	20050121	25	-11	-122	25	-11	-122	140.2	40.5864	-77.5692
USC00364992	LEWISTOWN	20050122	25	-61	-144	25	-61	-144	140.2	40.5864	-77.5692
USC00364992	LEWISTOWN	20050123	127	-78	-133	127	-78	-133	140.2	40.5864	-77.5692
USC00364992	LEWISTOWN	20050124	102	-61	-139	102	-61	-139	140.2	40.5864	-77.5692
USC00364992	LEWISTOWN	20050125	102	-22	-139	102	-22	-139	140.2	40.5864	-77.5692
USC00364992	LEWISTOWN	20050126	76	22	-28	76	22	-28	140.2	40.5864	-77.5692
USC00364992	LEWISTOWN	20050127	51	33	-128	51	33	-128	140.2	40.5864	-77.5692
USC00364992	LEWISTOWN	20050128	51	-78	-178	51	-78	-178	140.2	40.5864	-77.5692
USC00364992	LEWISTOWN	20050129	51	-17	-178	51	-17	-178	140.2	40.5864	-77.5692
USC00364992	LEWISTOWN	20050130	51	6	-117	51	6	-117	140.2	40.5864	-77.5692
USC00364992	LEWISTOWN	20050131	51	61	-94	51	61	-94	140.2	40.5864	-77.5692
