STATION	NAME	DATE	SNWD	TMAX	TMIN	SNWD2	TMAX2	TMIN2	ELEV	LAT	LONG
USC00304731	LIBERTY	19950101	0	17	-17	0	17	-17	472.4	41.8	-74.73333
USC00304731	LIBERTY	19950102	51	50	-33	51	50	-33	472.4	41.8	-74.73333
USC00304731	LIBERTY	19950103	51	-28	-106	51	-28	-106	472.4	41.8	-74.73333
USC00304731	LIBERTY	19950104	51	-61	-117	51	-61	-117	472.4	41.8	-74.73333
USC00304731	LIBERTY	19950105	51	-61	-172	51	-61	-172	472.4	41.8	-74.73333
USC00304731	LIBERTY	19950106	51	-89	-172	51	-89	-172	472.4	41.8	-74.73333
USC00304731	LIBERTY	19950107	51	22	-150	51	22	-150	472.4	41.8	-74.73333
USC00304731	LIBERTY	19950108	51	22	-78	51	22	-78	472.4	41.8	-74.73333
USC00304731	LIBERTY	19950109	51	-22	-72	51	-22	-72	472.4	41.8	-74.73333
USC00304731	LIBERTY	19950110	51	-28	-128	51	-28	-128	472.4	41.8	-74.73333
USC00304731	LIBERTY	19950111	51	-39	-122	51	-39	-122	472.4	41.8	-74.73333
USC00304731	LIBERTY	19950112	51	-6	-122	51	-6	-122	472.4	41.8	-74.73333
USC00304731	LIBERTY	19950113	25	78	-6	25	78	-6	472.4	41.8	-74.73333
USC00304731	LIBERTY	19950114	25	106	72	25	106	72	472.4	41.8	-74.73333
USC00304731	LIBERTY	19950115	0	150	83	0	150	83	472.4	41.8	-74.73333
USC00304731	LIBERTY	19950116	0	139	111	0	139	111	472.4	41.8	-74.73333
USC00304731	LIBERTY	19950117	0	139	22	0	139	22	472.4	41.8	-74.73333
USC00304731	LIBERTY	19950118	0	89	6	0	89	6	472.4	41.8	-74.73333
USC00304731	LIBERTY	19950119	0	28	0	0	28	0	472.1	41.8	-74.73333
USC00304731	LIBERTY	19950120	0	33	0	0	33	0	472.1	41.8	-74.73333
USC00304731	LIBERTY	19950121	0	56	0	0	56	0	472.1	41.8	-74.73333
USC00304731	LIBERTY	19950122	51	6	-39	51	6	-39	472.1	41.8	-74.73333
USC00304731	LIBERTY	19950123	76	-28	-72	76	-28	-72	472.1	41.8	-74.73333
USC00304731	LIBERTY	19950124	76	-17	-72	76	-17	-72	472.1	41.8	-74.73333
USC00304731	LIBERTY	19950125	76	-6	-44	76	-6	-44	472.1	41.8	-74.73333
USC00304731	LIBERTY	19950126	76	-6	-50	76	-6	-50	472.1	41.8	-74.73333
USC00304731	LIBERTY	19950127	76	-28	-61	76	-28	-61	472.1	41.8	-74.73333
USC00304731	LIBERTY	19950128	51	-22	-56	51	-22	-56	472.1	41.8	-74.73333
USC00304731	LIBERTY	19950129	51	-22	-172	51	-22	-172	472.1	41.8	-74.73333
USC00304731	LIBERTY	19950130	51	-17	-172	51	-17	-172	472.1	41.8	-74.73333
USC00304731	LIBERTY	19950131	25	28	-61	25	28	-61	472.1	41.8	-74.73333
USC00304731	LIBERTY	19960101	279	28	-56	279	28	-56	472.1	41.8	-74.73333
USC00304731	LIBERTY	19960102	254	17	-39	254	17	-39	472.1	41.8	-74.73333
USC00304731	LIBERTY	19960103	457	-17	-94	457	-17	-94	472.1	41.8	-74.73333
USC00304731	LIBERTY	19960104	483	-83	-167	483	-83	-167	472.1	41.8	-74.73333
USC00304731	LIBERTY	19960105	457	-100	-194	457	-100	-194	472.1	41.8	-74.73333
USC00304731	LIBERTY	19960106	432	-100	-222	432	-100	-222	472.1	41.8	-74.73333
USC00304731	LIBERTY	19960107	432	-106	-217	432	-106	-217	472.1	41.8	-74.73333
USC00304731	LIBERTY	19960108	686	-83	-167	686	-83	-167	472.1	41.8	-74.73333
USC00304731	LIBERTY	19960109	660	-83	-117	660	-83	-117	472.1	41.8	-74.73333
USC00304731	LIBERTY	19960110	660	-78	-111	660	-78	-111	472.1	41.8	-74.73333
USC00304731	LIBERTY	19960111	635	-50	-144	635	-50	-144	472.1	41.8	-74.73333
USC00304731	LIBERTY	19960112	610	-44	-150	610	-44	-150	472.1	41.8	-74.73333
USC00304731	LIBERTY	19960113	762	-11	-100	762	-11	-100	472.1	41.8	-74.73333
USC00304731	LIBERTY	19960114	737	-33	-50	737	-33	-50	472.1	41.8	-74.73333
USC00304731	LIBERTY	19960115	711	50	-33	711	50	-33	472.1	41.8	-74.73333
USC00304731	LIBERTY	19960116	711	-56	-189	711	-56	-189	472.1	41.8	-74.73333
USC00304731	LIBERTY	19960117	686	11	-189	686	11	-189	472.1	41.8	-74.73333
USC00304731	LIBERTY	19960118	635	89	-6	635	89	-6	472.1	41.8	-74.73333
USC00304731	LIBERTY	19960119	356	106	-6	356	106	-6	472.1	41.8	-74.73333
USC00304731	LIBERTY	19960120	254	117	-111	254	117	-111	472.1	41.8	-74.73333
USC00304731	LIBERTY	19960121	203	-61	-122	203	-61	-122	472.1	41.8	-74.73333
USC00304731	LIBERTY	19960122	229	-50	-111	229	-50	-111	472.1	41.8	-74.73333
USC00304731	LIBERTY	19960123	229	17	-111	229	17	-111	472.1	41.8	-74.73333
USC00304731	LIBERTY	19960124	203	-161	-72	203	-161	-72	472.1	41.8	-74.73333
USC00304731	LIBERTY	19960125	178	72	-83	178	72	-83	472.1	41.8	-74.73333
USC00304731	LIBERTY	19960126	178	-56	-128	178	-56	-128	472.1	41.8	-74.73333
USC00304731	LIBERTY	19960127	127	56	-128	127	56	-128	472.1	41.8	-74.73333
USC00304731	LIBERTY	19960128	152	89	-139	152	89	-139	472.1	41.8	-74.73333
USC00304731	LIBERTY	19960129	152	-56	-133	152	-56	-133	472.1	41.8	-74.73333
USC00304731	LIBERTY	19960130	152	-50	-111	152	-50	-111	472.1	41.8	-74.73333
USC00304731	LIBERTY	19960131	178	17	-100	178	17	-100	472.1	41.8	-74.73333
USC00304731	LIBERTY	19970101	51	-39	-183	51	-39	-183	472.1	41.8	-74.73333
USC00304731	LIBERTY	19970102	51	-72	-167	51	-72	-167	472.1	41.8	-74.73333
USC00304731	LIBERTY	19970103	0	56	-72	0	56	-72	472.1	41.8	-74.73333
USC00304731	LIBERTY	19970104	0	117	17	0	117	17	472.1	41.8	-74.73333
USC00304731	LIBERTY	19970105	0	44	6	0	44	6	472.1	41.8	-74.73333
USC00304731	LIBERTY	19970106	0	89	11	0	89	11	472.1	41.8	-74.73333
USC00304731	LIBERTY	19970107	0	22	-56	0	22	-56	472.1	41.8	-74.73333
USC00304731	LIBERTY	19970108	0	-44	-89	0	-44	-89	472.1	41.8	-74.73333
USC00304731	LIBERTY	19970109	0	-28	-94	0	-28	-94	472.1	41.8	-74.73333
USC00304731	LIBERTY	19970110	76	-22	-89	76	-22	-89	472.1	41.8	-74.73333
USC00304731	LIBERTY	19970111	0	-17	-89	0	-17	-89	472.1	41.8	-74.73333
USC00304731	LIBERTY	19970112	76	-61	-133	76	-61	-133	472.1	41.8	-74.73333
USC00304731	LIBERTY	19970113	76	-67	-111	76	-67	-111	472.1	41.8	-74.73333
USC00304731	LIBERTY	19970114	76	-61	-94	76	-61	-94	472.1	41.8	-74.73333
USC00304731	LIBERTY	19970115	51	-39	-128	51	-39	-128	472.1	41.8	-74.73333
USC00304731	LIBERTY	19970116	76	0	-111	76	0	-111	472.1	41.8	-74.73333
USC00304731	LIBERTY	19970117	102	17	-167	102	17	-167	472.1	41.8	-74.73333
USC00304731	LIBERTY	19970118	102	-139	-211	102	-139	-211	472.1	41.8	-74.73333
USC00304731	LIBERTY	19970119	102	-133	-244	102	-133	-244	472.1	41.8	-74.73333
USC00304731	LIBERTY	19970120	102	-111	-233	102	-111	-233	472.1	41.8	-74.73333
USC00304731	LIBERTY	19970121	127	-44	-139	127	-44	-139	472.1	41.8	-74.73333
USC00304731	LIBERTY	19970122	102	-11	-106	102	-11	-106	472.1	41.8	-74.73333
USC00304731	LIBERTY	19970123	76	56	-61	76	56	-61	472.1	41.8	-74.73333
USC00304731	LIBERTY	19970124	51	44	-139	51	44	-139	472.1	41.8	-74.73333
USC00304731	LIBERTY	19970125	76	39	-133	76	39	-133	472.1	41.8	-74.73333
USC00304731	LIBERTY	19970126	76	11	-144	76	11	-144	472.1	41.8	-74.73333
USC00304731	LIBERTY	19970127	76	-78	-144	76	-78	-144	472.1	41.8	-74.73333
USC00304731	LIBERTY	19970128	203	0	-111	203	0	-111	472.1	41.8	-74.73333
USC00304731	LIBERTY	19970129	203	11	-128	203	11	-128	472.1	41.8	-74.73333
USC00304731	LIBERTY	19970130	203	-72	-167	203	-72	-167	472.1	41.8	-74.73333
USC00304731	LIBERTY	19970131	203	-56	-161	203	-56	-161	472.1	41.8	-74.73333
USC00304731	LIBERTY	19980101	279	-11	-194	279	-11	-194	472.1	41.8	-74.73333
USC00304731	LIBERTY	19980102	279	-50	-200	279	-50	-200	472.1	41.8	-74.73333
USC00304731	LIBERTY	19980103	254	61	-50	254	61	-50	472.1	41.8	-74.73333
USC00304731	LIBERTY	19980104	229	78	17	229	78	17	472.1	41.8	-74.73333
USC00304731	LIBERTY	19980105	152	89	22	152	89	22	472.1	41.8	-74.73333
USC00304731	LIBERTY	19980106	102	72	22	102	72	22	472.1	41.8	-74.73333
USC00304731	LIBERTY	19980107	51	106	61	51	106	61	472.1	41.8	-74.73333
USC00304731	LIBERTY	19980108	0	89	33	0	89	33	472.1	41.8	-74.73333
USC00304731	LIBERTY	19980109	0	156	50	0	156	50	472.1	41.8	-74.73333
USC00304731	LIBERTY	19980110	0	144	-6	0	144	-6	472.1	41.8	-74.73333
USC00304731	LIBERTY	19980111	0	50	-22	0	50	-22	472.1	41.8	-74.73333
USC00304731	LIBERTY	19980112	0	39	-78	0	39	-78	472.1	41.8	-74.73333
USC00304731	LIBERTY	19980113	0	11	-78	0	11	-78	472.1	41.8	-74.73333
USC00304731	LIBERTY	19980114	0	28	-106	0	28	-106	472.1	41.8	-74.73333
USC00304731	LIBERTY	19980115	0	-44	-111	0	-44	-111	472.1	41.8	-74.73333
USC00304731	LIBERTY	19980116	0	0	-106	0	0	-106	472.1	41.8	-74.73333
USC00304731	LIBERTY	19980117	0	0	-33	0	0	-33	472.1	41.8	-74.73333
USC00304731	LIBERTY	19980118	0	11	-44	0	11	-44	472.1	41.8	-74.73333
USC00304731	LIBERTY	19980119	0	-22	-44	0	-22	-44	472.1	41.8	-74.73333
USC00304731	LIBERTY	19980120	0	-6	-67	0	-6	-67	472.1	41.8	-74.73333
USC00304731	LIBERTY	19980121	0	-17	-61	0	-17	-61	472.1	41.8	-74.73333
USC00304731	LIBERTY	19980122	0	-28	-83	0	-28	-83	472.1	41.8	-74.73333
USC00304731	LIBERTY	19980123	51	-11	-83	51	-11	-83	472.1	41.8	-74.73333
USC00304731	LIBERTY	19980124	76	33	-50	76	33	-50	472.1	41.8	-74.73333
USC00304731	LIBERTY	19980125	76	33	-56	76	33	-56	472.1	41.8	-74.73333
USC00304731	LIBERTY	19980126	76	-6	-56	76	-6	-56	472.1	41.8	-74.73333
USC00304731	LIBERTY	19980127	76	-6	-111	76	-6	-111	472.1	41.8	-74.73333
USC00304731	LIBERTY	19980128	76	-33	-111	76	-33	-111	472.1	41.8	-74.73333
USC00304731	LIBERTY	19980129	76	11	-50	76	11	-50	472.1	41.8	-74.73333
USC00304731	LIBERTY	19980130	51	78	-33	51	78	-33	472.1	41.8	-74.73333
USC00304731	LIBERTY	19980131	51	28	-44	51	28	-44	472.1	41.8	-74.73333
USC00304731	LIBERTY	19990101	127	-61	-183	127	-61	-183	472.1	41.8	-74.73333
USC00304731	LIBERTY	19990102	127	-83	-206	127	-83	-206	472.1	41.8	-74.73333
USC00304731	LIBERTY	19990103	127	-44	-189	127	-44	-189	472.1	41.8	-74.73333
USC00304731	LIBERTY	19990104	127	28	-78	127	28	-78	472.1	41.8	-74.73333
USC00304731	LIBERTY	19990105	127	-67	-156	127	-67	-156	472.1	41.8	-74.73333
USC00304731	LIBERTY	19990106	127	-72	-200	127	-72	-200	472.1	41.8	-74.73333
USC00304731	LIBERTY	19990107	152	-56	-194	152	-56	-194	472.1	41.8	-74.73333
USC00304731	LIBERTY	19990108	152	-72	-183	152	-72	-183	472.1	41.8	-74.73333
USC00304731	LIBERTY	19990109	178	-6	-167	178	-6	-167	472.1	41.8	-74.73333
USC00304731	LIBERTY	19990110	152	22	-150	152	22	-150	472.1	41.8	-74.73333
USC00304731	LIBERTY	19990111	152	-67	-133	152	-67	-133	472.1	41.8	-74.73333
USC00304731	LIBERTY	19990112	178	-94	-139	178	-94	-139	472.1	41.8	-74.73333
USC00304731	LIBERTY	19990113	152	28	-117	152	28	-117	472.1	41.8	-74.73333
USC00304731	LIBERTY	19990114	178	44	-183	178	44	-183	472.1	41.8	-74.73333
USC00304731	LIBERTY	19990115	229	-78	-183	229	-78	-183	472.1	41.8	-74.73333
USC00304731	LIBERTY	19990116	229	0	-128	229	0	-128	472.1	41.8	-74.73333
USC00304731	LIBERTY	19990117	229	0	-128	229	0	-128	472.1	41.8	-74.73333
USC00304731	LIBERTY	19990118	203	56	-33	203	56	-33	472.1	41.8	-74.73333
USC00304731	LIBERTY	19990119	178	94	-11	178	94	-11	472.1	41.8	-74.73333
USC00304731	LIBERTY	19990120	178	28	-44	178	28	-44	472.1	41.8	-74.73333
USC00304731	LIBERTY	19990121	178	33	-78	178	33	-78	472.1	41.8	-74.73333
USC00304731	LIBERTY	19990122	152	22	-72	152	22	-72	472.1	41.8	-74.73333
USC00304731	LIBERTY	19990123	127	22	0	127	22	0	472.1	41.8	-74.73333
USC00304731	LIBERTY	19990124	102	128	11	102	128	11	472.1	41.8	-74.73333
USC00304731	LIBERTY	19990125	102	83	-22	102	83	-22	472.1	41.8	-74.73333
USC00304731	LIBERTY	19990126	102	-6	-83	102	-6	-83	472.1	41.8	-74.73333
USC00304731	LIBERTY	19990127	102	0	-89	102	0	-89	472.1	41.8	-74.73333
USC00304731	LIBERTY	19990128	102	22	-89	102	22	-89	472.1	41.8	-74.73333
USC00304731	LIBERTY	19990129	102	11	-67	102	11	-67	472.1	41.8	-74.73333
USC00304731	LIBERTY	19990130	102	11	-89	102	11	-89	472.1	41.8	-74.73333
USC00304731	LIBERTY	19990131	102	-6	-167	102	-6	-167	472.1	41.8	-74.73333
USC00304731	LIBERTY	20000101	0	17	-72	0	17	-72	472.1	41.8	-74.73333
USC00304731	LIBERTY	20000102	0	83	-33	0	83	-33	472.1	41.8	-74.73333
USC00304731	LIBERTY	20000103	0	111	11	0	111	11	472.1	41.8	-74.73333
USC00304731	LIBERTY	20000104	0	128	78	0	128	78	472.1	41.8	-74.73333
USC00304731	LIBERTY	20000105	0	144	-39	0	144	-39	472.1	41.8	-74.73333
USC00304731	LIBERTY	20000106	0	-28	-117	0	-28	-117	472.1	41.8	-74.73333
USC00304731	LIBERTY	20000107	0	0	-117	0	0	-117	472.1	41.8	-74.73333
USC00304731	LIBERTY	20000108	0	39	-78	0	39	-78	472.1	41.8	-74.73333
USC00304731	LIBERTY	20000109	0	72	-72	0	72	-72	472.1	41.8	-74.73333
USC00304731	LIBERTY	20000110	0	56	-28	0	56	-28	472.1	41.8	-74.73333
USC00304731	LIBERTY	20000111	0	44	11	0	44	11	472.1	41.8	-74.73333
USC00304731	LIBERTY	20000112	0	61	-11	0	61	-11	472.1	41.8	-74.73333
USC00304731	LIBERTY	20000113	0	22	-39	0	22	-39	472.1	41.8	-74.73333
USC00304731	LIBERTY	20000114	127	-39	-172	127	-39	-172	472.1	41.8	-74.73333
USC00304731	LIBERTY	20000115	127	-117	-172	127	-117	-172	472.1	41.8	-74.73333
USC00304731	LIBERTY	20000116	127	11	-144	127	11	-144	472.1	41.8	-74.73333
USC00304731	LIBERTY	20000117	127	6	-228	127	6	-228	472.1	41.8	-74.73333
USC00304731	LIBERTY	20000118	102	-150	-222	102	-150	-222	472.1	41.8	-74.73333
USC00304731	LIBERTY	20000119	102	-83	-211	102	-83	-211	472.1	41.8	-74.73333
USC00304731	LIBERTY	20000120	102	-56	-139	102	-56	-139	472.1	41.8	-74.73333
USC00304731	LIBERTY	20000121	152	-72	-178	152	-72	-178	472.1	41.8	-74.73333
USC00304731	LIBERTY	20000122	127	-144	-200	127	-144	-200	472.1	41.8	-74.73333
USC00304731	LIBERTY	20000123	127	-117	-200	127	-117	-200	472.1	41.8	-74.73333
USC00304731	LIBERTY	20000124	102	-56	-156	102	-56	-156	472.1	41.8	-74.73333
USC00304731	LIBERTY	20000125	102	17	-106	102	17	-106	472.1	41.8	-74.73333
USC00304731	LIBERTY	20000126	356	-28	-100	356	-28	-100	472.1	41.8	-74.73333
USC00304731	LIBERTY	20000127	305	-61	-178	305	-61	-178	472.1	41.8	-74.73333
USC00304731	LIBERTY	20000128	305	-122	-189	305	-122	-189	472.1	41.8	-74.73333
USC00304731	LIBERTY	20000129	305	-89	-183	305	-89	-183	472.1	41.8	-74.73333
USC00304731	LIBERTY	20000130	279	28	-150	279	28	-150	472.1	41.8	-74.73333
USC00304731	LIBERTY	20000131	584	6	-133	584	6	-133	472.1	41.8	-74.73333
USC00304731	LIBERTY	20010101	330	-72	-94	330	-72	-94	472.1	41.8	-74.73333
USC00304731	LIBERTY	20010102	330	-39	-122	330	-39	-122	472.1	41.8	-74.73333
USC00304731	LIBERTY	20010103	330	-33	-122	330	-33	-122	472.1	41.8	-74.73333
USC00304731	LIBERTY	20010104	305	-17	-111	305	-17	-111	472.1	41.8	-74.73333
USC00304731	LIBERTY	20010105	279	-33	-133	279	-33	-133	472.1	41.8	-74.73333
USC00304731	LIBERTY	20010106	406	-44	-122	406	-44	-122	472.1	41.8	-74.73333
USC00304731	LIBERTY	20010107	356	-11	-78	356	-11	-78	472.1	41.8	-74.73333
USC00304731	LIBERTY	20010108	330	6	-56	330	6	-56	472.1	41.8	-74.73333
USC00304731	LIBERTY	20010109	356	17	-67	356	17	-67	472.1	41.8	-74.73333
USC00304731	LIBERTY	20010110	356	-33	-117	356	-33	-117	472.1	41.8	-74.73333
USC00304731	LIBERTY	20010111	330	-33	-133	330	-33	-133	472.1	41.8	-74.73333
USC00304731	LIBERTY	20010112	330	11	-50	330	11	-50	472.1	41.8	-74.73333
USC00304731	LIBERTY	20010113	330	22	-122	330	22	-122	472.1	41.8	-74.73333
USC00304731	LIBERTY	20010114	305	39	-117	305	39	-117	472.1	41.8	-74.73333
USC00304731	LIBERTY	20010115	305	39	-56	305	39	-56	472.1	41.8	-74.73333
USC00304731	LIBERTY	20010116	254	0	-11	254	0	-11	472.1	41.8	-74.73333
USC00304731	LIBERTY	20010117	254	22	0	254	22	0	472.1	41.8	-74.73333
USC00304731	LIBERTY	20010118	254	6	-94	254	6	-94	472.1	41.8	-74.73333
USC00304731	LIBERTY	20010119	229	-17	-67	229	-17	-67	472.1	41.8	-74.73333
USC00304731	LIBERTY	20010120	279	11	-28	279	11	-28	472.1	41.8	-74.73333
USC00304731	LIBERTY	20010121	381	-28	-106	381	-28	-106	472.1	41.8	-74.73333
USC00304731	LIBERTY	20010122	356	-44	-144	356	-44	-144	472.1	41.8	-74.73333
USC00304731	LIBERTY	20010123	356	-11	-156	356	-11	-156	472.1	41.8	-74.73333
USC00304731	LIBERTY	20010124	330	11	-150	330	11	-150	472.1	41.8	-74.73333
USC00304731	LIBERTY	20010125	305	28	-94	305	28	-94	472.1	41.8	-74.73333
USC00304731	LIBERTY	20010126	305	-11	-117	305	-11	-117	472.1	41.8	-74.73333
USC00304731	LIBERTY	20010127	305	-22	-106	305	-22	-106	472.1	41.8	-74.73333
USC00304731	LIBERTY	20010128	279	-33	-128	279	-33	-128	472.1	41.8	-74.73333
USC00304731	LIBERTY	20010129	279	-6	-128	279	-6	-128	472.1	41.8	-74.73333
USC00304731	LIBERTY	20010130	254	-6	-89	254	-6	-89	472.1	41.8	-74.73333
USC00304731	LIBERTY	20010131	254	22	-28	254	22	-28	472.1	41.8	-74.73333
USC00304731	LIBERTY	20020101	0	-39	-128	0	-39	-128	472.1	41.8	-74.73333
USC00304731	LIBERTY	20020102	0	-39	-111	0	-39	-111	472.1	41.8	-74.73333
USC00304731	LIBERTY	20020103	0	-22	-100	0	-22	-100	472.1	41.8	-74.73333
USC00304731	LIBERTY	20020104	0	-6	-94	0	-6	-94	472.1	41.8	-74.73333
USC00304731	LIBERTY	20020105	0	-17	-72	0	-17	-72	472.1	41.8	-74.73333
USC00304731	LIBERTY	20020106	0	0	-61	0	0	-61	472.1	41.8	-74.73333
USC00304731	LIBERTY	20020107	305	28	-39	305	28	-39	472.1	41.8	-74.73333
USC00304731	LIBERTY	20020108	356	-11	-122	356	-11	-122	472.1	41.8	-74.73333
USC00304731	LIBERTY	20020109	305	-28	-100	305	-28	-100	472.1	41.8	-74.73333
USC00304731	LIBERTY	20020110	254	33	-50	254	33	-50	472.1	41.8	-74.73333
USC00304731	LIBERTY	20020111	229	61	-17	229	61	-17	472.1	41.8	-74.73333
USC00304731	LIBERTY	20020112	254	22	-11	254	22	-11	472.1	41.8	-74.73333
USC00304731	LIBERTY	20020113	254	50	-28	254	50	-28	472.1	41.8	-74.73333
USC00304731	LIBERTY	20020114	254	11	-67	254	11	-67	472.1	41.8	-74.73333
USC00304731	LIBERTY	20020115	254	0	-67	254	0	-67	472.1	41.8	-74.73333
USC00304731	LIBERTY	20020116	254	39	-39	254	39	-39	472.1	41.8	-74.73333
USC00304731	LIBERTY	20020117	229	-6	-39	229	-6	-39	472.1	41.8	-74.73333
USC00304731	LIBERTY	20020118	254	28	-89	254	28	-89	472.1	41.8	-74.73333
USC00304731	LIBERTY	20020119	229	-17	-156	229	-17	-156	472.1	41.8	-74.73333
USC00304731	LIBERTY	20020120	381	-28	-128	381	-28	-128	472.1	41.8	-74.73333
USC00304731	LIBERTY	20020121	381	-11	-44	381	-11	-44	472.1	41.8	-74.73333
USC00304731	LIBERTY	20020122	381	0	-44	381	0	-44	472.1	41.8	-74.73333
USC00304731	LIBERTY	20020123	330	39	-56	330	39	-56	472.1	41.8	-74.73333
USC00304731	LIBERTY	20020124	279	78	6	279	78	6	472.1	41.8	-74.73333
USC00304731	LIBERTY	20020125	178	78	-17	178	78	-17	472.1	41.8	-74.73333
USC00304731	LIBERTY	20020126	178	44	-33	178	44	-33	472.1	41.8	-74.73333
USC00304731	LIBERTY	20020127	152	83	-44	152	83	-44	472.1	41.8	-74.73333
USC00304731	LIBERTY	20020128	127	117	-44	127	117	-44	472.1	41.8	-74.73333
USC00304731	LIBERTY	20020129	127	111	-28	127	111	-28	472.1	41.8	-74.73333
USC00304731	LIBERTY	20020130	102	117	44	102	117	44	472.1	41.8	-74.73333
USC00304731	LIBERTY	20020131	76	89	-28	76	89	-28	472.1	41.8	-74.73333
USC00304731	LIBERTY	20030101	152	61	0	152	61	0	472.1	41.8	-74.73333
USC00304731	LIBERTY	20030102	102	22	-28	102	22	-28	472.1	41.8	-74.73333
USC00304731	LIBERTY	20030103	127	-17	-72	127	-17	-72	472.1	41.8	-74.73333
USC00304731	LIBERTY	20030104	457	-22	-61	457	-22	-61	472.1	41.8	-74.73333
USC00304731	LIBERTY	20030105	432	-22	-50	432	-22	-50	472.1	41.8	-74.73333
USC00304731	LIBERTY	20030106	381	-22	-56	381	-22	-56	472.1	41.8	-74.73333
USC00304731	LIBERTY	20030107	381	-28	-67	381	-28	-67	472.1	41.8	-74.73333
USC00304731	LIBERTY	20030108	381	-28	-111	381	-28	-111	472.1	41.8	-74.73333
USC00304731	LIBERTY	20030109	356	22	-44	356	22	-44	472.1	41.8	-74.73333
USC00304731	LIBERTY	20030110	330	28	-6	330	28	-6	472.1	41.8	-74.73333
USC00304731	LIBERTY	20030111	305	-6	-111	305	-6	-111	472.1	41.8	-74.73333
USC00304731	LIBERTY	20030112	305	-56	-106	305	-56	-106	472.1	41.8	-74.73333
USC00304731	LIBERTY	20030113	305	-33	-167	305	-33	-167	472.1	41.8	-74.73333
USC00304731	LIBERTY	20030114	305	-56	-167	305	-56	-167	472.1	41.8	-74.73333
USC00304731	LIBERTY	20030115	305	-72	-156	305	-72	-156	472.1	41.8	-74.73333
USC00304731	LIBERTY	20030116	305	-78	-156	305	-78	-156	472.1	41.8	-74.73333
USC00304731	LIBERTY	20030117	330	-72	-150	330	-72	-150	472.1	41.8	-74.73333
USC00304731	LIBERTY	20030118	330	-67	-228	330	-67	-228	472.1	41.8	-74.73333
USC00304731	LIBERTY	20030119	330	-117	-228	330	-117	-228	472.1	41.8	-74.73333
USC00304731	LIBERTY	20030120	330	-83	-217	330	-83	-217	472.1	41.8	-74.73333
USC00304731	LIBERTY	20030121	330	-83	-189	330	-83	-189	472.1	41.8	-74.73333
USC00304731	LIBERTY	20030122	330	-100	-194	330	-100	-194	472.1	41.8	-74.73333
USC00304731	LIBERTY	20030123	356	-122	-194	356	-122	-194	472.1	41.8	-74.73333
USC00304731	LIBERTY	20030124	356	-117	-194	356	-117	-194	472.1	41.8	-74.73333
USC00304731	LIBERTY	20030125	356	-72	-194	356	-72	-194	472.1	41.8	-74.73333
USC00304731	LIBERTY	20030126	356	-50	-117	356	-50	-117	472.1	41.8	-74.73333
USC00304731	LIBERTY	20030127	356	-44	-183	356	-44	-183	472.1	41.8	-74.73333
USC00304731	LIBERTY	20030128	356	-144	-206	356	-144	-206	472.1	41.8	-74.73333
USC00304731	LIBERTY	20030129	356	-89	-167	356	-89	-167	472.1	41.8	-74.73333
USC00304731	LIBERTY	20030130	356	-17	-128	356	-17	-128	472.1	41.8	-74.73333
USC00304731	LIBERTY	20030131	356	-11	-139	356	-11	-139	472.1	41.8	-74.73333
USC00304731	LIBERTY	20040101	0	44	-22	0	44	-22	472.1	41.8	-74.73333
USC00304731	LIBERTY	20040102	0	28	-28	0	28	-28	472.1	41.8	-74.73333
USC00304731	LIBERTY	20040103	0	22	-28	0	22	-28	472.1	41.8	-74.73333
USC00304731	LIBERTY	20040104	0	106	22	0	106	22	472.1	41.8	-74.73333
USC00304731	LIBERTY	20040105	0	50	-17	0	50	-17	472.1	41.8	-74.73333
USC00304731	LIBERTY	20040106	0	0	-61	0	0	-61	472.1	41.8	-74.73333
USC00304731	LIBERTY	20040107	0	-28	-150	0	-28	-150	472.1	41.8	-74.73333
USC00304731	LIBERTY	20040108	0	-100	-150	0	-100	-150	472.1	41.8	-74.73333
USC00304731	LIBERTY	20040109	0	-72	-178	0	-72	-178	472.1	41.8	-74.73333
USC00304731	LIBERTY	20040110	0	-144	-233	0	-144	-233	472.1	41.8	-74.73333
USC00304731	LIBERTY	20040111	0	-156	-233	0	-156	-233	472.1	41.8	-74.73333
USC00304731	LIBERTY	20040112	76	-72	-200	76	-72	-200	472.1	41.8	-74.73333
USC00304731	LIBERTY	20040113	102	-22	-72	102	-22	-72	472.1	41.8	-74.73333
USC00304731	LIBERTY	20040114	102	-11	-228	102	-11	-228	472.1	41.8	-74.73333
USC00304731	LIBERTY	20040115	178	-161	-228	178	-161	-228	472.1	41.8	-74.73333
USC00304731	LIBERTY	20040116	178	-144	-228	178	-144	-228	472.1	41.8	-74.73333
USC00304731	LIBERTY	20040117	178	-111	-189	178	-111	-189	472.1	41.8	-74.73333
USC00304731	LIBERTY	20040118	178	-33	-128	178	-33	-128	472.1	41.8	-74.73333
USC00304731	LIBERTY	20040119	229	-17	-117	229	-17	-117	472.1	41.8	-74.73333
USC00304731	LIBERTY	20040120	229	-94	-122	229	-94	-122	472.1	41.8	-74.73333
USC00304731	LIBERTY	20040121	229	-83	-144	229	-83	-144	472.1	41.8	-74.73333
USC00304731	LIBERTY	20040122	229	-61	-133	229	-61	-133	472.1	41.8	-74.73333
USC00304731	LIBERTY	20040123	254	-6	-178	254	-6	-178	472.1	41.8	-74.73333
USC00304731	LIBERTY	20040124	254	-117	-211	254	-117	-211	472.1	41.8	-74.73333
USC00304731	LIBERTY	20040125	254	-111	-206	254	-111	-206	472.1	41.8	-74.73333
USC00304731	LIBERTY	20040126	254	-111	-206	254	-111	-206	472.1	41.8	-74.73333
USC00304731	LIBERTY	20040127	330	-111	-150	330	-111	-150	472.1	41.8	-74.73333
USC00304731	LIBERTY	20040128	483	-67	-133	483	-67	-133	472.1	41.8	-74.73333
USC00304731	LIBERTY	20040129	381	-56	-100	381	-56	-100	472.1	41.8	-74.73333
USC00304731	LIBERTY	20040130	330	-78	-183	330	-78	-183	472.1	41.8	-74.73333
USC00304731	LIBERTY	20040131	305	-83	-183	305	-83	-183	472.1	41.8	-74.73333
USC00304731	LIBERTY	20050101	0	72	6	0	72	6	472.1	41.8	-74.73333
USC00304731	LIBERTY	20050102	0	72	-39	0	72	-39	472.1	41.8	-74.73333
USC00304731	LIBERTY	20050103	0	28	-39	0	28	-39	472.1	41.8	-74.73333
USC00304731	LIBERTY	20050104	0	61	28	0	61	28	472.1	41.8	-74.73333
USC00304731	LIBERTY	20050105	0	72	-11	0	72	-11	472.1	41.8	-74.73333
USC00304731	LIBERTY	20050106	229	-6	-50	229	-6	-50	472.1	41.8	-74.73333
USC00304731	LIBERTY	20050107	279	0	-39	279	0	-39	472.1	41.8	-74.73333
USC00304731	LIBERTY	20050108	254	-17	-67	254	-17	-67	472.1	41.8	-74.73333
USC00304731	LIBERTY	20050109	229	0	-61	229	0	-61	472.1	41.8	-74.73333
USC00304731	LIBERTY	20050110	203	-22	-56	203	-22	-56	472.1	41.8	-74.73333
USC00304731	LIBERTY	20050111	178	17	-33	178	17	-33	472.1	41.8	-74.73333
USC00304731	LIBERTY	20050112	279	-11	-39	279	-11	-39	472.1	41.8	-74.73333
USC00304731	LIBERTY	20050113	254	0	-11	254	0	-11	472.1	41.8	-74.73333
USC00304731	LIBERTY	20050114	178	133	0	178	133	0	472.1	41.8	-74.73333
USC00304731	LIBERTY	20050115	178	22	-122	178	22	-122	472.1	41.8	-74.73333
USC00304731	LIBERTY	20050116	178	-44	-133	178	-44	-133	472.1	41.8	-74.73333
USC00304731	LIBERTY	20050117	203	-50	-133	203	-50	-133	472.1	41.8	-74.73333
USC00304731	LIBERTY	20050118	203	-83	-200	203	-83	-200	472.1	41.8	-74.73333
USC00304731	LIBERTY	20050119	203	-161	-211	203	-161	-211	472.1	41.8	-74.73333
USC00304731	LIBERTY	20050120	356	-100	-194	356	-100	-194	472.1	41.8	-74.73333
USC00304731	LIBERTY	20050121	330	-78	-217	330	-78	-217	472.1	41.8	-74.73333
USC00304731	LIBERTY	20050122	305	-144	-261	305	-144	-261	472.1	41.8	-74.73333
USC00304731	LIBERTY	20050123	533	-83	-239	533	-83	-239	472.1	41.8	-74.73333
USC00304731	LIBERTY	20050124	508	-111	-194	508	-111	-194	472.1	41.8	-74.73333
USC00304731	LIBERTY	20050125	432	-89	-194	432	-89	-194	472.1	41.8	-74.73333
USC00304731	LIBERTY	20050126	457	-33	-100	457	-33	-100	472.1	41.8	-74.73333
USC00304731	LIBERTY	20050127	533	-22	-189	533	-22	-189	472.1	41.8	-74.73333
USC00304731	LIBERTY	20050128	483	-111	-211	483	-111	-211	472.1	41.8	-74.73333
USC00304731	LIBERTY	20050129	457	-44	-211	457	-44	-211	472.1	41.8	-74.73333
USC00304731	LIBERTY	20050130	432	-11	-183	432	-11	-183	472.1	41.8	-74.73333
USC00304731	LIBERTY	20050131	406	39	-144	406	39	-144	472.1	41.8	-74.73333
