STATION	NAME	DATE	SNWD	TMAX	TMIN	SNWD2	TMAX2	TMIN2	ELEV	LAT	LONG
USC00304772	LINDLEY	19950101	0	9999	9999	0	NA	NA	317.0	42.063	-77.146
USC00304772	LINDLEY	19950102	0	9999	9999	0	NA	NA	317.0	42.063	-77.146
USC00304772	LINDLEY	19950103	0	9999	9999	0	NA	NA	317.0	42.063	-77.146
USC00304772	LINDLEY	19950104	0	9999	9999	0	NA	NA	317.0	42.063	-77.146
USC00304772	LINDLEY	19950105	0	9999	9999	0	NA	NA	317.0	42.063	-77.146
USC00304772	LINDLEY	19950106	0	9999	9999	0	NA	NA	317.0	42.063	-77.146
USC00304772	LINDLEY	19950107	25	9999	9999	25	NA	NA	317.0	42.063	-77.146
USC00304772	LINDLEY	19950108	0	9999	9999	0	NA	NA	317.0	42.063	-77.146
USC00304772	LINDLEY	19950109	0	9999	9999	0	NA	NA	317.0	42.063	-77.146
USC00304772	LINDLEY	19950110	0	9999	9999	0	NA	NA	317.0	42.063	-77.146
USC00304772	LINDLEY	19950111	0	9999	9999	0	NA	NA	317.0	42.063	-77.146
USC00304772	LINDLEY	19950112	0	9999	9999	0	NA	NA	317.0	42.063	-77.146
USC00304772	LINDLEY	19950113	0	9999	9999	0	NA	NA	317.0	42.063	-77.146
USC00304772	LINDLEY	19950114	0	9999	9999	0	NA	NA	317.0	42.063	-77.146
USC00304772	LINDLEY	19950115	0	9999	9999	0	NA	NA	317.0	42.063	-77.146
USC00304772	LINDLEY	19950116	0	9999	9999	0	NA	NA	317.0	42.063	-77.146
USC00304772	LINDLEY	19950117	0	9999	9999	0	NA	NA	317.0	42.063	-77.146
USC00304772	LINDLEY	19950118	0	9999	9999	0	NA	NA	317.0	42.063	-77.146
USC00304772	LINDLEY	19950119	0	9999	9999	0	NA	NA	317.0	42.063	-77.146
USC00304772	LINDLEY	19950120	0	9999	9999	0	NA	NA	317.0	42.063	-77.146
USC00304772	LINDLEY	19950121	0	9999	9999	0	NA	NA	317.0	42.063	-77.146
USC00304772	LINDLEY	19950122	0	9999	9999	0	NA	NA	317.0	42.063	-77.146
USC00304772	LINDLEY	19950123	0	9999	9999	0	NA	NA	317.0	42.063	-77.146
USC00304772	LINDLEY	19950124	0	9999	9999	0	NA	NA	317.0	42.063	-77.146
USC00304772	LINDLEY	19950125	0	9999	9999	0	NA	NA	317.0	42.063	-77.146
USC00304772	LINDLEY	19950126	0	9999	9999	0	NA	NA	317.0	42.063	-77.146
USC00304772	LINDLEY	19950127	0	9999	9999	0	NA	NA	317.0	42.063	-77.146
USC00304772	LINDLEY	19950128	0	9999	9999	0	NA	NA	317.0	42.063	-77.146
USC00304772	LINDLEY	19950129	0	9999	9999	0	NA	NA	317.0	42.063	-77.146
USC00304772	LINDLEY	19950130	0	9999	9999	0	NA	NA	317.0	42.063	-77.146
USC00304772	LINDLEY	19950131	0	9999	9999	0	NA	NA	317.0	42.063	-77.146
USC00304772	LINDLEY	19960101	102	9999	9999	102	NA	NA	317.0	42.063	-77.146
USC00304772	LINDLEY	19960102	102	9999	9999	102	NA	NA	317.0	42.063	-77.146
USC00304772	LINDLEY	19960103	406	9999	9999	406	NA	NA	317.0	42.063	-77.146
USC00304772	LINDLEY	19960104	508	9999	9999	508	NA	NA	317.0	42.063	-77.146
USC00304772	LINDLEY	19960105	559	9999	9999	559	NA	NA	317.0	42.063	-77.146
USC00304772	LINDLEY	19960106	610	9999	9999	610	NA	NA	317.0	42.063	-77.146
USC00304772	LINDLEY	19960107	610	9999	9999	610	NA	NA	317.0	42.063	-77.146
USC00304772	LINDLEY	19960108	610	9999	9999	610	NA	NA	317.0	42.063	-77.146
USC00304772	LINDLEY	19960109	610	9999	9999	610	NA	NA	317.0	42.063	-77.146
USC00304772	LINDLEY	19960110	660	9999	9999	660	NA	NA	317.0	42.063	-77.146
USC00304772	LINDLEY	19960111	660	9999	9999	660	NA	NA	317.0	42.063	-77.146
USC00304772	LINDLEY	19960112	635	9999	9999	635	NA	NA	317.0	42.063	-77.146
USC00304772	LINDLEY	19960113	686	9999	9999	686	NA	NA	317.0	42.063	-77.146
USC00304772	LINDLEY	19960114	686	9999	9999	686	NA	NA	317.0	42.063	-77.146
USC00304772	LINDLEY	19960115	584	9999	9999	584	NA	NA	317.0	42.063	-77.146
USC00304772	LINDLEY	19960116	508	9999	9999	508	NA	NA	317.0	42.063	-77.146
USC00304772	LINDLEY	19960117	356	9999	9999	356	NA	NA	317.0	42.063	-77.146
USC00304772	LINDLEY	19960118	254	9999	9999	254	NA	NA	317.0	42.063	-77.146
USC00304772	LINDLEY	19960119	0	9999	9999	0	NA	NA	317.0	42.063	-77.146
USC00304772	LINDLEY	19960120	0	9999	9999	0	NA	NA	317.0	42.063	-77.146
USC00304772	LINDLEY	19960121	0	9999	9999	0	NA	NA	317.0	42.063	-77.146
USC00304772	LINDLEY	19960122	0	9999	9999	0	NA	NA	317.0	42.063	-77.146
USC00304772	LINDLEY	19960123	0	9999	9999	0	NA	NA	317.0	42.063	-77.146
USC00304772	LINDLEY	19960124	0	9999	9999	0	NA	NA	317.0	42.063	-77.146
USC00304772	LINDLEY	19960125	0	9999	9999	0	NA	NA	317.0	42.063	-77.146
USC00304772	LINDLEY	19960126	0	9999	9999	0	NA	NA	317.0	42.063	-77.146
USC00304772	LINDLEY	19960127	0	9999	9999	0	NA	NA	317.0	42.063	-77.146
USC00304772	LINDLEY	19960128	0	9999	9999	0	NA	NA	317.0	42.063	-77.146
USC00304772	LINDLEY	19960129	0	9999	9999	0	NA	NA	317.0	42.063	-77.146
USC00304772	LINDLEY	19960130	0	9999	9999	0	NA	NA	317.0	42.063	-77.146
USC00304772	LINDLEY	19960131	0	9999	9999	0	NA	NA	317.0	42.063	-77.146
USC00304772	LINDLEY	19970101	0	9999	9999	0	NA	NA	317.0	42.063	-77.146
USC00304772	LINDLEY	19970102	0	9999	9999	0	NA	NA	317.0	42.063	-77.146
USC00304772	LINDLEY	19970103	0	9999	9999	0	NA	NA	317.0	42.063	-77.146
USC00304772	LINDLEY	19970104	0	9999	9999	0	NA	NA	317.0	42.063	-77.146
USC00304772	LINDLEY	19970105	0	9999	9999	0	NA	NA	317.0	42.063	-77.146
USC00304772	LINDLEY	19970106	0	9999	9999	0	NA	NA	317.0	42.063	-77.146
USC00304772	LINDLEY	19970107	0	9999	9999	0	NA	NA	317.0	42.063	-77.146
USC00304772	LINDLEY	19970108	0	9999	9999	0	NA	NA	317.0	42.063	-77.146
USC00304772	LINDLEY	19970109	0	9999	9999	0	NA	NA	317.0	42.063	-77.146
USC00304772	LINDLEY	19970110	51	9999	9999	51	NA	NA	317.0	42.063	-77.146
USC00304772	LINDLEY	19970111	25	9999	9999	25	NA	NA	317.0	42.063	-77.146
USC00304772	LINDLEY	19970112	25	9999	9999	25	NA	NA	317.0	42.063	-77.146
USC00304772	LINDLEY	19970113	0	9999	9999	0	NA	NA	317.0	42.063	-77.146
USC00304772	LINDLEY	19970114	0	9999	9999	0	NA	NA	317.0	42.063	-77.146
USC00304772	LINDLEY	19970115	0	9999	9999	0	NA	NA	317.0	42.063	-77.146
USC00304772	LINDLEY	19970116	0	9999	9999	0	NA	NA	317.0	42.063	-77.146
USC00304772	LINDLEY	19970117	25	9999	9999	25	NA	NA	317.0	42.063	-77.146
USC00304772	LINDLEY	19970118	0	9999	9999	0	NA	NA	317.0	42.063	-77.146
USC00304772	LINDLEY	19970119	0	9999	9999	0	NA	NA	317.0	42.063	-77.146
USC00304772	LINDLEY	19970120	0	9999	9999	0	NA	NA	317.0	42.063	-77.146
USC00304772	LINDLEY	19970121	0	9999	9999	0	NA	NA	317.0	42.063	-77.146
USC00304772	LINDLEY	19970122	0	9999	9999	0	NA	NA	317.0	42.063	-77.146
USC00304772	LINDLEY	19970123	0	9999	9999	0	NA	NA	317.0	42.063	-77.146
USC00304772	LINDLEY	19970124	76	9999	9999	76	NA	NA	317.0	42.063	-77.146
USC00304772	LINDLEY	19970125	76	9999	9999	76	NA	NA	317.0	42.063	-77.146
USC00304772	LINDLEY	19970126	51	9999	9999	51	NA	NA	317.0	42.063	-77.146
USC00304772	LINDLEY	19970127	25	9999	9999	25	NA	NA	317.0	42.063	-77.146
USC00304772	LINDLEY	19970128	0	9999	9999	0	NA	NA	317.0	42.063	-77.146
USC00304772	LINDLEY	19970129	0	9999	9999	0	NA	NA	317.0	42.063	-77.146
USC00304772	LINDLEY	19970130	0	9999	9999	0	NA	NA	317.0	42.063	-77.146
USC00304772	LINDLEY	19970131	0	9999	9999	0	NA	NA	317.0	42.063	-77.146
USC00304772	LINDLEY	19980101	305	9999	9999	305	NA	NA	317.0	42.063	-77.146
USC00304772	LINDLEY	19980102	127	9999	9999	127	NA	NA	317.0	42.063	-77.146
USC00304772	LINDLEY	19980103	51	9999	9999	51	NA	NA	317.0	42.063	-77.146
USC00304772	LINDLEY	19980104	0	9999	9999	0	NA	NA	317.0	42.063	-77.146
USC00304772	LINDLEY	19980105	0	9999	9999	0	NA	NA	317.0	42.063	-77.146
USC00304772	LINDLEY	19980106	0	9999	9999	0	NA	NA	317.0	42.063	-77.146
USC00304772	LINDLEY	19980107	0	9999	9999	0	NA	NA	317.0	42.063	-77.146
USC00304772	LINDLEY	19980108	0	9999	9999	0	NA	NA	317.0	42.063	-77.146
USC00304772	LINDLEY	19980109	0	9999	9999	0	NA	NA	317.0	42.063	-77.146
USC00304772	LINDLEY	19980110	0	9999	9999	0	NA	NA	317.0	42.063	-77.146
USC00304772	LINDLEY	19980111	0	9999	9999	0	NA	NA	317.0	42.063	-77.146
USC00304772	LINDLEY	19980112	0	9999	9999	0	NA	NA	317.0	42.063	-77.146
USC00304772	LINDLEY	19980113	0	9999	9999	0	NA	NA	317.0	42.063	-77.146
USC00304772	LINDLEY	19980114	0	9999	9999	0	NA	NA	317.0	42.063	-77.146
USC00304772	LINDLEY	19980115	0	9999	9999	0	NA	NA	317.0	42.063	-77.146
USC00304772	LINDLEY	19980116	0	9999	9999	0	NA	NA	317.0	42.063	-77.146
USC00304772	LINDLEY	19980117	0	9999	9999	0	NA	NA	317.0	42.063	-77.146
USC00304772	LINDLEY	19980118	51	9999	9999	51	NA	NA	317.0	42.063	-77.146
USC00304772	LINDLEY	19980119	127	9999	9999	127	NA	NA	317.0	42.063	-77.146
USC00304772	LINDLEY	19980120	102	9999	9999	102	NA	NA	317.0	42.063	-77.146
USC00304772	LINDLEY	19980121	76	9999	9999	76	NA	NA	317.0	42.063	-77.146
USC00304772	LINDLEY	19980122	76	9999	9999	76	NA	NA	317.0	42.063	-77.146
USC00304772	LINDLEY	19980123	76	9999	9999	76	NA	NA	317.0	42.063	-77.146
USC00304772	LINDLEY	19980124	51	9999	9999	51	NA	NA	317.0	42.063	-77.146
USC00304772	LINDLEY	19980125	51	9999	9999	51	NA	NA	317.0	42.063	-77.146
USC00304772	LINDLEY	19980126	25	9999	9999	25	NA	NA	317.0	42.063	-77.146
USC00304772	LINDLEY	19980127	25	9999	9999	25	NA	NA	317.0	42.063	-77.146
USC00304772	LINDLEY	19980128	25	9999	9999	25	NA	NA	317.0	42.063	-77.146
USC00304772	LINDLEY	19980129	25	9999	9999	25	NA	NA	317.0	42.063	-77.146
USC00304772	LINDLEY	19980130	25	9999	9999	25	NA	NA	317.0	42.063	-77.146
USC00304772	LINDLEY	19980131	25	9999	9999	25	NA	NA	317.0	42.063	-77.146
USC00304772	LINDLEY	19990101	0	9999	9999	0	NA	NA	317.0	42.063	-77.146
USC00304772	LINDLEY	19990102	0	9999	9999	0	NA	NA	317.0	42.063	-77.146
USC00304772	LINDLEY	19990103	25	9999	9999	25	NA	NA	317.0	42.063	-77.146
USC00304772	LINDLEY	19990104	0	9999	9999	0	NA	NA	317.0	42.063	-77.146
USC00304772	LINDLEY	19990105	0	9999	9999	0	NA	NA	317.0	42.063	-77.146
USC00304772	LINDLEY	19990106	0	9999	9999	0	NA	NA	317.0	42.063	-77.146
USC00304772	LINDLEY	19990107	25	9999	9999	25	NA	NA	317.0	42.063	-77.146
USC00304772	LINDLEY	19990108	25	9999	9999	25	NA	NA	317.0	42.063	-77.146
USC00304772	LINDLEY	19990109	0	9999	9999	0	NA	NA	317.0	42.063	-77.146
USC00304772	LINDLEY	19990110	152	9999	9999	152	NA	NA	317.0	42.063	-77.146
USC00304772	LINDLEY	19990111	152	9999	9999	152	NA	NA	317.0	42.063	-77.146
USC00304772	LINDLEY	19990112	127	9999	9999	127	NA	NA	317.0	42.063	-77.146
USC00304772	LINDLEY	19990113	102	9999	9999	102	NA	NA	317.0	42.063	-77.146
USC00304772	LINDLEY	19990114	254	9999	9999	254	NA	NA	317.0	42.063	-77.146
USC00304772	LINDLEY	19990115	406	9999	9999	406	NA	NA	317.0	42.063	-77.146
USC00304772	LINDLEY	19990116	406	9999	9999	406	NA	NA	317.0	42.063	-77.146
USC00304772	LINDLEY	19990117	356	9999	9999	356	NA	NA	317.0	42.063	-77.146
USC00304772	LINDLEY	19990118	330	9999	9999	330	NA	NA	317.0	42.063	-77.146
USC00304772	LINDLEY	19990119	254	9999	9999	254	NA	NA	317.0	42.063	-77.146
USC00304772	LINDLEY	19990120	229	9999	9999	229	NA	NA	317.0	42.063	-77.146
USC00304772	LINDLEY	19990121	229	9999	9999	229	NA	NA	317.0	42.063	-77.146
USC00304772	LINDLEY	19990122	203	9999	9999	203	NA	NA	317.0	42.063	-77.146
USC00304772	LINDLEY	19990123	102	9999	9999	102	NA	NA	317.0	42.063	-77.146
USC00304772	LINDLEY	19990124	0	9999	9999	0	NA	NA	317.0	42.063	-77.146
USC00304772	LINDLEY	19990125	0	9999	9999	0	NA	NA	317.0	42.063	-77.146
USC00304772	LINDLEY	19990126	0	9999	9999	0	NA	NA	317.0	42.063	-77.146
USC00304772	LINDLEY	19990127	0	9999	9999	0	NA	NA	317.0	42.063	-77.146
USC00304772	LINDLEY	19990128	0	9999	9999	0	NA	NA	317.0	42.063	-77.146
USC00304772	LINDLEY	19990129	0	9999	9999	0	NA	NA	317.0	42.063	-77.146
USC00304772	LINDLEY	19990130	0	9999	9999	0	NA	NA	317.0	42.063	-77.146
USC00304772	LINDLEY	19990131	0	9999	9999	0	NA	NA	317.0	42.063	-77.146
USC00304772	LINDLEY	20000101	0	9999	9999	0	NA	NA	317.0	42.063	-77.146
USC00304772	LINDLEY	20000102	0	9999	9999	0	NA	NA	317.0	42.063	-77.146
USC00304772	LINDLEY	20000103	0	9999	9999	0	NA	NA	317.0	42.063	-77.146
USC00304772	LINDLEY	20000104	0	9999	9999	0	NA	NA	317.0	42.063	-77.146
USC00304772	LINDLEY	20000105	0	9999	9999	0	NA	NA	317.0	42.063	-77.146
USC00304772	LINDLEY	20000106	0	9999	9999	0	NA	NA	317.0	42.063	-77.146
USC00304772	LINDLEY	20000107	0	9999	9999	0	NA	NA	317.0	42.063	-77.146
USC00304772	LINDLEY	20000108	0	9999	9999	0	NA	NA	317.0	42.063	-77.146
USC00304772	LINDLEY	20000109	0	9999	9999	0	NA	NA	317.0	42.063	-77.146
USC00304772	LINDLEY	20000110	0	9999	9999	0	NA	NA	317.0	42.063	-77.146
USC00304772	LINDLEY	20000111	0	9999	9999	0	NA	NA	317.0	42.063	-77.146
USC00304772	LINDLEY	20000112	0	9999	9999	0	NA	NA	317.0	42.063	-77.146
USC00304772	LINDLEY	20000113	76	9999	9999	76	NA	NA	317.0	42.063	-77.146
USC00304772	LINDLEY	20000114	152	9999	9999	152	NA	NA	317.0	42.063	-77.146
USC00304772	LINDLEY	20000115	152	9999	9999	152	NA	NA	317.0	42.063	-77.146
USC00304772	LINDLEY	20000116	102	9999	9999	102	NA	NA	317.0	42.063	-77.146
USC00304772	LINDLEY	20000117	76	9999	9999	76	NA	NA	317.0	42.063	-77.146
USC00304772	LINDLEY	20000118	51	9999	9999	51	NA	NA	317.0	42.063	-77.146
USC00304772	LINDLEY	20000119	51	9999	9999	51	NA	NA	317.0	42.063	-77.146
USC00304772	LINDLEY	20000120	51	9999	9999	51	NA	NA	317.0	42.063	-77.146
USC00304772	LINDLEY	20000121	127	9999	9999	127	NA	NA	317.0	42.063	-77.146
USC00304772	LINDLEY	20000122	102	9999	9999	102	NA	NA	317.0	42.063	-77.146
USC00304772	LINDLEY	20000123	102	9999	9999	102	NA	NA	317.0	42.063	-77.146
USC00304772	LINDLEY	20000124	76	9999	9999	76	NA	NA	317.0	42.063	-77.146
USC00304772	LINDLEY	20000125	51	9999	9999	51	NA	NA	317.0	42.063	-77.146
USC00304772	LINDLEY	20000126	51	9999	9999	51	NA	NA	317.0	42.063	-77.146
USC00304772	LINDLEY	20000127	203	9999	9999	203	NA	NA	317.0	42.063	-77.146
USC00304772	LINDLEY	20000128	152	9999	9999	152	NA	NA	317.0	42.063	-77.146
USC00304772	LINDLEY	20000129	127	9999	9999	127	NA	NA	317.0	42.063	-77.146
USC00304772	LINDLEY	20000130	76	9999	9999	76	NA	NA	317.0	42.063	-77.146
USC00304772	LINDLEY	20000131	229	9999	9999	229	NA	NA	317.0	42.063	-77.146
USC00304772	LINDLEY	20010101	51	9999	9999	51	NA	NA	317.0	42.063	-77.146
USC00304772	LINDLEY	20010102	0	9999	9999	0	NA	NA	317.0	42.063	-77.146
USC00304772	LINDLEY	20010103	0	9999	9999	0	NA	NA	317.0	42.063	-77.146
USC00304772	LINDLEY	20010104	0	9999	9999	0	NA	NA	317.0	42.063	-77.146
USC00304772	LINDLEY	20010105	0	9999	9999	0	NA	NA	317.0	42.063	-77.146
USC00304772	LINDLEY	20010106	25	9999	9999	25	NA	NA	317.0	42.063	-77.146
USC00304772	LINDLEY	20010107	25	9999	9999	25	NA	NA	317.0	42.063	-77.146
USC00304772	LINDLEY	20010108	0	9999	9999	0	NA	NA	317.0	42.063	-77.146
USC00304772	LINDLEY	20010109	0	9999	9999	0	NA	NA	317.0	42.063	-77.146
USC00304772	LINDLEY	20010110	0	9999	9999	0	NA	NA	317.0	42.063	-77.146
USC00304772	LINDLEY	20010111	0	9999	9999	0	NA	NA	317.0	42.063	-77.146
USC00304772	LINDLEY	20010112	0	9999	9999	0	NA	NA	317.0	42.063	-77.146
USC00304772	LINDLEY	20010113	0	9999	9999	0	NA	NA	317.0	42.063	-77.146
USC00304772	LINDLEY	20010114	0	9999	9999	0	NA	NA	317.0	42.063	-77.146
USC00304772	LINDLEY	20010115	0	9999	9999	0	NA	NA	317.0	42.063	-77.146
USC00304772	LINDLEY	20010116	0	9999	9999	0	NA	NA	317.0	42.063	-77.146
USC00304772	LINDLEY	20010117	0	9999	9999	0	NA	NA	317.0	42.063	-77.146
USC00304772	LINDLEY	20010118	0	9999	9999	0	NA	NA	317.0	42.063	-77.146
USC00304772	LINDLEY	20010119	0	9999	9999	0	NA	NA	317.0	42.063	-77.146
USC00304772	LINDLEY	20010120	51	9999	9999	51	NA	NA	317.0	42.063	-77.146
USC00304772	LINDLEY	20010121	25	9999	9999	25	NA	NA	317.0	42.063	-77.146
USC00304772	LINDLEY	20010122	25	9999	9999	25	NA	NA	317.0	42.063	-77.146
USC00304772	LINDLEY	20010123	25	9999	9999	25	NA	NA	317.0	42.063	-77.146
USC00304772	LINDLEY	20010124	0	9999	9999	0	NA	NA	317.0	42.063	-77.146
USC00304772	LINDLEY	20010125	0	9999	9999	0	NA	NA	317.0	42.063	-77.146
USC00304772	LINDLEY	20010126	0	9999	9999	0	NA	NA	317.0	42.063	-77.146
USC00304772	LINDLEY	20010127	0	9999	9999	0	NA	NA	317.0	42.063	-77.146
USC00304772	LINDLEY	20010128	0	9999	9999	0	NA	NA	317.0	42.063	-77.146
USC00304772	LINDLEY	20010129	0	9999	9999	0	NA	NA	317.0	42.063	-77.146
USC00304772	LINDLEY	20010130	0	9999	9999	0	NA	NA	317.0	42.063	-77.146
USC00304772	LINDLEY	20010131	0	9999	9999	0	NA	NA	317.0	42.063	-77.146
USC00304772	LINDLEY	20020101	0	9999	9999	0	NA	NA	317.0	42.063	-77.146
USC00304772	LINDLEY	20020102	0	9999	9999	0	NA	NA	317.0	42.063	-77.146
USC00304772	LINDLEY	20020103	0	9999	9999	0	NA	NA	317.0	42.063	-77.146
USC00304772	LINDLEY	20020104	0	9999	9999	0	NA	NA	317.0	42.063	-77.146
USC00304772	LINDLEY	20020105	0	9999	9999	0	NA	NA	317.0	42.063	-77.146
USC00304772	LINDLEY	20020106	0	9999	9999	0	NA	NA	317.0	42.063	-77.146
USC00304772	LINDLEY	20020107	127	9999	9999	127	NA	NA	317.0	42.063	-77.146
USC00304772	LINDLEY	20020108	152	9999	9999	152	NA	NA	317.0	42.063	-77.146
USC00304772	LINDLEY	20020109	102	9999	9999	102	NA	NA	317.0	42.063	-77.146
USC00304772	LINDLEY	20020110	51	9999	9999	51	NA	NA	317.0	42.063	-77.146
USC00304772	LINDLEY	20020111	25	9999	9999	25	NA	NA	317.0	42.063	-77.146
USC00304772	LINDLEY	20020112	0	9999	9999	0	NA	NA	317.0	42.063	-77.146
USC00304772	LINDLEY	20020113	0	9999	9999	0	NA	NA	317.0	42.063	-77.146
USC00304772	LINDLEY	20020114	0	9999	9999	0	NA	NA	317.0	42.063	-77.146
USC00304772	LINDLEY	20020115	0	9999	9999	0	NA	NA	317.0	42.063	-77.146
USC00304772	LINDLEY	20020116	0	9999	9999	0	NA	NA	317.0	42.063	-77.146
USC00304772	LINDLEY	20020117	25	9999	9999	25	NA	NA	317.0	42.063	-77.146
USC00304772	LINDLEY	20020118	0	9999	9999	0	NA	NA	317.0	42.063	-77.146
USC00304772	LINDLEY	20020119	0	9999	9999	0	NA	NA	317.0	42.063	-77.146
USC00304772	LINDLEY	20020120	127	9999	9999	127	NA	NA	317.0	42.063	-77.146
USC00304772	LINDLEY	20020121	51	9999	9999	51	NA	NA	317.0	42.063	-77.146
USC00304772	LINDLEY	20020122	25	9999	9999	25	NA	NA	317.0	42.063	-77.146
USC00304772	LINDLEY	20020123	0	9999	9999	0	NA	NA	317.0	42.063	-77.146
USC00304772	LINDLEY	20020124	0	9999	9999	0	NA	NA	317.0	42.063	-77.146
USC00304772	LINDLEY	20020125	0	9999	9999	0	NA	NA	317.0	42.063	-77.146
USC00304772	LINDLEY	20020126	0	9999	9999	0	NA	NA	317.0	42.063	-77.146
USC00304772	LINDLEY	20020127	0	9999	9999	0	NA	NA	317.0	42.063	-77.146
USC00304772	LINDLEY	20020128	0	9999	9999	0	NA	NA	317.0	42.063	-77.146
USC00304772	LINDLEY	20020129	0	9999	9999	0	NA	NA	317.0	42.063	-77.146
USC00304772	LINDLEY	20020130	0	9999	9999	0	NA	NA	317.0	42.063	-77.146
USC00304772	LINDLEY	20020131	0	9999	9999	0	NA	NA	317.0	42.063	-77.146
USC00304772	LINDLEY	20030101	0	9999	9999	0	NA	NA	317.0	42.063	-77.146
USC00304772	LINDLEY	20030102	25	9999	9999	25	NA	NA	317.0	42.063	-77.146
USC00304772	LINDLEY	20030103	51	9999	9999	51	NA	NA	317.0	42.063	-77.146
USC00304772	LINDLEY	20030104	178	9999	9999	178	NA	NA	317.0	42.063	-77.146
USC00304772	LINDLEY	20030105	178	9999	9999	178	NA	NA	317.0	42.063	-77.146
USC00304772	LINDLEY	20030106	203	9999	9999	203	NA	NA	317.0	42.063	-77.146
USC00304772	LINDLEY	20030107	330	9999	9999	330	NA	NA	317.0	42.063	-77.146
USC00304772	LINDLEY	20030108	279	9999	9999	279	NA	NA	317.0	42.063	-77.146
USC00304772	LINDLEY	20030109	254	9999	9999	254	NA	NA	317.0	42.063	-77.146
USC00304772	LINDLEY	20030110	229	9999	9999	229	NA	NA	317.0	42.063	-77.146
USC00304772	LINDLEY	20030111	203	9999	9999	203	NA	NA	317.0	42.063	-77.146
USC00304772	LINDLEY	20030112	152	9999	9999	152	NA	NA	317.0	42.063	-77.146
USC00304772	LINDLEY	20030113	127	9999	9999	127	NA	NA	317.0	42.063	-77.146
USC00304772	LINDLEY	20030114	127	9999	9999	127	NA	NA	317.0	42.063	-77.146
USC00304772	LINDLEY	20030115	102	9999	9999	102	NA	NA	317.0	42.063	-77.146
USC00304772	LINDLEY	20030116	76	9999	9999	76	NA	NA	317.0	42.063	-77.146
USC00304772	LINDLEY	20030117	76	9999	9999	76	NA	NA	317.0	42.063	-77.146
USC00304772	LINDLEY	20030118	51	9999	9999	51	NA	NA	317.0	42.063	-77.146
USC00304772	LINDLEY	20030119	51	9999	9999	51	NA	NA	317.0	42.063	-77.146
USC00304772	LINDLEY	20030120	76	9999	9999	76	NA	NA	317.0	42.063	-77.146
USC00304772	LINDLEY	20030121	102	9999	9999	102	NA	NA	317.0	42.063	-77.146
USC00304772	LINDLEY	20030122	102	9999	9999	102	NA	NA	317.0	42.063	-77.146
USC00304772	LINDLEY	20030123	102	9999	9999	102	NA	NA	317.0	42.063	-77.146
USC00304772	LINDLEY	20030124	76	9999	9999	76	NA	NA	317.0	42.063	-77.146
USC00304772	LINDLEY	20030125	76	9999	9999	76	NA	NA	317.0	42.063	-77.146
USC00304772	LINDLEY	20030126	76	9999	9999	76	NA	NA	317.0	42.063	-77.146
USC00304772	LINDLEY	20030127	102	9999	9999	102	NA	NA	317.0	42.063	-77.146
USC00304772	LINDLEY	20030128	102	9999	9999	102	NA	NA	317.0	42.063	-77.146
USC00304772	LINDLEY	20030129	76	9999	9999	76	NA	NA	317.0	42.063	-77.146
USC00304772	LINDLEY	20030130	102	9999	9999	102	NA	NA	317.0	42.063	-77.146
USC00304772	LINDLEY	20030131	76	9999	9999	76	NA	NA	317.0	42.063	-77.146
USC00304772	LINDLEY	20040101	0	9999	9999	0	NA	NA	317.0	42.063	-77.146
USC00304772	LINDLEY	20040102	0	9999	9999	0	NA	NA	317.0	42.063	-77.146
USC00304772	LINDLEY	20040103	0	9999	9999	0	NA	NA	317.0	42.063	-77.146
USC00304772	LINDLEY	20040104	0	9999	9999	0	NA	NA	317.0	42.063	-77.146
USC00304772	LINDLEY	20040105	25	9999	9999	25	NA	NA	317.0	42.063	-77.146
USC00304772	LINDLEY	20040106	25	9999	9999	25	NA	NA	317.0	42.063	-77.146
USC00304772	LINDLEY	20040107	25	9999	9999	25	NA	NA	317.0	42.063	-77.146
USC00304772	LINDLEY	20040108	51	9999	9999	51	NA	NA	317.0	42.063	-77.146
USC00304772	LINDLEY	20040109	51	9999	9999	51	NA	NA	317.0	42.063	-77.146
USC00304772	LINDLEY	20040110	51	9999	9999	51	NA	NA	317.0	42.063	-77.146
USC00304772	LINDLEY	20040111	51	9999	9999	51	NA	NA	317.0	42.063	-77.146
USC00304772	LINDLEY	20040112	76	9999	9999	76	NA	NA	317.0	42.063	-77.146
USC00304772	LINDLEY	20040113	51	9999	9999	51	NA	NA	317.0	42.063	-77.146
USC00304772	LINDLEY	20040114	25	9999	9999	25	NA	NA	317.0	42.063	-77.146
USC00304772	LINDLEY	20040115	127	9999	9999	127	NA	NA	317.0	42.063	-77.146
USC00304772	LINDLEY	20040116	127	9999	9999	127	NA	NA	317.0	42.063	-77.146
USC00304772	LINDLEY	20040117	127	9999	9999	127	NA	NA	317.0	42.063	-77.146
USC00304772	LINDLEY	20040118	127	9999	9999	127	NA	NA	317.0	42.063	-77.146
USC00304772	LINDLEY	20040119	127	9999	9999	127	NA	NA	317.0	42.063	-77.146
USC00304772	LINDLEY	20040120	127	9999	9999	127	NA	NA	317.0	42.063	-77.146
USC00304772	LINDLEY	20040121	102	9999	9999	102	NA	NA	317.0	42.063	-77.146
USC00304772	LINDLEY	20040122	102	9999	9999	102	NA	NA	317.0	42.063	-77.146
USC00304772	LINDLEY	20040123	102	9999	9999	102	NA	NA	317.0	42.063	-77.146
USC00304772	LINDLEY	20040124	102	9999	9999	102	NA	NA	317.0	42.063	-77.146
USC00304772	LINDLEY	20040125	102	9999	9999	102	NA	NA	317.0	42.063	-77.146
USC00304772	LINDLEY	20040126	102	9999	9999	102	NA	NA	317.0	42.063	-77.146
USC00304772	LINDLEY	20040127	229	9999	9999	229	NA	NA	317.0	42.063	-77.146
USC00304772	LINDLEY	20040128	356	9999	9999	356	NA	NA	317.0	42.063	-77.146
USC00304772	LINDLEY	20040129	356	9999	9999	356	NA	NA	317.0	42.063	-77.146
USC00304772	LINDLEY	20040130	356	9999	9999	356	NA	NA	317.0	42.063	-77.146
USC00304772	LINDLEY	20040131	356	9999	9999	356	NA	NA	317.0	42.063	-77.146
USC00304772	LINDLEY	20050101	0	9999	9999	0	NA	NA	317.0	42.063	-77.146
USC00304772	LINDLEY	20050102	0	9999	9999	0	NA	NA	317.0	42.063	-77.146
USC00304772	LINDLEY	20050103	0	9999	9999	0	NA	NA	317.0	42.063	-77.146
USC00304772	LINDLEY	20050104	0	9999	9999	0	NA	NA	317.0	42.063	-77.146
USC00304772	LINDLEY	20050105	0	9999	9999	0	NA	NA	317.0	42.063	-77.146
USC00304772	LINDLEY	20050106	127	9999	9999	127	NA	NA	317.0	42.063	-77.146
USC00304772	LINDLEY	20050107	102	9999	9999	102	NA	NA	317.0	42.063	-77.146
USC00304772	LINDLEY	20050108	102	9999	9999	102	NA	NA	317.0	42.063	-77.146
USC00304772	LINDLEY	20050109	76	9999	9999	76	NA	NA	317.0	42.063	-77.146
USC00304772	LINDLEY	20050110	76	9999	9999	76	NA	NA	317.0	42.063	-77.146
USC00304772	LINDLEY	20050111	51	9999	9999	51	NA	NA	317.0	42.063	-77.146
USC00304772	LINDLEY	20050112	51	9999	9999	51	NA	NA	317.0	42.063	-77.146
USC00304772	LINDLEY	20050113	25	9999	9999	25	NA	NA	317.0	42.063	-77.146
USC00304772	LINDLEY	20050114	0	9999	9999	0	NA	NA	317.0	42.063	-77.146
USC00304772	LINDLEY	20050115	0	9999	9999	0	NA	NA	317.0	42.063	-77.146
USC00304772	LINDLEY	20050116	0	9999	9999	0	NA	NA	317.0	42.063	-77.146
USC00304772	LINDLEY	20050117	25	9999	9999	25	NA	NA	317.0	42.063	-77.146
USC00304772	LINDLEY	20050118	25	9999	9999	25	NA	NA	317.0	42.063	-77.146
USC00304772	LINDLEY	20050119	25	9999	9999	25	NA	NA	317.0	42.063	-77.146
USC00304772	LINDLEY	20050120	51	9999	9999	51	NA	NA	317.0	42.063	-77.146
USC00304772	LINDLEY	20050121	25	9999	9999	25	NA	NA	317.0	42.063	-77.146
USC00304772	LINDLEY	20050122	25	9999	9999	25	NA	NA	317.0	42.063	-77.146
USC00304772	LINDLEY	20050123	152	9999	9999	152	NA	NA	317.0	42.063	-77.146
USC00304772	LINDLEY	20050124	178	9999	9999	178	NA	NA	317.0	42.063	-77.146
USC00304772	LINDLEY	20050125	229	9999	9999	229	NA	NA	317.0	42.063	-77.146
USC00304772	LINDLEY	20050126	254	9999	9999	254	NA	NA	317.0	42.063	-77.146
USC00304772	LINDLEY	20050127	229	9999	9999	229	NA	NA	317.0	42.063	-77.146
USC00304772	LINDLEY	20050128	203	9999	9999	203	NA	NA	317.0	42.063	-77.146
USC00304772	LINDLEY	20050129	178	9999	9999	178	NA	NA	317.0	42.063	-77.146
USC00304772	LINDLEY	20050130	152	9999	9999	152	NA	NA	317.0	42.063	-77.146
USC00304772	LINDLEY	20050131	102	9999	9999	102	NA	NA	317.0	42.063	-77.146
