STATION	NAME	DATE	SNWD	TMAX	TMIN	SNWD2	TMAX2	TMIN2	ELEV	LAT	LONG
USC00365050	LINESVILLE	19950101	0	44	-6	0	44	-6	313.9	41.6500	-80.4333
USC00365050	LINESVILLE	19950102	0	50	-83	0	50	-83	313.9	41.6500	-80.4333
USC00365050	LINESVILLE	19950103	0	-61	-89	0	-61	-89	313.9	41.6500	-80.4333
USC00365050	LINESVILLE	19950104	0	-67	-122	0	-67	-122	313.9	41.6500	-80.4333
USC00365050	LINESVILLE	19950105	25	-106	-167	25	-106	-167	313.9	41.6500	-80.4333
USC00365050	LINESVILLE	19950106	9999	-83	-167	NA	-83	-167	313.9	41.6500	-80.4333
USC00365050	LINESVILLE	19950107	25	0	-89	25	0	-89	313.9	41.6500	-80.4333
USC00365050	LINESVILLE	19950108	25	-17	-83	25	-17	-83	313.9	41.6500	-80.4333
USC00365050	LINESVILLE	19950109	25	-33	-72	25	-33	-72	313.9	41.6500	-80.4333
USC00365050	LINESVILLE	19950110	25	-56	-111	25	-56	-111	313.9	41.6500	-80.4333
USC00365050	LINESVILLE	19950111	25	-28	-94	25	-28	-94	313.9	41.6500	-80.4333
USC00365050	LINESVILLE	19950112	0	56	-28	0	56	-28	313.9	41.6500	-80.4333
USC00365050	LINESVILLE	19950113	0	133	50	0	133	50	313.9	41.6500	-80.4333
USC00365050	LINESVILLE	19950114	0	167	50	0	167	50	313.9	41.6500	-80.4333
USC00365050	LINESVILLE	19950115	0	172	111	0	172	111	313.9	41.6500	-80.4333
USC00365050	LINESVILLE	19950116	9999	111	0	NA	111	0	313.9	41.6500	-80.4333
USC00365050	LINESVILLE	19950117	0	11	-11	0	11	-11	313.9	41.6500	-80.4333
USC00365050	LINESVILLE	19950118	0	22	-11	0	22	-11	313.9	41.6500	-80.4333
USC00365050	LINESVILLE	19950119	0	83	22	0	83	22	313.9	41.6500	-80.4333
USC00365050	LINESVILLE	19950120	0	111	44	0	111	44	313.9	41.6500	-80.4333
USC00365050	LINESVILLE	19950121	0	61	-6	0	61	-6	313.9	41.6500	-80.4333
USC00365050	LINESVILLE	19950122	25	0	-67	25	0	-67	313.9	41.6500	-80.4333
USC00365050	LINESVILLE	19950123	25	-44	-72	25	-44	-72	313.9	41.6500	-80.4333
USC00365050	LINESVILLE	19950124	25	-44	-72	25	-44	-72	313.9	41.6500	-80.4333
USC00365050	LINESVILLE	19950125	51	-11	-67	51	-11	-67	313.9	41.6500	-80.4333
USC00365050	LINESVILLE	19950126	51	-39	-72	51	-39	-72	313.9	41.6500	-80.4333
USC00365050	LINESVILLE	19950127	51	-28	-100	51	-28	-100	313.9	41.6500	-80.4333
USC00365050	LINESVILLE	19950128	25	-6	-106	25	-6	-106	313.9	41.6500	-80.4333
USC00365050	LINESVILLE	19950129	25	-28	-150	25	-28	-150	313.9	41.6500	-80.4333
USC00365050	LINESVILLE	19950130	0	17	-150	0	17	-150	313.9	41.6500	-80.4333
USC00365050	LINESVILLE	19950131	0	6	-128	0	6	-128	313.9	41.6500	-80.4333
USC00365050	LINESVILLE	19960101	152	28	-22	152	28	-22	313.9	41.6500	-80.4333
USC00365050	LINESVILLE	19960102	152	28	-39	152	28	-39	313.9	41.6500	-80.4333
USC00365050	LINESVILLE	19960103	610	-39	-100	610	-39	-100	313.9	41.6500	-80.4333
USC00365050	LINESVILLE	19960104	635	-78	-250	635	-78	-250	313.9	41.6500	-80.4333
USC00365050	LINESVILLE	19960105	660	-89	-239	660	-89	-239	313.9	41.6500	-80.4333
USC00365050	LINESVILLE	19960106	610	-94	-233	610	-94	-233	313.9	41.6500	-80.4333
USC00365050	LINESVILLE	19960107	610	-89	-239	610	-89	-239	313.9	41.6500	-80.4333
USC00365050	LINESVILLE	19960108	610	-89	-133	610	-89	-133	313.9	41.6500	-80.4333
USC00365050	LINESVILLE	19960109	457	-67	-139	457	-67	-139	313.9	41.6500	-80.4333
USC00365050	LINESVILLE	19960110	432	-50	-94	432	-50	-94	313.9	41.6500	-80.4333
USC00365050	LINESVILLE	19960111	406	-94	-244	406	-94	-244	313.9	41.6500	-80.4333
USC00365050	LINESVILLE	19960112	406	-72	-206	406	-72	-206	313.9	41.6500	-80.4333
USC00365050	LINESVILLE	19960113	381	-44	-117	381	-44	-117	313.9	41.6500	-80.4333
USC00365050	LINESVILLE	19960114	330	-11	-67	330	-11	-67	313.9	41.6500	-80.4333
USC00365050	LINESVILLE	19960115	279	56	-83	279	56	-83	313.9	41.6500	-80.4333
USC00365050	LINESVILLE	19960116	203	-72	-139	203	-72	-139	313.9	41.6500	-80.4333
USC00365050	LINESVILLE	19960117	127	83	-139	127	83	-139	313.9	41.6500	-80.4333
USC00365050	LINESVILLE	19960118	51	100	56	51	100	56	313.9	41.6500	-80.4333
USC00365050	LINESVILLE	19960119	0	139	-11	0	139	-11	313.9	41.6500	-80.4333
USC00365050	LINESVILLE	19960120	0	-11	-117	0	-11	-117	313.9	41.6500	-80.4333
USC00365050	LINESVILLE	19960121	0	-44	-117	0	-44	-117	313.9	41.6500	-80.4333
USC00365050	LINESVILLE	19960122	0	-6	-44	0	-6	-44	313.9	41.6500	-80.4333
USC00365050	LINESVILLE	19960123	0	44	-39	0	44	-39	313.9	41.6500	-80.4333
USC00365050	LINESVILLE	19960124	0	61	0	0	61	0	313.9	41.6500	-80.4333
USC00365050	LINESVILLE	19960125	25	56	-89	25	56	-89	313.9	41.6500	-80.4333
USC00365050	LINESVILLE	19960126	0	-22	-89	0	-22	-89	313.9	41.6500	-80.4333
USC00365050	LINESVILLE	19960127	25	78	-89	25	78	-89	313.9	41.6500	-80.4333
USC00365050	LINESVILLE	19960128	25	6	-78	25	6	-78	313.9	41.6500	-80.4333
USC00365050	LINESVILLE	19960129	0	-33	-100	0	-33	-100	313.9	41.6500	-80.4333
USC00365050	LINESVILLE	19960130	0	39	-78	0	39	-78	313.9	41.6500	-80.4333
USC00365050	LINESVILLE	19960131	25	-67	-156	25	-67	-156	313.9	41.6500	-80.4333
USC00365050	LINESVILLE	19970101	0	17	-72	0	17	-72	313.9	41.6500	-80.4333
USC00365050	LINESVILLE	19970102	0	50	-50	0	50	-50	313.9	41.6500	-80.4333
USC00365050	LINESVILLE	19970103	0	111	39	0	111	39	313.9	41.6500	-80.4333
USC00365050	LINESVILLE	19970104	0	106	33	0	106	33	313.9	41.6500	-80.4333
USC00365050	LINESVILLE	19970105	0	161	56	0	161	56	313.9	41.6500	-80.4333
USC00365050	LINESVILLE	19970106	0	128	-28	0	128	-28	313.9	41.6500	-80.4333
USC00365050	LINESVILLE	19970107	0	-28	-72	0	-28	-72	313.9	41.6500	-80.4333
USC00365050	LINESVILLE	19970108	51	-61	-72	51	-61	-72	313.9	41.6500	-80.4333
USC00365050	LINESVILLE	19970109	25	-44	-94	25	-44	-94	313.9	41.6500	-80.4333
USC00365050	LINESVILLE	19970110	51	17	-56	51	17	-56	313.9	41.6500	-80.4333
USC00365050	LINESVILLE	19970111	25	-33	-161	25	-33	-161	313.9	41.6500	-80.4333
USC00365050	LINESVILLE	19970112	25	-117	-161	25	-117	-161	313.9	41.6500	-80.4333
USC00365050	LINESVILLE	19970113	25	-122	-161	25	-122	-161	313.9	41.6500	-80.4333
USC00365050	LINESVILLE	19970114	25	-111	-156	25	-111	-156	313.9	41.6500	-80.4333
USC00365050	LINESVILLE	19970115	25	-78	-133	25	-78	-133	313.9	41.6500	-80.4333
USC00365050	LINESVILLE	19970116	0	50	-128	0	50	-128	313.9	41.6500	-80.4333
USC00365050	LINESVILLE	19970117	102	-39	-189	102	-39	-189	313.9	41.6500	-80.4333
USC00365050	LINESVILLE	19970118	76	-156	-194	76	-156	-194	313.9	41.6500	-80.4333
USC00365050	LINESVILLE	19970119	76	-122	-222	76	-122	-222	313.9	41.6500	-80.4333
USC00365050	LINESVILLE	19970120	51	-50	-211	51	-50	-211	313.9	41.6500	-80.4333
USC00365050	LINESVILLE	19970121	76	-11	-172	76	-11	-172	313.9	41.6500	-80.4333
USC00365050	LINESVILLE	19970122	25	72	-172	25	72	-172	313.9	41.6500	-80.4333
USC00365050	LINESVILLE	19970123	0	83	-11	0	83	-11	313.9	41.6500	-80.4333
USC00365050	LINESVILLE	19970124	0	-11	-89	0	-11	-89	313.9	41.6500	-80.4333
USC00365050	LINESVILLE	19970125	51	67	-39	51	67	-39	313.9	41.6500	-80.4333
USC00365050	LINESVILLE	19970126	51	0	-106	51	0	-106	313.9	41.6500	-80.4333
USC00365050	LINESVILLE	19970127	51	-50	-106	51	-50	-106	313.9	41.6500	-80.4333
USC00365050	LINESVILLE	19970128	25	33	-61	25	33	-61	313.9	41.6500	-80.4333
USC00365050	LINESVILLE	19970129	25	-33	-139	25	-33	-139	313.9	41.6500	-80.4333
USC00365050	LINESVILLE	19970130	25	-78	-144	25	-78	-144	313.9	41.6500	-80.4333
USC00365050	LINESVILLE	19970131	0	17	-83	0	17	-83	313.9	41.6500	-80.4333
USC00365050	LINESVILLE	19980101	9999	-83	-122	NA	-83	-122	313.9	41.6500	-80.4333
USC00365050	LINESVILLE	19980102	9999	17	-106	NA	17	-106	313.9	41.6500	-80.4333
USC00365050	LINESVILLE	19980103	9999	89	17	NA	89	17	313.9	41.6500	-80.4333
USC00365050	LINESVILLE	19980104	9999	111	67	NA	111	67	313.9	41.6500	-80.4333
USC00365050	LINESVILLE	19980105	9999	106	78	NA	106	78	313.9	41.6500	-80.4333
USC00365050	LINESVILLE	19980106	0	133	78	0	133	78	313.9	41.6500	-80.4333
USC00365050	LINESVILLE	19980107	0	133	89	0	133	89	313.9	41.6500	-80.4333
USC00365050	LINESVILLE	19980108	0	133	17	0	133	17	313.9	41.6500	-80.4333
USC00365050	LINESVILLE	19980109	0	72	17	0	72	17	313.9	41.6500	-80.4333
USC00365050	LINESVILLE	19980110	0	78	11	0	78	11	313.9	41.6500	-80.4333
USC00365050	LINESVILLE	19980111	0	39	-56	0	39	-56	313.9	41.6500	-80.4333
USC00365050	LINESVILLE	19980112	0	-6	-61	0	-6	-61	313.9	41.6500	-80.4333
USC00365050	LINESVILLE	19980113	25	72	-61	25	72	-61	313.9	41.6500	-80.4333
USC00365050	LINESVILLE	19980114	25	-28	-106	25	-28	-106	313.9	41.6500	-80.4333
USC00365050	LINESVILLE	19980115	0	6	-100	0	6	-100	313.9	41.6500	-80.4333
USC00365050	LINESVILLE	19980116	0	6	-39	0	6	-39	313.9	41.6500	-80.4333
USC00365050	LINESVILLE	19980117	0	-28	-44	0	-28	-44	313.9	41.6500	-80.4333
USC00365050	LINESVILLE	19980118	0	0	-28	0	0	-28	313.9	41.6500	-80.4333
USC00365050	LINESVILLE	19980119	0	-17	-61	0	-17	-61	313.9	41.6500	-80.4333
USC00365050	LINESVILLE	19980120	102	-17	-61	102	-17	-61	313.9	41.6500	-80.4333
USC00365050	LINESVILLE	19980121	51	-17	-94	51	-17	-94	313.9	41.6500	-80.4333
USC00365050	LINESVILLE	19980122	25	-22	-72	25	-22	-72	313.9	41.6500	-80.4333
USC00365050	LINESVILLE	19980123	0	17	-33	0	17	-33	313.9	41.6500	-80.4333
USC00365050	LINESVILLE	19980124	0	28	-39	0	28	-39	313.9	41.6500	-80.4333
USC00365050	LINESVILLE	19980125	0	-11	-33	0	-11	-33	313.9	41.6500	-80.4333
USC00365050	LINESVILLE	19980126	0	-11	-33	0	-11	-33	313.9	41.6500	-80.4333
USC00365050	LINESVILLE	19980127	0	33	-22	0	33	-22	313.9	41.6500	-80.4333
USC00365050	LINESVILLE	19980128	0	56	-33	0	56	-33	313.9	41.6500	-80.4333
USC00365050	LINESVILLE	19980129	0	61	-33	0	61	-33	313.9	41.6500	-80.4333
USC00365050	LINESVILLE	19980130	0	11	-11	0	11	-11	313.9	41.6500	-80.4333
USC00365050	LINESVILLE	19980131	0	11	-22	0	11	-22	313.9	41.6500	-80.4333
USC00365050	LINESVILLE	19990101	102	-78	-111	102	-78	-111	313.9	41.6500	-80.4333
USC00365050	LINESVILLE	19990102	51	-94	-172	51	-94	-172	313.9	41.6500	-80.4333
USC00365050	LINESVILLE	19990103	102	11	-133	102	11	-133	313.9	41.6500	-80.4333
USC00365050	LINESVILLE	19990104	102	-6	-122	102	-6	-122	313.9	41.6500	-80.4333
USC00365050	LINESVILLE	19990105	76	-111	-167	76	-111	-167	313.9	41.6500	-80.4333
USC00365050	LINESVILLE	19990106	76	-111	-178	76	-111	-178	313.9	41.6500	-80.4333
USC00365050	LINESVILLE	19990107	178	-50	-111	178	-50	-111	313.9	41.6500	-80.4333
USC00365050	LINESVILLE	19990108	178	-83	-217	178	-83	-217	313.9	41.6500	-80.4333
USC00365050	LINESVILLE	19990109	279	-39	-117	279	-39	-117	313.9	41.6500	-80.4333
USC00365050	LINESVILLE	19990110	305	-61	-167	305	-61	-167	313.9	41.6500	-80.4333
USC00365050	LINESVILLE	19990111	305	-100	-172	305	-100	-172	313.9	41.6500	-80.4333
USC00365050	LINESVILLE	19990112	254	22	-172	254	22	-172	313.9	41.6500	-80.4333
USC00365050	LINESVILLE	19990113	203	-11	-56	203	-11	-56	313.9	41.6500	-80.4333
USC00365050	LINESVILLE	19990114	279	-56	-128	279	-56	-128	313.9	41.6500	-80.4333
USC00365050	LINESVILLE	19990115	330	-44	-111	330	-44	-111	313.9	41.6500	-80.4333
USC00365050	LINESVILLE	19990116	330	-33	-139	330	-33	-139	313.9	41.6500	-80.4333
USC00365050	LINESVILLE	19990117	305	28	-94	305	28	-94	313.9	41.6500	-80.4333
USC00365050	LINESVILLE	19990118	254	83	-78	254	83	-78	313.9	41.6500	-80.4333
USC00365050	LINESVILLE	19990119	203	72	-22	203	72	-22	313.9	41.6500	-80.4333
USC00365050	LINESVILLE	19990120	203	22	-28	203	22	-28	313.9	41.6500	-80.4333
USC00365050	LINESVILLE	19990121	152	61	-61	152	61	-61	313.9	41.6500	-80.4333
USC00365050	LINESVILLE	19990122	127	56	-44	127	56	-44	313.9	41.6500	-80.4333
USC00365050	LINESVILLE	19990123	102	117	44	102	117	44	313.9	41.6500	-80.4333
USC00365050	LINESVILLE	19990124	51	122	22	51	122	22	313.9	41.6500	-80.4333
USC00365050	LINESVILLE	19990125	25	28	-11	25	28	-11	313.9	41.6500	-80.4333
USC00365050	LINESVILLE	19990126	25	6	-28	25	6	-28	313.9	41.6500	-80.4333
USC00365050	LINESVILLE	19990127	25	11	-50	25	11	-50	313.9	41.6500	-80.4333
USC00365050	LINESVILLE	19990128	0	106	-33	0	106	-33	313.9	41.6500	-80.4333
USC00365050	LINESVILLE	19990129	0	33	-28	0	33	-28	313.9	41.6500	-80.4333
USC00365050	LINESVILLE	19990130	0	-17	-78	0	-17	-78	313.9	41.6500	-80.4333
USC00365050	LINESVILLE	19990131	0	33	-72	0	33	-72	313.9	41.6500	-80.4333
USC00365050	LINESVILLE	20000101	25	22	-67	25	22	-67	313.9	41.6500	-80.4333
USC00365050	LINESVILLE	20000102	0	117	-28	0	117	-28	313.9	41.6500	-80.4333
USC00365050	LINESVILLE	20000103	0	156	61	0	156	61	313.9	41.6500	-80.4333
USC00365050	LINESVILLE	20000104	0	133	56	0	133	56	313.9	41.6500	-80.4333
USC00365050	LINESVILLE	20000105	25	111	-39	25	111	-39	313.9	41.6500	-80.4333
USC00365050	LINESVILLE	20000106	0	-28	-67	0	-28	-67	313.9	41.6500	-80.4333
USC00365050	LINESVILLE	20000107	0	33	-28	0	33	-28	313.9	41.6500	-80.4333
USC00365050	LINESVILLE	20000108	9999	11	-44	NA	11	-44	313.9	41.6500	-80.4333
USC00365050	LINESVILLE	20000109	0	44	-50	0	44	-50	313.9	41.6500	-80.4333
USC00365050	LINESVILLE	20000110	0	67	17	0	67	17	313.9	41.6500	-80.4333
USC00365050	LINESVILLE	20000111	0	94	11	0	94	11	313.9	41.6500	-80.4333
USC00365050	LINESVILLE	20000112	0	39	-17	0	39	-17	313.9	41.6500	-80.4333
USC00365050	LINESVILLE	20000113	9999	22	-28	NA	22	-28	313.9	41.6500	-80.4333
USC00365050	LINESVILLE	20000114	51	-28	-106	51	-28	-106	313.9	41.6500	-80.4333
USC00365050	LINESVILLE	20000115	51	-61	-100	51	-61	-100	313.9	41.6500	-80.4333
USC00365050	LINESVILLE	20000116	25	39	-83	25	39	-83	313.9	41.6500	-80.4333
USC00365050	LINESVILLE	20000117	0	39	-150	0	39	-150	313.9	41.6500	-80.4333
USC00365050	LINESVILLE	20000118	0	-106	-150	0	-106	-150	313.9	41.6500	-80.4333
USC00365050	LINESVILLE	20000119	51	-56	-117	51	-56	-117	313.9	41.6500	-80.4333
USC00365050	LINESVILLE	20000120	76	-39	-67	76	-39	-67	313.9	41.6500	-80.4333
USC00365050	LINESVILLE	20000121	127	-39	-161	127	-39	-161	313.9	41.6500	-80.4333
USC00365050	LINESVILLE	20000122	102	-100	-167	102	-100	-167	313.9	41.6500	-80.4333
USC00365050	LINESVILLE	20000123	76	-83	-167	76	-83	-167	313.9	41.6500	-80.4333
USC00365050	LINESVILLE	20000124	76	-22	-106	76	-22	-106	313.9	41.6500	-80.4333
USC00365050	LINESVILLE	20000125	51	-56	-183	51	-56	-183	313.9	41.6500	-80.4333
USC00365050	LINESVILLE	20000126	76	-67	-128	76	-67	-128	313.9	41.6500	-80.4333
USC00365050	LINESVILLE	20000127	76	-61	-156	76	-61	-156	313.9	41.6500	-80.4333
USC00365050	LINESVILLE	20000128	76	-78	-156	76	-78	-156	313.9	41.6500	-80.4333
USC00365050	LINESVILLE	20000129	76	-39	-144	76	-39	-144	313.9	41.6500	-80.4333
USC00365050	LINESVILLE	20000130	51	22	-122	51	22	-122	313.9	41.6500	-80.4333
USC00365050	LINESVILLE	20000131	76	17	-78	76	17	-78	313.9	41.6500	-80.4333
USC00365050	LINESVILLE	20010101	152	-56	-89	152	-56	-89	313.9	41.6500	-80.4333
USC00365050	LINESVILLE	20010102	203	-39	-122	203	-39	-122	313.9	41.6500	-80.4333
USC00365050	LINESVILLE	20010103	203	-67	-167	203	-67	-167	313.9	41.6500	-80.4333
USC00365050	LINESVILLE	20010104	203	-61	-172	203	-61	-172	313.9	41.6500	-80.4333
USC00365050	LINESVILLE	20010105	254	-28	-61	254	-28	-61	313.9	41.6500	-80.4333
USC00365050	LINESVILLE	20010106	9999	0	-44	NA	0	-44	313.9	41.6500	-80.4333
USC00365050	LINESVILLE	20010107	254	-6	-44	254	-6	-44	313.9	41.6500	-80.4333
USC00365050	LINESVILLE	20010108	203	22	-22	203	22	-22	313.9	41.6500	-80.4333
USC00365050	LINESVILLE	20010109	203	-22	-139	203	-22	-139	313.9	41.6500	-80.4333
USC00365050	LINESVILLE	20010110	203	-67	-128	203	-67	-128	313.9	41.6500	-80.4333
USC00365050	LINESVILLE	20010111	152	28	-94	152	28	-94	313.9	41.6500	-80.4333
USC00365050	LINESVILLE	20010112	152	28	-111	152	28	-111	313.9	41.6500	-80.4333
USC00365050	LINESVILLE	20010113	102	67	-106	102	67	-106	313.9	41.6500	-80.4333
USC00365050	LINESVILLE	20010114	76	50	-22	76	50	-22	313.9	41.6500	-80.4333
USC00365050	LINESVILLE	20010115	76	50	0	76	50	0	313.9	41.6500	-80.4333
USC00365050	LINESVILLE	20010116	51	56	0	51	56	0	313.9	41.6500	-80.4333
USC00365050	LINESVILLE	20010117	25	0	-22	25	0	-22	313.9	41.6500	-80.4333
USC00365050	LINESVILLE	20010118	25	-11	-33	25	-11	-33	313.9	41.6500	-80.4333
USC00365050	LINESVILLE	20010119	25	33	-17	25	33	-17	313.9	41.6500	-80.4333
USC00365050	LINESVILLE	20010120	25	-11	-78	25	-11	-78	313.9	41.6500	-80.4333
USC00365050	LINESVILLE	20010121	25	-50	-106	25	-50	-106	313.9	41.6500	-80.4333
USC00365050	LINESVILLE	20010122	25	-33	-78	25	-33	-78	313.9	41.6500	-80.4333
USC00365050	LINESVILLE	20010123	25	-22	-83	25	-22	-83	313.9	41.6500	-80.4333
USC00365050	LINESVILLE	20010124	25	33	-78	25	33	-78	313.9	41.6500	-80.4333
USC00365050	LINESVILLE	20010125	25	-17	-78	25	-17	-78	313.9	41.6500	-80.4333
USC00365050	LINESVILLE	20010126	25	-56	-106	25	-56	-106	313.9	41.6500	-80.4333
USC00365050	LINESVILLE	20010127	76	-11	-106	76	-11	-106	313.9	41.6500	-80.4333
USC00365050	LINESVILLE	20010128	76	-22	-100	76	-22	-100	313.9	41.6500	-80.4333
USC00365050	LINESVILLE	20010129	51	-50	-122	51	-50	-122	313.9	41.6500	-80.4333
USC00365050	LINESVILLE	20010130	25	50	-100	25	50	-100	313.9	41.6500	-80.4333
USC00365050	LINESVILLE	20010131	0	72	6	0	72	6	313.9	41.6500	-80.4333
USC00365050	LINESVILLE	20020101	25	-72	-106	25	-72	-106	313.9	41.6500	-80.4333
USC00365050	LINESVILLE	20020102	76	-44	-111	76	-44	-111	313.9	41.6500	-80.4333
USC00365050	LINESVILLE	20020103	51	-33	-128	51	-33	-128	313.9	41.6500	-80.4333
USC00365050	LINESVILLE	20020104	51	-28	-78	51	-28	-78	313.9	41.6500	-80.4333
USC00365050	LINESVILLE	20020105	25	28	-50	25	28	-50	313.9	41.6500	-80.4333
USC00365050	LINESVILLE	20020106	0	-6	-61	0	-6	-61	313.9	41.6500	-80.4333
USC00365050	LINESVILLE	20020107	102	28	-50	102	28	-50	313.9	41.6500	-80.4333
USC00365050	LINESVILLE	20020108	102	-28	-89	102	-28	-89	313.9	41.6500	-80.4333
USC00365050	LINESVILLE	20020109	76	11	-61	76	11	-61	313.9	41.6500	-80.4333
USC00365050	LINESVILLE	20020110	51	44	-11	51	44	-11	313.9	41.6500	-80.4333
USC00365050	LINESVILLE	20020111	25	67	6	25	67	6	313.9	41.6500	-80.4333
USC00365050	LINESVILLE	20020112	25	17	-22	25	17	-22	313.9	41.6500	-80.4333
USC00365050	LINESVILLE	20020113	25	44	-22	25	44	-22	313.9	41.6500	-80.4333
USC00365050	LINESVILLE	20020114	25	17	-50	25	17	-50	313.9	41.6500	-80.4333
USC00365050	LINESVILLE	20020115	0	56	-28	0	56	-28	313.9	41.6500	-80.4333
USC00365050	LINESVILLE	20020116	25	11	-28	25	11	-28	313.9	41.6500	-80.4333
USC00365050	LINESVILLE	20020117	0	17	-33	0	17	-33	313.9	41.6500	-80.4333
USC00365050	LINESVILLE	20020118	0	11	-61	0	11	-61	313.9	41.6500	-80.4333
USC00365050	LINESVILLE	20020119	25	-33	-94	25	-33	-94	313.9	41.6500	-80.4333
USC00365050	LINESVILLE	20020120	25	-28	-128	25	-28	-128	313.9	41.6500	-80.4333
USC00365050	LINESVILLE	20020121	25	-6	-100	25	-6	-100	313.9	41.6500	-80.4333
USC00365050	LINESVILLE	20020122	25	17	-56	25	17	-56	313.9	41.6500	-80.4333
USC00365050	LINESVILLE	20020123	0	89	-56	0	89	-56	313.9	41.6500	-80.4333
USC00365050	LINESVILLE	20020124	0	83	39	0	83	39	313.9	41.6500	-80.4333
USC00365050	LINESVILLE	20020125	0	78	-39	0	78	-39	313.9	41.6500	-80.4333
USC00365050	LINESVILLE	20020126	0	89	-39	0	89	-39	313.9	41.6500	-80.4333
USC00365050	LINESVILLE	20020127	0	128	-28	0	128	-28	313.9	41.6500	-80.4333
USC00365050	LINESVILLE	20020128	0	139	-28	0	139	-28	313.9	41.6500	-80.4333
USC00365050	LINESVILLE	20020129	0	156	0	0	156	0	313.9	41.6500	-80.4333
USC00365050	LINESVILLE	20020130	0	144	33	0	144	33	313.9	41.6500	-80.4333
USC00365050	LINESVILLE	20020131	0	33	0	0	33	0	313.9	41.6500	-80.4333
USC00365050	LINESVILLE	20030101	0	9999	9999	0	NA	NA	313.9	41.6500	-80.4333
USC00365050	LINESVILLE	20030102	0	94	-50	0	94	-50	313.9	41.6500	-80.4333
USC00365050	LINESVILLE	20030103	0	-6	-50	0	-6	-50	313.9	41.6500	-80.4333
USC00365050	LINESVILLE	20030106	51	0	-44	51	0	-44	313.9	41.6500	-80.4333
USC00365050	LINESVILLE	20030107	102	-17	-94	102	-17	-94	313.9	41.6500	-80.4333
USC00365050	LINESVILLE	20030108	51	11	-94	51	11	-94	313.9	41.6500	-80.4333
USC00365050	LINESVILLE	20030109	25	61	6	25	61	6	313.9	41.6500	-80.4333
USC00365050	LINESVILLE	20030110	25	67	-56	25	67	-56	313.9	41.6500	-80.4333
USC00365050	LINESVILLE	20030113	76	-39	-94	76	-39	-94	313.9	41.6500	-80.4333
USC00365050	LINESVILLE	20030114	51	-33	-83	51	-33	-83	313.9	41.6500	-80.4333
USC00365050	LINESVILLE	20030115	102	-72	-106	102	-72	-106	313.9	41.6500	-80.4333
USC00365050	LINESVILLE	20030116	102	-83	-144	102	-83	-144	313.9	41.6500	-80.4333
USC00365050	LINESVILLE	20030117	102	-78	-117	102	-78	-117	313.9	41.6500	-80.4333
USC00365050	LINESVILLE	20030121	178	-61	-194	178	-61	-194	313.9	41.6500	-80.4333
USC00365050	LINESVILLE	20030122	152	-94	-200	152	-94	-200	313.9	41.6500	-80.4333
USC00365050	LINESVILLE	20030123	127	-117	-261	127	-117	-261	313.9	41.6500	-80.4333
USC00365050	LINESVILLE	20030124	178	-111	-261	178	-111	-261	313.9	41.6500	-80.4333
USC00365050	LINESVILLE	20030127	203	-44	-244	203	-44	-244	313.9	41.6500	-80.4333
USC00365050	LINESVILLE	20030128	203	-106	-250	203	-106	-250	313.9	41.6500	-80.4333
USC00365050	LINESVILLE	20030129	203	-28	-106	203	-28	-106	313.9	41.6500	-80.4333
USC00365050	LINESVILLE	20030130	203	-33	-200	203	-33	-200	313.9	41.6500	-80.4333
USC00365050	LINESVILLE	20030131	127	-11	-217	127	-11	-217	313.9	41.6500	-80.4333
USC00365050	LINESVILLE	20040101	0	72	-50	0	72	-50	313.9	41.6500	-80.4333
USC00365050	LINESVILLE	20040102	0	72	-56	0	72	-56	313.9	41.6500	-80.4333
USC00365050	LINESVILLE	20040103	0	133	56	0	133	56	313.9	41.6500	-80.4333
USC00365050	LINESVILLE	20040104	0	150	0	0	150	0	313.9	41.6500	-80.4333
USC00365050	LINESVILLE	20040105	0	17	-6	0	17	-6	313.9	41.6500	-80.4333
USC00365050	LINESVILLE	20040106	9999	0	-56	NA	0	-56	313.9	41.6500	-80.4333
USC00365050	LINESVILLE	20040107	25	-56	-128	25	-56	-128	313.9	41.6500	-80.4333
USC00365050	LINESVILLE	20040108	51	-72	-111	51	-72	-111	313.9	41.6500	-80.4333
USC00365050	LINESVILLE	20040109	51	-39	-117	51	-39	-117	313.9	41.6500	-80.4333
USC00365050	LINESVILLE	20040110	51	-100	-189	51	-100	-189	313.9	41.6500	-80.4333
USC00365050	LINESVILLE	20040111	25	-83	-194	25	-83	-194	313.9	41.6500	-80.4333
USC00365050	LINESVILLE	20040112	25	11	-83	25	11	-83	313.9	41.6500	-80.4333
USC00365050	LINESVILLE	20040113	25	11	-11	25	11	-11	313.9	41.6500	-80.4333
USC00365050	LINESVILLE	20040114	51	-6	-117	51	-6	-117	313.9	41.6500	-80.4333
USC00365050	LINESVILLE	20040115	152	-72	-117	152	-72	-117	313.9	41.6500	-80.4333
USC00365050	LINESVILLE	20040116	203	-94	-217	203	-94	-217	313.9	41.6500	-80.4333
USC00365050	LINESVILLE	20040117	203	-94	-222	203	-94	-222	313.9	41.6500	-80.4333
USC00365050	LINESVILLE	20040118	203	-6	-167	203	-6	-167	313.9	41.6500	-80.4333
USC00365050	LINESVILLE	20040119	203	-22	-100	203	-22	-100	313.9	41.6500	-80.4333
USC00365050	LINESVILLE	20040120	254	-83	-106	254	-83	-106	313.9	41.6500	-80.4333
USC00365050	LINESVILLE	20040121	305	-83	-150	305	-83	-150	313.9	41.6500	-80.4333
USC00365050	LINESVILLE	20040122	203	-6	-156	203	-6	-156	313.9	41.6500	-80.4333
USC00365050	LINESVILLE	20040123	279	-44	-178	279	-44	-178	313.9	41.6500	-80.4333
USC00365050	LINESVILLE	20040124	203	-122	-167	203	-122	-167	313.9	41.6500	-80.4333
USC00365050	LINESVILLE	20040125	203	-94	-261	203	-94	-261	313.9	41.6500	-80.4333
USC00365050	LINESVILLE	20040126	152	-94	-250	152	-94	-250	313.9	41.6500	-80.4333
USC00365050	LINESVILLE	20040127	152	-22	-94	152	-22	-94	313.9	41.6500	-80.4333
USC00365050	LINESVILLE	20040128	203	-6	-94	203	-6	-94	313.9	41.6500	-80.4333
USC00365050	LINESVILLE	20040129	279	-72	-122	279	-72	-122	313.9	41.6500	-80.4333
USC00365050	LINESVILLE	20040130	279	-111	-161	279	-111	-161	313.9	41.6500	-80.4333
USC00365050	LINESVILLE	20040131	279	-117	-156	279	-117	-156	313.9	41.6500	-80.4333
USC00365050	LINESVILLE	20050101	0	111	6	0	111	6	313.9	41.6500	-80.4333
USC00365050	LINESVILLE	20050102	0	89	-6	0	89	-6	313.9	41.6500	-80.4333
USC00365050	LINESVILLE	20050103	0	139	39	0	139	39	313.9	41.6500	-80.4333
USC00365050	LINESVILLE	20050104	0	50	22	0	50	22	313.9	41.6500	-80.4333
USC00365050	LINESVILLE	20050105	25	28	-11	25	28	-11	313.9	41.6500	-80.4333
USC00365050	LINESVILLE	20050106	51	6	-22	51	6	-22	313.9	41.6500	-80.4333
USC00365050	LINESVILLE	20050107	25	44	-33	25	44	-33	313.9	41.6500	-80.4333
USC00365050	LINESVILLE	20050108	51	6	-33	51	6	-33	313.9	41.6500	-80.4333
USC00365050	LINESVILLE	20050109	51	-6	-33	51	-6	-33	313.9	41.6500	-80.4333
USC00365050	LINESVILLE	20050110	51	33	-11	51	33	-11	313.9	41.6500	-80.4333
USC00365050	LINESVILLE	20050111	25	11	-11	25	11	-11	313.9	41.6500	-80.4333
USC00365050	LINESVILLE	20050112	0	78	-11	0	78	-11	313.9	41.6500	-80.4333
USC00365050	LINESVILLE	20050113	0	150	0	0	150	0	313.9	41.6500	-80.4333
USC00365050	LINESVILLE	20050114	25	194	-22	25	194	-22	313.9	41.6500	-80.4333
USC00365050	LINESVILLE	20050115	25	-28	-83	25	-28	-83	313.9	41.6500	-80.4333
USC00365050	LINESVILLE	20050116	25	-50	-83	25	-50	-83	313.9	41.6500	-80.4333
USC00365050	LINESVILLE	20050117	102	-67	-128	102	-67	-128	313.9	41.6500	-80.4333
USC00365050	LINESVILLE	20050118	152	-111	-161	152	-111	-161	313.9	41.6500	-80.4333
USC00365050	LINESVILLE	20050119	152	-89	-161	152	-89	-161	313.9	41.6500	-80.4333
USC00365050	LINESVILLE	20050120	178	-28	-89	178	-28	-89	313.9	41.6500	-80.4333
USC00365050	LINESVILLE	20050121	152	-72	-178	152	-72	-178	313.9	41.6500	-80.4333
USC00365050	LINESVILLE	20050122	152	-94	-178	152	-94	-178	313.9	41.6500	-80.4333
USC00365050	LINESVILLE	20050123	203	-78	-161	203	-78	-161	313.9	41.6500	-80.4333
USC00365050	LINESVILLE	20050124	152	-128	-239	152	-128	-239	313.9	41.6500	-80.4333
USC00365050	LINESVILLE	20050125	152	-50	-183	152	-50	-183	313.9	41.6500	-80.4333
USC00365050	LINESVILLE	20050126	127	28	-56	127	28	-56	313.9	41.6500	-80.4333
USC00365050	LINESVILLE	20050127	127	-11	-217	127	-11	-217	313.9	41.6500	-80.4333
USC00365050	LINESVILLE	20050128	127	-94	-244	127	-94	-244	313.9	41.6500	-80.4333
USC00365050	LINESVILLE	20050129	127	-22	-228	127	-22	-228	313.9	41.6500	-80.4333
USC00365050	LINESVILLE	20050130	102	0	-94	102	0	-94	313.9	41.6500	-80.4333
USC00365050	LINESVILLE	20050131	76	11	-144	76	11	-144	313.9	41.6500	-80.4333
