STATION	NAME	DATE	SNWD	TMAX	TMIN	SNWD2	TMAX2	TMIN2	ELEV	LAT	LONG
USC00304808	LITTLEVALLEY	19950101	0	44	-22	0	44	-22	495.3	42.247	-78.812
USC00304808	LITTLEVALLEY	19950102	51	28	-83	51	28	-83	495.3	42.247	-78.812
USC00304808	LITTLEVALLEY	19950103	76	-72	-100	76	-72	-100	495.3	42.247	-78.812
USC00304808	LITTLEVALLEY	19950104	51	-50	-139	51	-50	-139	495.3	42.247	-78.812
USC00304808	LITTLEVALLEY	19950105	152	-117	-161	152	-117	-161	495.3	42.247	-78.812
USC00304808	LITTLEVALLEY	19950106	152	-94	-161	152	-94	-161	495.3	42.247	-78.812
USC00304808	LITTLEVALLEY	19950107	152	6	-106	152	6	-106	495.3	42.247	-78.812
USC00304808	LITTLEVALLEY	19950108	152	-39	-83	152	-39	-83	495.3	42.247	-78.812
USC00304808	LITTLEVALLEY	19950109	152	-50	-78	152	-50	-78	495.3	42.247	-78.812
USC00304808	LITTLEVALLEY	19950110	152	-67	-139	152	-67	-139	495.3	42.247	-78.812
USC00304808	LITTLEVALLEY	19950111	152	-56	-139	152	-56	-139	495.3	42.247	-78.812
USC00304808	LITTLEVALLEY	19950112	127	28	-56	127	28	-56	495.3	42.247	-78.812
USC00304808	LITTLEVALLEY	19950113	0	133	28	0	133	28	495.3	42.247	-78.812
USC00304808	LITTLEVALLEY	19950114	0	156	17	0	156	17	495.3	42.247	-78.812
USC00304808	LITTLEVALLEY	19950115	0	167	100	0	167	100	495.3	42.247	-78.812
USC00304808	LITTLEVALLEY	19950116	0	161	17	0	161	17	495.3	42.247	-78.812
USC00304808	LITTLEVALLEY	19950117	0	17	-11	0	17	-11	495.3	42.247	-78.812
USC00304808	LITTLEVALLEY	19950118	0	22	-11	0	22	-11	495.3	42.247	-78.812
USC00304808	LITTLEVALLEY	19950119	0	117	22	0	117	22	495.3	42.247	-78.812
USC00304808	LITTLEVALLEY	19950120	0	83	33	0	83	33	495.3	42.247	-78.812
USC00304808	LITTLEVALLEY	19950121	0	67	0	0	67	0	495.3	42.247	-78.812
USC00304808	LITTLEVALLEY	19950122	102	0	-67	102	0	-67	495.3	42.247	-78.812
USC00304808	LITTLEVALLEY	19950123	102	-50	-78	102	-50	-78	495.3	42.247	-78.812
USC00304808	LITTLEVALLEY	19950124	102	-39	-72	102	-39	-72	495.3	42.247	-78.812
USC00304808	LITTLEVALLEY	19950125	178	-17	-50	178	-17	-50	495.3	42.247	-78.812
USC00304808	LITTLEVALLEY	19950126	254	-33	-61	254	-33	-61	495.3	42.247	-78.812
USC00304808	LITTLEVALLEY	19950127	279	-39	-67	279	-39	-67	495.3	42.247	-78.812
USC00304808	LITTLEVALLEY	19950128	279	-28	-167	279	-28	-167	495.3	42.247	-78.812
USC00304808	LITTLEVALLEY	19950129	254	-56	-200	254	-56	-200	495.3	42.247	-78.812
USC00304808	LITTLEVALLEY	19950130	229	6	-189	229	6	-189	495.3	42.247	-78.812
USC00304808	LITTLEVALLEY	19950131	178	0	-194	178	0	-194	495.3	42.247	-78.812
USC00304808	LITTLEVALLEY	19960101	305	28	-72	305	28	-72	495.3	42.247	-78.812
USC00304808	LITTLEVALLEY	19960102	305	28	-72	305	28	-72	495.3	42.247	-78.812
USC00304808	LITTLEVALLEY	19960103	610	-67	-117	610	-67	-117	495.3	42.247	-78.812
USC00304808	LITTLEVALLEY	19960104	660	-100	-256	660	-100	-256	495.3	42.247	-78.812
USC00304808	LITTLEVALLEY	19960105	635	-100	-233	635	-100	-233	495.3	42.247	-78.812
USC00304808	LITTLEVALLEY	19960106	635	-94	-317	635	-94	-317	495.3	42.247	-78.812
USC00304808	LITTLEVALLEY	19960107	635	-100	-322	635	-100	-322	495.3	42.247	-78.812
USC00304808	LITTLEVALLEY	19960108	584	-128	-161	584	-128	-161	495.3	42.247	-78.812
USC00304808	LITTLEVALLEY	19960109	533	-83	-161	533	-83	-161	495.3	42.247	-78.812
USC00304808	LITTLEVALLEY	19960110	584	-67	-111	584	-67	-111	495.3	42.247	-78.812
USC00304808	LITTLEVALLEY	19960111	559	-106	-256	559	-106	-256	495.3	42.247	-78.812
USC00304808	LITTLEVALLEY	19960112	533	-83	-211	533	-83	-211	495.3	42.247	-78.812
USC00304808	LITTLEVALLEY	19960113	508	-56	-100	508	-56	-100	495.3	42.247	-78.812
USC00304808	LITTLEVALLEY	19960114	508	-28	-89	508	-28	-89	495.3	42.247	-78.812
USC00304808	LITTLEVALLEY	19960115	457	39	-106	457	39	-106	495.3	42.247	-78.812
USC00304808	LITTLEVALLEY	19960116	457	-89	-183	457	-89	-183	495.3	42.247	-78.812
USC00304808	LITTLEVALLEY	19960117	406	72	-94	406	72	-94	495.3	42.247	-78.812
USC00304808	LITTLEVALLEY	19960118	305	89	6	305	89	6	495.3	42.247	-78.812
USC00304808	LITTLEVALLEY	19960119	0	133	72	0	133	72	495.3	42.247	-78.812
USC00304808	LITTLEVALLEY	19960120	102	72	-117	102	72	-117	495.3	42.247	-78.812
USC00304808	LITTLEVALLEY	19960121	102	-67	-144	102	-67	-144	495.3	42.247	-78.812
USC00304808	LITTLEVALLEY	19960122	51	6	-106	51	6	-106	495.3	42.247	-78.812
USC00304808	LITTLEVALLEY	19960123	25	50	-83	25	50	-83	495.3	42.247	-78.812
USC00304808	LITTLEVALLEY	19960124	0	56	0	0	56	0	495.3	42.247	-78.812
USC00304808	LITTLEVALLEY	19960125	76	67	-100	76	67	-100	495.3	42.247	-78.812
USC00304808	LITTLEVALLEY	19960126	25	-50	-106	25	-50	-106	495.3	42.247	-78.812
USC00304808	LITTLEVALLEY	19960127	9999	67	-56	NA	67	-56	495.3	42.247	-78.812
USC00304808	LITTLEVALLEY	19960128	102	83	-83	102	83	-83	495.3	42.247	-78.812
USC00304808	LITTLEVALLEY	19960129	102	-56	-156	102	-56	-156	495.3	42.247	-78.812
USC00304808	LITTLEVALLEY	19960130	76	17	-78	76	17	-78	495.3	42.247	-78.812
USC00304808	LITTLEVALLEY	19960131	102	-56	-161	102	-56	-161	495.3	42.247	-78.812
USC00304808	LITTLEVALLEY	19970101	0	-11	-122	0	-11	-122	495.3	42.247	-78.812
USC00304808	LITTLEVALLEY	19970102	0	28	-106	0	28	-106	495.3	42.247	-78.812
USC00304808	LITTLEVALLEY	19970103	0	106	11	0	106	11	495.3	42.247	-78.812
USC00304808	LITTLEVALLEY	19970104	0	100	11	0	100	11	495.3	42.247	-78.812
USC00304808	LITTLEVALLEY	19970105	0	144	11	0	144	11	495.3	42.247	-78.812
USC00304808	LITTLEVALLEY	19970106	25	139	-44	25	139	-44	495.3	42.247	-78.812
USC00304808	LITTLEVALLEY	19970107	127	-39	-83	127	-39	-83	495.3	42.247	-78.812
USC00304808	LITTLEVALLEY	19970108	305	-72	-89	305	-72	-89	495.3	42.247	-78.812
USC00304808	LITTLEVALLEY	19970109	305	-56	-133	305	-56	-133	495.3	42.247	-78.812
USC00304808	LITTLEVALLEY	19970110	9999	-6	-89	NA	-6	-89	495.3	42.247	-78.812
USC00304808	LITTLEVALLEY	19970111	102	-39	-150	102	-39	-150	495.3	42.247	-78.812
USC00304808	LITTLEVALLEY	19970112	102	-117	-156	102	-117	-156	495.3	42.247	-78.812
USC00304808	LITTLEVALLEY	19970113	102	-111	-150	102	-111	-150	495.3	42.247	-78.812
USC00304808	LITTLEVALLEY	19970114	102	-94	-133	102	-94	-133	495.3	42.247	-78.812
USC00304808	LITTLEVALLEY	19970115	76	-72	-172	76	-72	-172	495.3	42.247	-78.812
USC00304808	LITTLEVALLEY	19970116	76	33	-167	76	33	-167	495.3	42.247	-78.812
USC00304808	LITTLEVALLEY	19970117	178	-33	-178	178	-33	-178	495.3	42.247	-78.812
USC00304808	LITTLEVALLEY	19970118	178	-167	-194	178	-167	-194	495.3	42.247	-78.812
USC00304808	LITTLEVALLEY	19970119	229	-167	-267	229	-167	-267	495.3	42.247	-78.812
USC00304808	LITTLEVALLEY	19970120	229	-67	-272	229	-67	-272	495.3	42.247	-78.812
USC00304808	LITTLEVALLEY	19970121	254	-33	-111	254	-33	-111	495.3	42.247	-78.812
USC00304808	LITTLEVALLEY	19970122	203	78	-122	203	78	-122	495.3	42.247	-78.812
USC00304808	LITTLEVALLEY	19970123	51	72	-6	51	72	-6	495.3	42.247	-78.812
USC00304808	LITTLEVALLEY	19970124	51	-6	-117	51	-6	-117	495.3	42.247	-78.812
USC00304808	LITTLEVALLEY	19970125	25	56	-94	25	56	-94	495.3	42.247	-78.812
USC00304808	LITTLEVALLEY	19970126	178	33	-111	178	33	-111	495.3	42.247	-78.812
USC00304808	LITTLEVALLEY	19970127	178	-89	-161	178	-89	-161	495.3	42.247	-78.812
USC00304808	LITTLEVALLEY	19970128	178	11	-89	178	11	-89	495.3	42.247	-78.812
USC00304808	LITTLEVALLEY	19970129	178	-67	-178	178	-67	-178	495.3	42.247	-78.812
USC00304808	LITTLEVALLEY	19970130	178	-94	-189	178	-94	-189	495.3	42.247	-78.812
USC00304808	LITTLEVALLEY	19970131	127	-6	-117	127	-6	-117	495.3	42.247	-78.812
USC00304808	LITTLEVALLEY	19980101	305	-111	-139	305	-111	-139	495.3	42.247	-78.812
USC00304808	LITTLEVALLEY	19980102	229	17	-111	229	17	-111	495.3	42.247	-78.812
USC00304808	LITTLEVALLEY	19980103	127	72	17	127	72	17	495.3	42.247	-78.812
USC00304808	LITTLEVALLEY	19980104	51	89	33	51	89	33	495.3	42.247	-78.812
USC00304808	LITTLEVALLEY	19980105	0	67	28	0	67	28	495.3	42.247	-78.812
USC00304808	LITTLEVALLEY	19980106	0	128	28	0	128	28	495.3	42.247	-78.812
USC00304808	LITTLEVALLEY	19980107	0	122	67	0	122	67	495.3	42.247	-78.812
USC00304808	LITTLEVALLEY	19980108	0	128	11	0	128	11	495.3	42.247	-78.812
USC00304808	LITTLEVALLEY	19980109	0	78	11	0	78	11	495.3	42.247	-78.812
USC00304808	LITTLEVALLEY	19980110	0	72	-6	0	72	-6	495.3	42.247	-78.812
USC00304808	LITTLEVALLEY	19980111	0	28	-56	0	28	-56	495.3	42.247	-78.812
USC00304808	LITTLEVALLEY	19980112	0	-22	-78	0	-22	-78	495.3	42.247	-78.812
USC00304808	LITTLEVALLEY	19980113	25	56	-72	25	56	-72	495.3	42.247	-78.812
USC00304808	LITTLEVALLEY	19980114	25	-6	-128	25	-6	-128	495.3	42.247	-78.812
USC00304808	LITTLEVALLEY	19980115	25	-33	-144	25	-33	-144	495.3	42.247	-78.812
USC00304808	LITTLEVALLEY	19980116	25	0	-44	25	0	-44	495.3	42.247	-78.812
USC00304808	LITTLEVALLEY	19980117	25	-39	-56	25	-39	-56	495.3	42.247	-78.812
USC00304808	LITTLEVALLEY	19980118	25	-11	-44	25	-11	-44	495.3	42.247	-78.812
USC00304808	LITTLEVALLEY	19980119	51	-11	-139	51	-11	-139	495.3	42.247	-78.812
USC00304808	LITTLEVALLEY	19980120	127	-22	-144	127	-22	-144	495.3	42.247	-78.812
USC00304808	LITTLEVALLEY	19980121	178	-22	-89	178	-22	-89	495.3	42.247	-78.812
USC00304808	LITTLEVALLEY	19980122	127	-39	-83	127	-39	-83	495.3	42.247	-78.812
USC00304808	LITTLEVALLEY	19980123	152	-6	-67	152	-6	-67	495.3	42.247	-78.812
USC00304808	LITTLEVALLEY	19980124	76	28	-33	76	28	-33	495.3	42.247	-78.812
USC00304808	LITTLEVALLEY	19980125	127	-17	-56	127	-17	-56	495.3	42.247	-78.812
USC00304808	LITTLEVALLEY	19980126	127	-28	-50	127	-28	-50	495.3	42.247	-78.812
USC00304808	LITTLEVALLEY	19980127	102	0	-61	102	0	-61	495.3	42.247	-78.812
USC00304808	LITTLEVALLEY	19980128	76	28	-44	76	28	-44	495.3	42.247	-78.812
USC00304808	LITTLEVALLEY	19980129	76	50	-50	76	50	-50	495.3	42.247	-78.812
USC00304808	LITTLEVALLEY	19980130	51	72	-28	51	72	-28	495.3	42.247	-78.812
USC00304808	LITTLEVALLEY	19980131	76	-11	-50	76	-11	-50	495.3	42.247	-78.812
USC00304808	LITTLEVALLEY	19990101	178	-89	-122	178	-89	-122	495.3	42.247	-78.812
USC00304808	LITTLEVALLEY	19990102	102	-117	-244	102	-117	-244	495.3	42.247	-78.812
USC00304808	LITTLEVALLEY	19990103	127	6	-200	127	6	-200	495.3	42.247	-78.812
USC00304808	LITTLEVALLEY	19990104	127	22	-128	127	22	-128	495.3	42.247	-78.812
USC00304808	LITTLEVALLEY	19990105	127	-100	-156	127	-100	-156	495.3	42.247	-78.812
USC00304808	LITTLEVALLEY	19990106	102	-106	-172	102	-106	-172	495.3	42.247	-78.812
USC00304808	LITTLEVALLEY	19990107	203	-44	-128	203	-44	-128	495.3	42.247	-78.812
USC00304808	LITTLEVALLEY	19990108	203	-94	-194	203	-94	-194	495.3	42.247	-78.812
USC00304808	LITTLEVALLEY	19990109	279	-17	-161	279	-17	-161	495.3	42.247	-78.812
USC00304808	LITTLEVALLEY	19990110	381	-17	-161	381	-17	-161	495.3	42.247	-78.812
USC00304808	LITTLEVALLEY	19990111	381	-94	-144	381	-94	-144	495.3	42.247	-78.812
USC00304808	LITTLEVALLEY	19990112	457	0	-150	457	0	-150	495.3	42.247	-78.812
USC00304808	LITTLEVALLEY	19990113	559	0	-78	559	0	-78	495.3	42.247	-78.812
USC00304808	LITTLEVALLEY	19990114	406	-78	-183	406	-78	-183	495.3	42.247	-78.812
USC00304808	LITTLEVALLEY	19990115	483	-39	-172	483	-39	-172	495.3	42.247	-78.812
USC00304808	LITTLEVALLEY	19990116	483	-44	-122	483	-44	-122	495.3	42.247	-78.812
USC00304808	LITTLEVALLEY	19990117	356	17	-72	356	17	-72	495.3	42.247	-78.812
USC00304808	LITTLEVALLEY	19990118	279	67	-89	279	67	-89	495.3	42.247	-78.812
USC00304808	LITTLEVALLEY	19990119	406	78	-22	406	78	-22	495.3	42.247	-78.812
USC00304808	LITTLEVALLEY	19990120	381	-22	-111	381	-22	-111	495.3	42.247	-78.812
USC00304808	LITTLEVALLEY	19990121	356	33	-100	356	33	-100	495.3	42.247	-78.812
USC00304808	LITTLEVALLEY	19990122	330	39	-78	330	39	-78	495.3	42.247	-78.812
USC00304808	LITTLEVALLEY	19990123	254	100	39	254	100	39	495.3	42.247	-78.812
USC00304808	LITTLEVALLEY	19990124	0	139	11	0	139	11	495.3	42.247	-78.812
USC00304808	LITTLEVALLEY	19990125	0	17	-28	0	17	-28	495.3	42.247	-78.812
USC00304808	LITTLEVALLEY	19990126	76	-11	-33	76	-11	-33	495.3	42.247	-78.812
USC00304808	LITTLEVALLEY	19990127	51	-22	-128	51	-22	-128	495.3	42.247	-78.812
USC00304808	LITTLEVALLEY	19990128	0	83	-89	0	83	-89	495.3	42.247	-78.812
USC00304808	LITTLEVALLEY	19990129	0	17	-72	0	17	-72	495.3	42.247	-78.812
USC00304808	LITTLEVALLEY	19990130	0	-39	-72	0	-39	-72	495.3	42.247	-78.812
USC00304808	LITTLEVALLEY	19990131	0	-17	-111	0	-17	-111	495.3	42.247	-78.812
USC00304808	LITTLEVALLEY	20000101	9999	89	-56	NA	89	-56	495.3	42.247	-78.812
USC00304808	LITTLEVALLEY	20000102	9999	50	-22	NA	50	-22	495.3	42.247	-78.812
USC00304808	LITTLEVALLEY	20000103	9999	144	44	NA	144	44	495.3	42.247	-78.812
USC00304808	LITTLEVALLEY	20000104	9999	144	56	NA	144	56	495.3	42.247	-78.812
USC00304808	LITTLEVALLEY	20000105	9999	139	-67	NA	139	-67	495.3	42.247	-78.812
USC00304808	LITTLEVALLEY	20000106	51	-44	-78	51	-44	-78	495.3	42.247	-78.812
USC00304808	LITTLEVALLEY	20000107	127	22	-44	127	22	-44	495.3	42.247	-78.812
USC00304808	LITTLEVALLEY	20000108	127	28	-67	127	28	-67	495.3	42.247	-78.812
USC00304808	LITTLEVALLEY	20000110	76	44	-72	76	44	-72	495.3	42.247	-78.812
USC00304808	LITTLEVALLEY	20000111	25	67	6	25	67	6	495.3	42.247	-78.812
USC00304808	LITTLEVALLEY	20000112	76	22	-33	76	22	-33	495.3	42.247	-78.812
USC00304808	LITTLEVALLEY	20000113	152	0	-44	152	0	-44	495.3	42.247	-78.812
USC00304808	LITTLEVALLEY	20000114	178	-44	-172	178	-44	-172	495.3	42.247	-78.812
USC00304808	LITTLEVALLEY	20000115	203	-89	-133	203	-89	-133	495.3	42.247	-78.812
USC00304808	LITTLEVALLEY	20000116	9999	28	-111	NA	28	-111	495.3	42.247	-78.812
USC00304808	LITTLEVALLEY	20000117	9999	11	-211	NA	11	-211	495.3	42.247	-78.812
USC00304808	LITTLEVALLEY	20000118	9999	-156	-228	NA	-156	-228	495.3	42.247	-78.812
USC00304808	LITTLEVALLEY	20000119	127	-83	-161	127	-83	-161	495.3	42.247	-78.812
USC00304808	LITTLEVALLEY	20000120	127	-39	-89	127	-39	-89	495.3	42.247	-78.812
USC00304808	LITTLEVALLEY	20000121	229	-56	-183	229	-56	-183	495.3	42.247	-78.812
USC00304808	LITTLEVALLEY	20000122	229	-144	-211	229	-144	-211	495.3	42.247	-78.812
USC00304808	LITTLEVALLEY	20000123	229	-100	-189	229	-100	-189	495.3	42.247	-78.812
USC00304808	LITTLEVALLEY	20000124	229	-22	-106	229	-22	-106	495.3	42.247	-78.812
USC00304808	LITTLEVALLEY	20000125	229	-67	-200	229	-67	-200	495.3	42.247	-78.812
USC00304808	LITTLEVALLEY	20000126	254	-67	-200	254	-67	-200	495.3	42.247	-78.812
USC00304808	LITTLEVALLEY	20000127	254	-89	-172	254	-89	-172	495.3	42.247	-78.812
USC00304808	LITTLEVALLEY	20000128	254	-139	-172	254	-139	-172	495.3	42.247	-78.812
USC00304808	LITTLEVALLEY	20000129	254	-94	-233	254	-94	-233	495.3	42.247	-78.812
USC00304808	LITTLEVALLEY	20000130	254	6	-228	254	6	-228	495.3	42.247	-78.812
USC00304808	LITTLEVALLEY	20000131	254	0	-78	254	0	-78	495.3	42.247	-78.812
USC00304808	LITTLEVALLEY	20010101	229	-50	-117	229	-50	-117	495.3	42.247	-78.812
USC00304808	LITTLEVALLEY	20010102	279	-67	-150	279	-67	-150	495.3	42.247	-78.812
USC00304808	LITTLEVALLEY	20010103	279	-50	-150	279	-50	-150	495.3	42.247	-78.812
USC00304808	LITTLEVALLEY	20010104	229	-44	-100	229	-44	-100	495.3	42.247	-78.812
USC00304808	LITTLEVALLEY	20010105	229	-44	-67	229	-44	-67	495.3	42.247	-78.812
USC00304808	LITTLEVALLEY	20010106	254	-6	-61	254	-6	-61	495.3	42.247	-78.812
USC00304808	LITTLEVALLEY	20010107	254	0	-56	254	0	-56	495.3	42.247	-78.812
USC00304808	LITTLEVALLEY	20010108	254	0	-28	254	0	-28	495.3	42.247	-78.812
USC00304808	LITTLEVALLEY	20010109	254	-28	-139	254	-28	-139	495.3	42.247	-78.812
USC00304808	LITTLEVALLEY	20010110	254	-56	-144	254	-56	-144	495.3	42.247	-78.812
USC00304808	LITTLEVALLEY	20010111	9999	9999	9999	NA	NA	NA	495.3	42.247	-78.812
USC00304808	LITTLEVALLEY	20010112	254	6	-167	254	6	-167	495.3	42.247	-78.812
USC00304808	LITTLEVALLEY	20010113	254	33	-156	254	33	-156	495.3	42.247	-78.812
USC00304808	LITTLEVALLEY	20010114	254	28	-128	254	28	-128	495.3	42.247	-78.812
USC00304808	LITTLEVALLEY	20010115	203	22	-72	203	22	-72	495.3	42.247	-78.812
USC00304808	LITTLEVALLEY	20010116	229	50	-11	229	50	-11	495.3	42.247	-78.812
USC00304808	LITTLEVALLEY	20010117	203	-6	-22	203	-6	-22	495.3	42.247	-78.812
USC00304808	LITTLEVALLEY	20010118	203	-22	-39	203	-22	-39	495.3	42.247	-78.812
USC00304808	LITTLEVALLEY	20010119	203	28	-39	203	28	-39	495.3	42.247	-78.812
USC00304808	LITTLEVALLEY	20010120	203	-17	-89	203	-17	-89	495.3	42.247	-78.812
USC00304808	LITTLEVALLEY	20010121	203	-44	-122	203	-44	-122	495.3	42.247	-78.812
USC00304808	LITTLEVALLEY	20010122	203	-61	-83	203	-61	-83	495.3	42.247	-78.812
USC00304808	LITTLEVALLEY	20010123	203	-44	-117	203	-44	-117	495.3	42.247	-78.812
USC00304808	LITTLEVALLEY	20010124	203	17	-111	203	17	-111	495.3	42.247	-78.812
USC00304808	LITTLEVALLEY	20010125	254	-17	-89	254	-17	-89	495.3	42.247	-78.812
USC00304808	LITTLEVALLEY	20010126	254	-72	-111	254	-72	-111	495.3	42.247	-78.812
USC00304808	LITTLEVALLEY	20010127	305	0	-89	305	0	-89	495.3	42.247	-78.812
USC00304808	LITTLEVALLEY	20010128	279	-33	-94	279	-33	-94	495.3	42.247	-78.812
USC00304808	LITTLEVALLEY	20010129	305	-61	-150	305	-61	-150	495.3	42.247	-78.812
USC00304808	LITTLEVALLEY	20010130	254	28	-6	254	28	-6	495.3	42.247	-78.812
USC00304808	LITTLEVALLEY	20010131	229	44	6	229	44	6	495.3	42.247	-78.812
USC00304808	LITTLEVALLEY	20020101	508	-56	-106	508	-56	-106	495.3	42.247	-78.812
USC00304808	LITTLEVALLEY	20020102	533	-56	-106	533	-56	-106	495.3	42.247	-78.812
USC00304808	LITTLEVALLEY	20020103	483	-50	-100	483	-50	-100	495.3	42.247	-78.812
USC00304808	LITTLEVALLEY	20020104	457	-33	-67	457	-33	-67	495.3	42.247	-78.812
USC00304808	LITTLEVALLEY	20020105	381	6	-61	381	6	-61	495.3	42.247	-78.812
USC00304808	LITTLEVALLEY	20020106	330	17	-28	330	17	-28	495.3	42.247	-78.812
USC00304808	LITTLEVALLEY	20020107	229	-17	-33	229	-17	-33	495.3	42.247	-78.812
USC00304808	LITTLEVALLEY	20020108	229	-33	-83	229	-33	-83	495.3	42.247	-78.812
USC00304808	LITTLEVALLEY	20020109	229	-17	-78	229	-17	-78	495.3	42.247	-78.812
USC00304808	LITTLEVALLEY	20020110	178	44	-17	178	44	-17	495.3	42.247	-78.812
USC00304808	LITTLEVALLEY	20020111	127	39	-17	127	39	-17	495.3	42.247	-78.812
USC00304808	LITTLEVALLEY	20020112	102	33	0	102	33	0	495.3	42.247	-78.812
USC00304808	LITTLEVALLEY	20020113	76	28	-33	76	28	-33	495.3	42.247	-78.812
USC00304808	LITTLEVALLEY	20020114	203	-22	-117	203	-22	-117	495.3	42.247	-78.812
USC00304808	LITTLEVALLEY	20020115	9999	39	-78	NA	39	-78	495.3	42.247	-78.812
USC00304808	LITTLEVALLEY	20020116	9999	0	-44	NA	0	-44	495.3	42.247	-78.812
USC00304808	LITTLEVALLEY	20020117	178	6	-72	178	6	-72	495.3	42.247	-78.812
USC00304808	LITTLEVALLEY	20020118	229	0	-72	229	0	-72	495.3	42.247	-78.812
USC00304808	LITTLEVALLEY	20020119	279	-39	-150	279	-39	-150	495.3	42.247	-78.812
USC00304808	LITTLEVALLEY	20020120	279	-39	-133	279	-39	-133	495.3	42.247	-78.812
USC00304808	LITTLEVALLEY	20020121	356	6	-56	356	6	-56	495.3	42.247	-78.812
USC00304808	LITTLEVALLEY	20020122	305	6	-33	305	6	-33	495.3	42.247	-78.812
USC00304808	LITTLEVALLEY	20020123	279	72	-39	279	72	-39	495.3	42.247	-78.812
USC00304808	LITTLEVALLEY	20020124	102	72	39	102	72	39	495.3	42.247	-78.812
USC00304808	LITTLEVALLEY	20020125	76	83	-44	76	83	-44	495.3	42.247	-78.812
USC00304808	LITTLEVALLEY	20020126	51	28	-39	51	28	-39	495.3	42.247	-78.812
USC00304808	LITTLEVALLEY	20020127	51	83	-28	51	83	-28	495.3	42.247	-78.812
USC00304808	LITTLEVALLEY	20020128	51	128	-11	51	128	-11	495.3	42.247	-78.812
USC00304808	LITTLEVALLEY	20020129	9999	128	0	NA	128	0	495.3	42.247	-78.812
USC00304808	LITTLEVALLEY	20020130	9999	111	17	NA	111	17	495.3	42.247	-78.812
USC00304808	LITTLEVALLEY	20020131	51	28	-28	51	28	-28	495.3	42.247	-78.812
USC00304808	LITTLEVALLEY	20030101	0	72	-17	0	72	-17	495.3	42.247	-78.812
USC00304808	LITTLEVALLEY	20030102	0	-11	-89	0	-11	-89	495.3	42.247	-78.812
USC00304808	LITTLEVALLEY	20030103	51	-6	-94	51	-6	-94	495.3	42.247	-78.812
USC00304808	LITTLEVALLEY	20030104	102	-17	-39	102	-17	-39	495.3	42.247	-78.812
USC00304808	LITTLEVALLEY	20030105	127	-33	-61	127	-33	-61	495.3	42.247	-78.812
USC00304808	LITTLEVALLEY	20030106	127	-33	-61	127	-33	-61	495.3	42.247	-78.812
USC00304808	LITTLEVALLEY	20030107	152	-28	-122	152	-28	-122	495.3	42.247	-78.812
USC00304808	LITTLEVALLEY	20030108	178	0	-122	178	0	-122	495.3	42.247	-78.812
USC00304808	LITTLEVALLEY	20030109	152	28	11	152	28	11	495.3	42.247	-78.812
USC00304808	LITTLEVALLEY	20030110	178	28	-89	178	28	-89	495.3	42.247	-78.812
USC00304808	LITTLEVALLEY	20030111	279	28	-106	279	28	-106	495.3	42.247	-78.812
USC00304808	LITTLEVALLEY	20030112	406	-67	-106	406	-67	-106	495.3	42.247	-78.812
USC00304808	LITTLEVALLEY	20030113	457	-67	-94	457	-67	-94	495.3	42.247	-78.812
USC00304808	LITTLEVALLEY	20030114	483	-61	-106	483	-61	-106	495.3	42.247	-78.812
USC00304808	LITTLEVALLEY	20030115	533	-72	-122	533	-72	-122	495.3	42.247	-78.812
USC00304808	LITTLEVALLEY	20030116	584	-100	-117	584	-100	-117	495.3	42.247	-78.812
USC00304808	LITTLEVALLEY	20030117	584	-78	-122	584	-78	-122	495.3	42.247	-78.812
USC00304808	LITTLEVALLEY	20030118	584	-106	-267	584	-106	-267	495.3	42.247	-78.812
USC00304808	LITTLEVALLEY	20030119	559	-78	-133	559	-78	-133	495.3	42.247	-78.812
USC00304808	LITTLEVALLEY	20030120	610	-83	-128	610	-83	-128	495.3	42.247	-78.812
USC00304808	LITTLEVALLEY	20030121	610	-128	-156	610	-128	-156	495.3	42.247	-78.812
USC00304808	LITTLEVALLEY	20030122	610	-106	-156	610	-106	-156	495.3	42.247	-78.812
USC00304808	LITTLEVALLEY	20030123	635	-133	-189	635	-133	-189	495.3	42.247	-78.812
USC00304808	LITTLEVALLEY	20030124	584	-139	-200	584	-139	-200	495.3	42.247	-78.812
USC00304808	LITTLEVALLEY	20030125	559	-100	-217	559	-100	-217	495.3	42.247	-78.812
USC00304808	LITTLEVALLEY	20030126	559	-67	-178	559	-67	-178	495.3	42.247	-78.812
USC00304808	LITTLEVALLEY	20030127	533	-89	-244	533	-89	-244	495.3	42.247	-78.812
USC00304808	LITTLEVALLEY	20030128	533	-122	-239	533	-122	-239	495.3	42.247	-78.812
USC00304808	LITTLEVALLEY	20030129	533	-44	-122	533	-44	-122	495.3	42.247	-78.812
USC00304808	LITTLEVALLEY	20030130	508	-44	-228	508	-44	-228	495.3	42.247	-78.812
USC00304808	LITTLEVALLEY	20030131	483	6	-222	483	6	-222	495.3	42.247	-78.812
USC00304808	LITTLEVALLEY	20040101	9999	61	-44	NA	61	-44	495.3	42.247	-78.812
USC00304808	LITTLEVALLEY	20040102	9999	33	-17	NA	33	-17	495.3	42.247	-78.812
USC00304808	LITTLEVALLEY	20040103	9999	100	28	NA	100	28	495.3	42.247	-78.812
USC00304808	LITTLEVALLEY	20040104	0	111	0	0	111	0	495.3	42.247	-78.812
USC00304808	LITTLEVALLEY	20040105	51	6	-22	51	6	-22	495.3	42.247	-78.812
USC00304808	LITTLEVALLEY	20040106	102	11	-67	102	11	-67	495.3	42.247	-78.812
USC00304808	LITTLEVALLEY	20040107	305	-56	-144	305	-56	-144	495.3	42.247	-78.812
USC00304808	LITTLEVALLEY	20040108	635	-94	-133	635	-94	-133	495.3	42.247	-78.812
USC00304808	LITTLEVALLEY	20040109	660	-72	-183	660	-72	-183	495.3	42.247	-78.812
USC00304808	LITTLEVALLEY	20040110	635	-161	-289	635	-161	-289	495.3	42.247	-78.812
USC00304808	LITTLEVALLEY	20040111	610	-83	-228	610	-83	-228	495.3	42.247	-78.812
USC00304808	LITTLEVALLEY	20040112	610	-11	-83	610	-11	-83	495.3	42.247	-78.812
USC00304808	LITTLEVALLEY	20040113	457	-6	-28	457	-6	-28	495.3	42.247	-78.812
USC00304808	LITTLEVALLEY	20040114	406	-17	-217	406	-17	-217	495.3	42.247	-78.812
USC00304808	LITTLEVALLEY	20040115	483	-122	-228	483	-122	-228	495.3	42.247	-78.812
USC00304808	LITTLEVALLEY	20040116	483	-167	-233	483	-167	-233	495.3	42.247	-78.812
USC00304808	LITTLEVALLEY	20040117	457	-122	-194	457	-122	-194	495.3	42.247	-78.812
USC00304808	LITTLEVALLEY	20040118	457	-17	-133	457	-17	-133	495.3	42.247	-78.812
USC00304808	LITTLEVALLEY	20040119	635	-33	-117	635	-33	-117	495.3	42.247	-78.812
USC00304808	LITTLEVALLEY	20040120	737	-89	-117	737	-89	-117	495.3	42.247	-78.812
USC00304808	LITTLEVALLEY	20040121	711	-106	-128	711	-106	-128	495.3	42.247	-78.812
USC00304808	LITTLEVALLEY	20040122	686	-33	-122	686	-33	-122	495.3	42.247	-78.812
USC00304808	LITTLEVALLEY	20040123	686	-28	-172	686	-28	-172	495.3	42.247	-78.812
USC00304808	LITTLEVALLEY	20040124	686	-139	-178	686	-139	-178	495.3	42.247	-78.812
USC00304808	LITTLEVALLEY	20040125	660	-128	-239	660	-128	-239	495.3	42.247	-78.812
USC00304808	LITTLEVALLEY	20040126	660	-100	-150	660	-100	-150	495.3	42.247	-78.812
USC00304808	LITTLEVALLEY	20040127	686	-61	-117	686	-61	-117	495.3	42.247	-78.812
USC00304808	LITTLEVALLEY	20040128	762	-28	-100	762	-28	-100	495.3	42.247	-78.812
USC00304808	LITTLEVALLEY	20040129	762	-83	-133	762	-83	-133	495.3	42.247	-78.812
USC00304808	LITTLEVALLEY	20040130	737	-122	-167	737	-122	-167	495.3	42.247	-78.812
USC00304808	LITTLEVALLEY	20040131	686	-128	-156	686	-128	-156	495.3	42.247	-78.812
USC00304808	LITTLEVALLEY	20050101	0	106	-6	0	106	-6	495.3	42.247	-78.812
USC00304808	LITTLEVALLEY	20050102	0	56	-39	0	56	-39	495.3	42.247	-78.812
USC00304808	LITTLEVALLEY	20050103	0	106	44	0	106	44	495.3	42.247	-78.812
USC00304808	LITTLEVALLEY	20050104	0	61	11	0	61	11	495.3	42.247	-78.812
USC00304808	LITTLEVALLEY	20050105	25	22	-22	25	22	-22	495.3	42.247	-78.812
USC00304808	LITTLEVALLEY	20050106	178	106	11	178	106	11	495.3	42.247	-78.812
USC00304808	LITTLEVALLEY	20050107	127	56	-56	127	56	-56	495.3	42.247	-78.812
USC00304808	LITTLEVALLEY	20050108	102	-6	-50	102	-6	-50	495.3	42.247	-78.812
USC00304808	LITTLEVALLEY	20050109	9999	0	-28	NA	0	-28	495.3	42.247	-78.812
USC00304808	LITTLEVALLEY	20050110	102	39	-17	102	39	-17	495.3	42.247	-78.812
USC00304808	LITTLEVALLEY	20050111	102	6	-22	102	6	-22	495.3	42.247	-78.812
USC00304808	LITTLEVALLEY	20050112	127	28	-22	127	28	-22	495.3	42.247	-78.812
USC00304808	LITTLEVALLEY	20050113	25	133	22	25	133	22	495.3	42.247	-78.812
USC00304808	LITTLEVALLEY	20050114	51	167	-17	51	167	-17	495.3	42.247	-78.812
USC00304808	LITTLEVALLEY	20050115	102	-17	-133	102	-17	-133	495.3	42.247	-78.812
USC00304808	LITTLEVALLEY	20050116	102	-56	-122	102	-56	-122	495.3	42.247	-78.812
USC00304808	LITTLEVALLEY	20050117	178	-72	-133	178	-72	-133	495.3	42.247	-78.812
USC00304808	LITTLEVALLEY	20050118	229	-111	-194	229	-111	-194	495.3	42.247	-78.812
USC00304808	LITTLEVALLEY	20050119	229	-89	-206	229	-89	-206	495.3	42.247	-78.812
USC00304808	LITTLEVALLEY	20050120	457	-44	-111	457	-44	-111	495.3	42.247	-78.812
USC00304808	LITTLEVALLEY	20050121	457	-111	-194	457	-111	-194	495.3	42.247	-78.812
USC00304808	LITTLEVALLEY	20050122	483	-133	-256	483	-133	-256	495.3	42.247	-78.812
USC00304808	LITTLEVALLEY	20050123	584	-133	-217	584	-133	-217	495.3	42.247	-78.812
USC00304808	LITTLEVALLEY	20050124	584	-78	-267	584	-78	-267	495.3	42.247	-78.812
USC00304808	LITTLEVALLEY	20050125	660	-50	-139	660	-50	-139	495.3	42.247	-78.812
USC00304808	LITTLEVALLEY	20050126	660	6	-61	660	6	-61	495.3	42.247	-78.812
USC00304808	LITTLEVALLEY	20050127	635	-11	-167	635	-11	-167	495.3	42.247	-78.812
USC00304808	LITTLEVALLEY	20050128	635	-117	-272	635	-117	-272	495.3	42.247	-78.812
USC00304808	LITTLEVALLEY	20050129	584	-44	-167	584	-44	-167	495.3	42.247	-78.812
USC00304808	LITTLEVALLEY	20050130	508	-11	-106	508	-11	-106	495.3	42.247	-78.812
USC00304808	LITTLEVALLEY	20050131	457	11	-172	457	11	-172	495.3	42.247	-78.812
