STATION	NAME	DATE	SNWD	TMAX	TMIN	SNWD2	TMAX2	TMIN2	ELEV	LAT	LONG
USC00365109	LOCKHAVEN	19950101	0	28	-67	0	28	-67	172.5	41.1167	-77.4500
USC00365109	LOCKHAVEN	19950102	0	33	-94	0	33	-94	172.5	41.1167	-77.4500
USC00365109	LOCKHAVEN	19950103	0	-11	-89	0	-11	-89	172.5	41.1167	-77.4500
USC00365109	LOCKHAVEN	19950104	0	-11	-89	0	-11	-89	172.5	41.1167	-77.4500
USC00365109	LOCKHAVEN	19950105	0	-50	-133	0	-50	-133	172.5	41.1167	-77.4500
USC00365109	LOCKHAVEN	19950106	0	-67	-139	0	-67	-139	172.5	41.1167	-77.4500
USC00365109	LOCKHAVEN	19950107	0	17	-44	0	17	-44	172.5	41.1167	-77.4500
USC00365109	LOCKHAVEN	19950108	0	17	-44	0	17	-44	172.5	41.1167	-77.4500
USC00365109	LOCKHAVEN	19950109	0	22	-33	0	22	-33	172.5	41.1167	-77.4500
USC00365109	LOCKHAVEN	19950110	0	17	-106	0	17	-106	172.5	41.1167	-77.4500
USC00365109	LOCKHAVEN	19950111	0	-33	-94	0	-33	-94	172.5	41.1167	-77.4500
USC00365109	LOCKHAVEN	19950112	0	11	-33	0	11	-33	172.5	41.1167	-77.4500
USC00365109	LOCKHAVEN	19950113	0	28	6	0	28	6	172.5	41.1167	-77.4500
USC00365109	LOCKHAVEN	19950114	0	83	17	0	83	17	172.5	41.1167	-77.4500
USC00365109	LOCKHAVEN	19950115	0	189	17	0	189	17	172.5	41.1167	-77.4500
USC00365109	LOCKHAVEN	19950116	0	178	78	0	178	78	172.5	41.1167	-77.4500
USC00365109	LOCKHAVEN	19950117	0	78	33	0	78	33	172.5	41.1167	-77.4500
USC00365109	LOCKHAVEN	19950118	0	89	22	0	89	22	172.5	41.1167	-77.4500
USC00365109	LOCKHAVEN	19950119	0	61	22	0	61	22	172.5	41.1167	-77.4500
USC00365109	LOCKHAVEN	19950120	0	67	50	0	67	50	172.5	41.1167	-77.4500
USC00365109	LOCKHAVEN	19950121	0	83	17	0	83	17	172.5	41.1167	-77.4500
USC00365109	LOCKHAVEN	19950122	0	33	-33	0	33	-33	172.5	41.1167	-77.4500
USC00365109	LOCKHAVEN	19950123	0	-22	-61	0	-22	-61	172.5	41.1167	-77.4500
USC00365109	LOCKHAVEN	19950124	0	0	-61	0	0	-61	172.5	41.1167	-77.4500
USC00365109	LOCKHAVEN	19950125	0	17	-28	0	17	-28	172.5	41.1167	-77.4500
USC00365109	LOCKHAVEN	19950126	0	11	-44	0	11	-44	172.5	41.1167	-77.4500
USC00365109	LOCKHAVEN	19950127	0	6	-44	0	6	-44	172.5	41.1167	-77.4500
USC00365109	LOCKHAVEN	19950128	0	17	-72	0	17	-72	172.5	41.1167	-77.4500
USC00365109	LOCKHAVEN	19950129	0	-6	-133	0	-6	-133	172.5	41.1167	-77.4500
USC00365109	LOCKHAVEN	19950130	0	17	-133	0	17	-133	172.5	41.1167	-77.4500
USC00365109	LOCKHAVEN	19950131	0	50	-117	0	50	-117	172.5	41.1167	-77.4500
USC00365109	LOCKHAVEN	19960101	102	11	-56	102	11	-56	172.5	41.1167	-77.4500
USC00365109	LOCKHAVEN	19960102	102	17	-6	102	17	-6	172.5	41.1167	-77.4500
USC00365109	LOCKHAVEN	19960103	229	6	-67	229	6	-67	172.5	41.1167	-77.4500
USC00365109	LOCKHAVEN	19960104	203	-33	-167	203	-33	-167	172.5	41.1167	-77.4500
USC00365109	LOCKHAVEN	19960105	203	-44	-167	203	-44	-167	172.5	41.1167	-77.4500
USC00365109	LOCKHAVEN	19960106	203	-39	-206	203	-39	-206	172.5	41.1167	-77.4500
USC00365109	LOCKHAVEN	19960107	229	-83	-194	229	-83	-194	172.5	41.1167	-77.4500
USC00365109	LOCKHAVEN	19960108	432	-78	-128	432	-78	-128	172.5	41.1167	-77.4500
USC00365109	LOCKHAVEN	19960109	406	-22	-106	406	-22	-106	172.5	41.1167	-77.4500
USC00365109	LOCKHAVEN	19960110	406	-33	-100	406	-33	-100	172.5	41.1167	-77.4500
USC00365109	LOCKHAVEN	19960111	381	-39	-200	381	-39	-200	172.5	41.1167	-77.4500
USC00365109	LOCKHAVEN	19960112	381	-83	-200	381	-83	-200	172.5	41.1167	-77.4500
USC00365109	LOCKHAVEN	19960113	432	-33	-83	432	-33	-83	172.5	41.1167	-77.4500
USC00365109	LOCKHAVEN	19960114	406	0	-56	406	0	-56	172.5	41.1167	-77.4500
USC00365109	LOCKHAVEN	19960115	279	78	-78	279	78	-78	172.5	41.1167	-77.4500
USC00365109	LOCKHAVEN	19960116	254	22	-144	254	22	-144	172.5	41.1167	-77.4500
USC00365109	LOCKHAVEN	19960117	254	-6	-133	254	-6	-133	172.5	41.1167	-77.4500
USC00365109	LOCKHAVEN	19960118	254	22	-17	254	22	-17	172.5	41.1167	-77.4500
USC00365109	LOCKHAVEN	19960119	127	167	0	127	167	0	172.5	41.1167	-77.4500
USC00365109	LOCKHAVEN	19960120	76	139	-100	76	139	-100	172.5	41.1167	-77.4500
USC00365109	LOCKHAVEN	19960121	76	-33	-106	76	-33	-106	172.5	41.1167	-77.4500
USC00365109	LOCKHAVEN	19960122	76	0	-100	76	0	-100	172.5	41.1167	-77.4500
USC00365109	LOCKHAVEN	19960123	76	-6	-94	76	-6	-94	172.5	41.1167	-77.4500
USC00365109	LOCKHAVEN	19960124	76	11	-56	76	11	-56	172.5	41.1167	-77.4500
USC00365109	LOCKHAVEN	19960125	51	67	-61	51	67	-61	172.5	41.1167	-77.4500
USC00365109	LOCKHAVEN	19960126	51	-11	-83	51	-11	-83	172.5	41.1167	-77.4500
USC00365109	LOCKHAVEN	19960127	0	111	-39	0	111	-39	172.5	41.1167	-77.4500
USC00365109	LOCKHAVEN	19960128	0	117	-39	0	117	-39	172.5	41.1167	-77.4500
USC00365109	LOCKHAVEN	19960129	0	0	-61	0	0	-61	172.5	41.1167	-77.4500
USC00365109	LOCKHAVEN	19960130	0	6	-67	0	6	-67	172.5	41.1167	-77.4500
USC00365109	LOCKHAVEN	19960131	76	33	-83	76	33	-83	172.5	41.1167	-77.4500
USC00365109	LOCKHAVEN	19970101	0	11	-94	0	11	-94	172.5	41.1167	-77.4500
USC00365109	LOCKHAVEN	19970102	0	-22	-89	0	-22	-89	172.5	41.1167	-77.4500
USC00365109	LOCKHAVEN	19970103	0	17	-22	0	17	-22	172.5	41.1167	-77.4500
USC00365109	LOCKHAVEN	19970104	0	167	17	0	167	17	172.5	41.1167	-77.4500
USC00365109	LOCKHAVEN	19970105	0	100	44	0	100	44	172.5	41.1167	-77.4500
USC00365109	LOCKHAVEN	19970106	0	156	33	0	156	33	172.5	41.1167	-77.4500
USC00365109	LOCKHAVEN	19970107	0	39	-44	0	39	-44	172.5	41.1167	-77.4500
USC00365109	LOCKHAVEN	19970108	0	-17	-50	0	-17	-50	172.5	41.1167	-77.4500
USC00365109	LOCKHAVEN	19970109	0	22	-61	0	22	-61	172.5	41.1167	-77.4500
USC00365109	LOCKHAVEN	19970110	76	-17	-56	76	-17	-56	172.5	41.1167	-77.4500
USC00365109	LOCKHAVEN	19970111	76	11	-94	76	11	-94	172.5	41.1167	-77.4500
USC00365109	LOCKHAVEN	19970112	76	-72	-111	76	-72	-111	172.5	41.1167	-77.4500
USC00365109	LOCKHAVEN	19970113	25	-61	-111	25	-61	-111	172.5	41.1167	-77.4500
USC00365109	LOCKHAVEN	19970114	25	-50	-111	25	-50	-111	172.5	41.1167	-77.4500
USC00365109	LOCKHAVEN	19970115	25	-22	-139	25	-22	-139	172.5	41.1167	-77.4500
USC00365109	LOCKHAVEN	19970116	25	33	-139	25	33	-139	172.5	41.1167	-77.4500
USC00365109	LOCKHAVEN	19970117	25	28	-161	25	28	-161	172.5	41.1167	-77.4500
USC00365109	LOCKHAVEN	19970118	0	-128	-167	0	-128	-167	172.5	41.1167	-77.4500
USC00365109	LOCKHAVEN	19970119	0	-106	-217	0	-106	-217	172.5	41.1167	-77.4500
USC00365109	LOCKHAVEN	19970120	51	-72	-222	51	-72	-222	172.5	41.1167	-77.4500
USC00365109	LOCKHAVEN	19970121	0	6	-111	0	6	-111	172.5	41.1167	-77.4500
USC00365109	LOCKHAVEN	19970122	0	28	-106	0	28	-106	172.5	41.1167	-77.4500
USC00365109	LOCKHAVEN	19970123	0	61	-44	0	61	-44	172.5	41.1167	-77.4500
USC00365109	LOCKHAVEN	19970124	0	50	-83	0	50	-83	172.5	41.1167	-77.4500
USC00365109	LOCKHAVEN	19970125	51	17	-83	51	17	-83	172.5	41.1167	-77.4500
USC00365109	LOCKHAVEN	19970126	25	56	-61	25	56	-61	172.5	41.1167	-77.4500
USC00365109	LOCKHAVEN	19970127	0	-22	-72	0	-22	-72	172.5	41.1167	-77.4500
USC00365109	LOCKHAVEN	19970128	0	28	-67	0	28	-67	172.5	41.1167	-77.4500
USC00365109	LOCKHAVEN	19970129	0	28	-122	0	28	-122	172.5	41.1167	-77.4500
USC00365109	LOCKHAVEN	19970130	0	-11	-117	0	-11	-117	172.5	41.1167	-77.4500
USC00365109	LOCKHAVEN	19970131	0	6	-100	0	6	-100	172.5	41.1167	-77.4500
USC00365109	LOCKHAVEN	19980101	178	-22	-161	178	-22	-161	172.5	41.1167	-77.4500
USC00365109	LOCKHAVEN	19980102	152	-17	-161	152	-17	-161	172.5	41.1167	-77.4500
USC00365109	LOCKHAVEN	19980103	0	111	-72	0	111	-72	172.5	41.1167	-77.4500
USC00365109	LOCKHAVEN	19980104	0	100	11	0	100	11	172.5	41.1167	-77.4500
USC00365109	LOCKHAVEN	19980105	0	106	44	0	106	44	172.5	41.1167	-77.4500
USC00365109	LOCKHAVEN	19980106	0	128	39	0	128	39	172.5	41.1167	-77.4500
USC00365109	LOCKHAVEN	19980107	0	100	67	0	100	67	172.5	41.1167	-77.4500
USC00365109	LOCKHAVEN	19980108	0	156	94	0	156	94	172.5	41.1167	-77.4500
USC00365109	LOCKHAVEN	19980109	0	178	122	0	178	122	172.5	41.1167	-77.4500
USC00365109	LOCKHAVEN	19980110	0	156	33	0	156	33	172.5	41.1167	-77.4500
USC00365109	LOCKHAVEN	19980111	0	78	6	0	78	6	172.5	41.1167	-77.4500
USC00365109	LOCKHAVEN	19980112	0	78	-44	0	78	-44	172.5	41.1167	-77.4500
USC00365109	LOCKHAVEN	19980113	0	33	-44	0	33	-44	172.5	41.1167	-77.4500
USC00365109	LOCKHAVEN	19980114	0	56	-72	0	56	-72	172.5	41.1167	-77.4500
USC00365109	LOCKHAVEN	19980115	0	0	-72	0	0	-72	172.5	41.1167	-77.4500
USC00365109	LOCKHAVEN	19980116	0	6	-17	0	6	-17	172.5	41.1167	-77.4500
USC00365109	LOCKHAVEN	19980117	0	28	-11	0	28	-11	172.5	41.1167	-77.4500
USC00365109	LOCKHAVEN	19980118	0	11	-11	0	11	-11	172.5	41.1167	-77.4500
USC00365109	LOCKHAVEN	19980119	0	33	-22	0	33	-22	172.5	41.1167	-77.4500
USC00365109	LOCKHAVEN	19980120	0	33	-28	0	33	-28	172.5	41.1167	-77.4500
USC00365109	LOCKHAVEN	19980121	0	17	-72	0	17	-72	172.5	41.1167	-77.4500
USC00365109	LOCKHAVEN	19980122	0	0	-72	0	0	-72	172.5	41.1167	-77.4500
USC00365109	LOCKHAVEN	19980123	76	17	-39	76	17	-39	172.5	41.1167	-77.4500
USC00365109	LOCKHAVEN	19980124	51	22	-11	51	22	-11	172.5	41.1167	-77.4500
USC00365109	LOCKHAVEN	19980125	0	33	-6	0	33	-6	172.5	41.1167	-77.4500
USC00365109	LOCKHAVEN	19980126	0	11	-22	0	11	-22	172.5	41.1167	-77.4500
USC00365109	LOCKHAVEN	19980127	0	44	-22	0	44	-22	172.5	41.1167	-77.4500
USC00365109	LOCKHAVEN	19980128	0	28	-17	0	28	-17	172.5	41.1167	-77.4500
USC00365109	LOCKHAVEN	19980129	0	33	-22	0	33	-22	172.5	41.1167	-77.4500
USC00365109	LOCKHAVEN	19980130	0	89	-22	0	89	-22	172.5	41.1167	-77.4500
USC00365109	LOCKHAVEN	19980131	0	39	6	0	39	6	172.5	41.1167	-77.4500
USC00365109	LOCKHAVEN	19990101	0	-50	-100	0	-50	-100	172.5	41.1167	-77.4500
USC00365109	LOCKHAVEN	19990102	0	-33	-172	0	-33	-172	172.5	41.1167	-77.4500
USC00365109	LOCKHAVEN	19990103	0	-11	-156	0	-11	-156	172.5	41.1167	-77.4500
USC00365109	LOCKHAVEN	19990104	25	28	-83	25	28	-83	172.5	41.1167	-77.4500
USC00365109	LOCKHAVEN	19990105	25	-56	-128	25	-56	-128	172.5	41.1167	-77.4500
USC00365109	LOCKHAVEN	19990106	9999	-67	-167	NA	-67	-167	172.5	41.1167	-77.4500
USC00365109	LOCKHAVEN	19990107	9999	-28	-150	NA	-28	-150	172.5	41.1167	-77.4500
USC00365109	LOCKHAVEN	19990108	9999	-28	-150	NA	-28	-150	172.5	41.1167	-77.4500
USC00365109	LOCKHAVEN	19990109	25	-6	-117	25	-6	-117	172.5	41.1167	-77.4500
USC00365109	LOCKHAVEN	19990110	51	6	-133	51	6	-133	172.5	41.1167	-77.4500
USC00365109	LOCKHAVEN	19990111	9999	-28	-139	NA	-28	-139	172.5	41.1167	-77.4500
USC00365109	LOCKHAVEN	19990112	76	-72	-117	76	-72	-117	172.5	41.1167	-77.4500
USC00365109	LOCKHAVEN	19990113	9999	0	-78	NA	0	-78	172.5	41.1167	-77.4500
USC00365109	LOCKHAVEN	19990114	152	6	-133	152	6	-133	172.5	41.1167	-77.4500
USC00365109	LOCKHAVEN	19990115	254	-67	-128	254	-67	-128	172.5	41.1167	-77.4500
USC00365109	LOCKHAVEN	19990116	9999	-22	-78	NA	-22	-78	172.5	41.1167	-77.4500
USC00365109	LOCKHAVEN	19990117	9999	61	-67	NA	61	-67	172.5	41.1167	-77.4500
USC00365109	LOCKHAVEN	19990118	178	67	0	178	67	0	172.5	41.1167	-77.4500
USC00365109	LOCKHAVEN	19990119	127	56	17	127	56	17	172.5	41.1167	-77.4500
USC00365109	LOCKHAVEN	19990120	76	72	-11	76	72	-11	172.5	41.1167	-77.4500
USC00365109	LOCKHAVEN	19990121	76	83	-50	76	83	-50	172.5	41.1167	-77.4500
USC00365109	LOCKHAVEN	19990122	76	28	-33	76	28	-33	172.5	41.1167	-77.4500
USC00365109	LOCKHAVEN	19990123	51	50	28	51	50	28	172.5	41.1167	-77.4500
USC00365109	LOCKHAVEN	19990124	25	106	28	25	106	28	172.5	41.1167	-77.4500
USC00365109	LOCKHAVEN	19990125	0	72	6	0	72	6	172.5	41.1167	-77.4500
USC00365109	LOCKHAVEN	19990126	0	72	-11	0	72	-11	172.5	41.1167	-77.4500
USC00365109	LOCKHAVEN	19990127	0	50	-56	0	50	-56	172.5	41.1167	-77.4500
USC00365109	LOCKHAVEN	19990128	0	17	-56	0	17	-56	172.5	41.1167	-77.4500
USC00365109	LOCKHAVEN	19990129	0	100	-6	0	100	-6	172.5	41.1167	-77.4500
USC00365109	LOCKHAVEN	19990130	0	39	-44	0	39	-44	172.5	41.1167	-77.4500
USC00365109	LOCKHAVEN	19990131	0	44	-83	0	44	-83	172.5	41.1167	-77.4500
USC00365109	LOCKHAVEN	20000101	0	89	-67	0	89	-67	172.5	41.1167	-77.4500
USC00365109	LOCKHAVEN	20000102	0	78	-56	0	78	-56	172.5	41.1167	-77.4500
USC00365109	LOCKHAVEN	20000103	0	122	-6	0	122	-6	172.5	41.1167	-77.4500
USC00365109	LOCKHAVEN	20000104	0	167	106	0	167	106	172.5	41.1167	-77.4500
USC00365109	LOCKHAVEN	20000105	0	178	-11	0	178	-11	172.5	41.1167	-77.4500
USC00365109	LOCKHAVEN	20000106	0	28	-61	0	28	-61	172.5	41.1167	-77.4500
USC00365109	LOCKHAVEN	20000107	0	56	-56	0	56	-56	172.5	41.1167	-77.4500
USC00365109	LOCKHAVEN	20000108	0	61	-39	0	61	-39	172.5	41.1167	-77.4500
USC00365109	LOCKHAVEN	20000109	0	50	-44	0	50	-44	172.5	41.1167	-77.4500
USC00365109	LOCKHAVEN	20000110	0	83	-11	0	83	-11	172.5	41.1167	-77.4500
USC00365109	LOCKHAVEN	20000111	0	89	6	0	89	6	172.5	41.1167	-77.4500
USC00365109	LOCKHAVEN	20000112	0	89	6	0	89	6	172.5	41.1167	-77.4500
USC00365109	LOCKHAVEN	20000113	0	72	-6	0	72	-6	172.5	41.1167	-77.4500
USC00365109	LOCKHAVEN	20000114	0	0	-117	0	0	-117	172.5	41.1167	-77.4500
USC00365109	LOCKHAVEN	20000115	0	-33	-117	0	-33	-117	172.5	41.1167	-77.4500
USC00365109	LOCKHAVEN	20000116	0	-11	-117	0	-11	-117	172.5	41.1167	-77.4500
USC00365109	LOCKHAVEN	20000117	0	72	-150	0	72	-150	172.5	41.1167	-77.4500
USC00365109	LOCKHAVEN	20000118	0	-72	-161	0	-72	-161	172.5	41.1167	-77.4500
USC00365109	LOCKHAVEN	20000119	0	-83	-156	0	-83	-156	172.5	41.1167	-77.4500
USC00365109	LOCKHAVEN	20000120	25	0	-156	25	0	-156	172.5	41.1167	-77.4500
USC00365109	LOCKHAVEN	20000121	76	0	-156	76	0	-156	172.5	41.1167	-77.4500
USC00365109	LOCKHAVEN	20000122	0	-78	-189	0	-78	-189	172.5	41.1167	-77.4500
USC00365109	LOCKHAVEN	20000123	25	-44	-194	25	-44	-194	172.5	41.1167	-77.4500
USC00365109	LOCKHAVEN	20000124	0	-39	-106	0	-39	-106	172.5	41.1167	-77.4500
USC00365109	LOCKHAVEN	20000125	0	22	-100	0	22	-100	172.5	41.1167	-77.4500
USC00365109	LOCKHAVEN	20000126	102	-50	-78	102	-50	-78	172.5	41.1167	-77.4500
USC00365109	LOCKHAVEN	20000127	0	-11	-144	0	-11	-144	172.5	41.1167	-77.4500
USC00365109	LOCKHAVEN	20000128	0	-67	-144	0	-67	-144	172.5	41.1167	-77.4500
USC00365109	LOCKHAVEN	20000129	0	-28	-167	0	-28	-167	172.5	41.1167	-77.4500
USC00365109	LOCKHAVEN	20000130	0	22	-167	0	22	-167	172.5	41.1167	-77.4500
USC00365109	LOCKHAVEN	20000131	178	-6	-83	178	-6	-83	172.5	41.1167	-77.4500
USC00365109	LOCKHAVEN	20010101	0	-17	-61	0	-17	-61	172.5	41.1167	-77.4500
USC00365109	LOCKHAVEN	20010102	0	11	-117	0	11	-117	172.5	41.1167	-77.4500
USC00365109	LOCKHAVEN	20010103	0	-22	-117	0	-22	-117	172.5	41.1167	-77.4500
USC00365109	LOCKHAVEN	20010104	0	-17	-78	0	-17	-78	172.5	41.1167	-77.4500
USC00365109	LOCKHAVEN	20010105	25	0	-72	25	0	-72	172.5	41.1167	-77.4500
USC00365109	LOCKHAVEN	20010106	76	0	-61	76	0	-61	172.5	41.1167	-77.4500
USC00365109	LOCKHAVEN	20010107	0	11	-89	0	11	-89	172.5	41.1167	-77.4500
USC00365109	LOCKHAVEN	20010108	51	33	-50	51	33	-50	172.5	41.1167	-77.4500
USC00365109	LOCKHAVEN	20010109	51	11	-89	51	11	-89	172.5	41.1167	-77.4500
USC00365109	LOCKHAVEN	20010110	51	-28	-94	51	-28	-94	172.5	41.1167	-77.4500
USC00365109	LOCKHAVEN	20010111	25	22	-39	25	22	-39	172.5	41.1167	-77.4500
USC00365109	LOCKHAVEN	20010112	25	72	9999	25	72	NA	172.5	41.1167	-77.4500
USC00365109	LOCKHAVEN	20010113	25	78	-89	25	78	-89	172.5	41.1167	-77.4500
USC00365109	LOCKHAVEN	20010114	25	67	-94	25	67	-94	172.5	41.1167	-77.4500
USC00365109	LOCKHAVEN	20010115	0	11	-67	0	11	-67	172.5	41.1167	-77.4500
USC00365109	LOCKHAVEN	20010116	0	33	0	0	33	0	172.5	41.1167	-77.4500
USC00365109	LOCKHAVEN	20010117	0	39	11	0	39	11	172.5	41.1167	-77.4500
USC00365109	LOCKHAVEN	20010118	0	17	-11	0	17	-11	172.5	41.1167	-77.4500
USC00365109	LOCKHAVEN	20010119	51	39	-11	51	39	-11	172.5	41.1167	-77.4500
USC00365109	LOCKHAVEN	20010120	25	11	-11	25	11	-11	172.5	41.1167	-77.4500
USC00365109	LOCKHAVEN	20010121	102	-6	-83	102	-6	-83	172.5	41.1167	-77.4500
USC00365109	LOCKHAVEN	20010122	76	-11	-94	76	-11	-94	172.5	41.1167	-77.4500
USC00365109	LOCKHAVEN	20010123	76	17	-122	76	17	-122	172.5	41.1167	-77.4500
USC00365109	LOCKHAVEN	20010124	51	33	-139	51	33	-139	172.5	41.1167	-77.4500
USC00365109	LOCKHAVEN	20010125	51	56	-61	51	56	-61	172.5	41.1167	-77.4500
USC00365109	LOCKHAVEN	20010126	0	17	-100	0	17	-100	172.5	41.1167	-77.4500
USC00365109	LOCKHAVEN	20010127	25	17	-100	25	17	-100	172.5	41.1167	-77.4500
USC00365109	LOCKHAVEN	20010128	25	28	-50	25	28	-50	172.5	41.1167	-77.4500
USC00365109	LOCKHAVEN	20010129	25	17	-106	25	17	-106	172.5	41.1167	-77.4500
USC00365109	LOCKHAVEN	20010130	0	6	-106	0	6	-106	172.5	41.1167	-77.4500
USC00365109	LOCKHAVEN	20010131	0	44	0	0	44	0	172.5	41.1167	-77.4500
USC00365109	LOCKHAVEN	20020101	0	0	-122	0	0	-122	172.5	41.1167	-77.4500
USC00365109	LOCKHAVEN	20020102	0	17	-117	0	17	-117	172.5	41.1167	-77.4500
USC00365109	LOCKHAVEN	20020103	0	39	-117	0	39	-117	172.5	41.1167	-77.4500
USC00365109	LOCKHAVEN	20020104	0	22	-117	0	22	-117	172.5	41.1167	-77.4500
USC00365109	LOCKHAVEN	20020105	0	61	-22	0	61	-22	172.5	41.1167	-77.4500
USC00365109	LOCKHAVEN	20020106	254	17	-17	254	17	-17	172.5	41.1167	-77.4500
USC00365109	LOCKHAVEN	20020107	127	28	-39	127	28	-39	172.5	41.1167	-77.4500
USC00365109	LOCKHAVEN	20020108	127	0	-61	127	0	-61	172.5	41.1167	-77.4500
USC00365109	LOCKHAVEN	20020109	76	83	-44	76	83	-44	172.5	41.1167	-77.4500
USC00365109	LOCKHAVEN	20020110	0	117	11	0	117	11	172.5	41.1167	-77.4500
USC00365109	LOCKHAVEN	20020111	25	61	6	25	61	6	172.5	41.1167	-77.4500
USC00365109	LOCKHAVEN	20020112	25	72	-17	25	72	-17	172.5	41.1167	-77.4500
USC00365109	LOCKHAVEN	20020113	0	39	-44	0	39	-44	172.5	41.1167	-77.4500
USC00365109	LOCKHAVEN	20020114	0	67	-33	0	67	-33	172.5	41.1167	-77.4500
USC00365109	LOCKHAVEN	20020115	0	50	11	0	50	11	172.5	41.1167	-77.4500
USC00365109	LOCKHAVEN	20020116	0	39	-6	0	39	-6	172.5	41.1167	-77.4500
USC00365109	LOCKHAVEN	20020117	0	56	-28	0	56	-28	172.5	41.1167	-77.4500
USC00365109	LOCKHAVEN	20020118	0	17	-67	0	17	-67	172.5	41.1167	-77.4500
USC00365109	LOCKHAVEN	20020119	76	-33	-106	76	-33	-106	172.5	41.1167	-77.4500
USC00365109	LOCKHAVEN	20020120	51	28	-89	51	28	-89	172.5	41.1167	-77.4500
USC00365109	LOCKHAVEN	20020121	25	39	-44	25	39	-44	172.5	41.1167	-77.4500
USC00365109	LOCKHAVEN	20020122	0	89	-33	0	89	-33	172.5	41.1167	-77.4500
USC00365109	LOCKHAVEN	20020123	0	44	-28	0	44	-28	172.5	41.1167	-77.4500
USC00365109	LOCKHAVEN	20020124	0	61	-11	0	61	-11	172.5	41.1167	-77.4500
USC00365109	LOCKHAVEN	20020125	0	83	-44	0	83	-44	172.5	41.1167	-77.4500
USC00365109	LOCKHAVEN	20020126	0	133	-50	0	133	-50	172.5	41.1167	-77.4500
USC00365109	LOCKHAVEN	20020127	0	183	-50	0	183	-50	172.5	41.1167	-77.4500
USC00365109	LOCKHAVEN	20020128	0	178	-28	0	178	-28	172.5	41.1167	-77.4500
USC00365109	LOCKHAVEN	20020129	0	194	11	0	194	11	172.5	41.1167	-77.4500
USC00365109	LOCKHAVEN	20020130	0	122	6	0	122	6	172.5	41.1167	-77.4500
USC00365109	LOCKHAVEN	20020131	0	61	6	0	61	6	172.5	41.1167	-77.4500
USC00365109	LOCKHAVEN	20030101	0	28	-22	0	28	-22	172.5	41.1167	-77.4500
USC00365109	LOCKHAVEN	20030102	25	-6	-28	25	-6	-28	172.5	41.1167	-77.4500
USC00365109	LOCKHAVEN	20030103	178	-6	-28	178	-6	-28	172.5	41.1167	-77.4500
USC00365109	LOCKHAVEN	20030104	127	6	-100	127	6	-100	172.5	41.1167	-77.4500
USC00365109	LOCKHAVEN	20030105	102	-17	-89	102	-17	-89	172.5	41.1167	-77.4500
USC00365109	LOCKHAVEN	20030106	76	6	-89	76	6	-89	172.5	41.1167	-77.4500
USC00365109	LOCKHAVEN	20030107	51	28	-89	51	28	-89	172.5	41.1167	-77.4500
USC00365109	LOCKHAVEN	20030108	25	78	22	25	78	22	172.5	41.1167	-77.4500
USC00365109	LOCKHAVEN	20030109	0	94	11	0	94	11	172.5	41.1167	-77.4500
USC00365109	LOCKHAVEN	20030110	0	11	-67	0	11	-67	172.5	41.1167	-77.4500
USC00365109	LOCKHAVEN	20030111	0	-33	-67	0	-33	-67	172.5	41.1167	-77.4500
USC00365109	LOCKHAVEN	20030112	0	-6	-100	0	-6	-100	172.5	41.1167	-77.4500
USC00365109	LOCKHAVEN	20030113	0	11	-106	0	11	-106	172.5	41.1167	-77.4500
USC00365109	LOCKHAVEN	20030114	0	-33	-106	0	-33	-106	172.5	41.1167	-77.4500
USC00365109	LOCKHAVEN	20030115	0	-39	-128	0	-39	-128	172.5	41.1167	-77.4500
USC00365109	LOCKHAVEN	20030116	0	-56	-128	0	-56	-128	172.5	41.1167	-77.4500
USC00365109	LOCKHAVEN	20030117	0	-28	-194	0	-28	-194	172.5	41.1167	-77.4500
USC00365109	LOCKHAVEN	20030118	0	-72	-194	0	-72	-194	172.5	41.1167	-77.4500
USC00365109	LOCKHAVEN	20030119	0	-28	-111	0	-28	-111	172.5	41.1167	-77.4500
USC00365109	LOCKHAVEN	20030120	0	-44	-133	0	-44	-133	172.5	41.1167	-77.4500
USC00365109	LOCKHAVEN	20030121	0	-44	-161	0	-44	-161	172.5	41.1167	-77.4500
USC00365109	LOCKHAVEN	20030122	0	-61	-183	0	-61	-183	172.5	41.1167	-77.4500
USC00365109	LOCKHAVEN	20030123	0	-89	-161	0	-89	-161	172.5	41.1167	-77.4500
USC00365109	LOCKHAVEN	20030124	0	-17	-144	0	-17	-144	172.5	41.1167	-77.4500
USC00365109	LOCKHAVEN	20030125	0	-28	-83	0	-28	-83	172.5	41.1167	-77.4500
USC00365109	LOCKHAVEN	20030126	0	-22	-183	0	-22	-183	172.5	41.1167	-77.4500
USC00365109	LOCKHAVEN	20030127	0	-72	-183	0	-72	-183	172.5	41.1167	-77.4500
USC00365109	LOCKHAVEN	20030128	0	-67	-139	0	-67	-139	172.5	41.1167	-77.4500
USC00365109	LOCKHAVEN	20030129	0	39	-139	0	39	-139	172.5	41.1167	-77.4500
USC00365109	LOCKHAVEN	20030130	0	6	-161	0	6	-161	172.5	41.1167	-77.4500
USC00365109	LOCKHAVEN	20030131	0	0	-50	0	0	-50	172.5	41.1167	-77.4500
USC00365109	LOCKHAVEN	20040101	0	100	-33	0	100	-33	172.5	41.1167	-77.4500
USC00365109	LOCKHAVEN	20040102	0	78	-22	0	78	-22	172.5	41.1167	-77.4500
USC00365109	LOCKHAVEN	20040103	0	39	6	0	39	6	172.5	41.1167	-77.4500
USC00365109	LOCKHAVEN	20040104	0	78	33	0	78	33	172.5	41.1167	-77.4500
USC00365109	LOCKHAVEN	20040105	0	56	6	0	56	6	172.5	41.1167	-77.4500
USC00365109	LOCKHAVEN	20040106	25	44	-22	25	44	-22	172.5	41.1167	-77.4500
USC00365109	LOCKHAVEN	20040107	0	-11	-172	0	-11	-172	172.5	41.1167	-77.4500
USC00365109	LOCKHAVEN	20040108	0	-56	-100	0	-56	-100	172.5	41.1167	-77.4500
USC00365109	LOCKHAVEN	20040109	0	-11	-111	0	-11	-111	172.5	41.1167	-77.4500
USC00365109	LOCKHAVEN	20040110	0	-67	-183	0	-67	-183	172.5	41.1167	-77.4500
USC00365109	LOCKHAVEN	20040111	0	-83	-183	0	-83	-183	172.5	41.1167	-77.4500
USC00365109	LOCKHAVEN	20040112	0	0	-133	0	0	-133	172.5	41.1167	-77.4500
USC00365109	LOCKHAVEN	20040113	0	50	-39	0	50	-39	172.5	41.1167	-77.4500
USC00365109	LOCKHAVEN	20040114	0	33	-122	0	33	-122	172.5	41.1167	-77.4500
USC00365109	LOCKHAVEN	20040115	127	-94	-150	127	-94	-150	172.5	41.1167	-77.4500
USC00365109	LOCKHAVEN	20040116	127	-89	-200	127	-89	-200	172.5	41.1167	-77.4500
USC00365109	LOCKHAVEN	20040117	9999	-50	-194	NA	-50	-194	172.5	41.1167	-77.4500
USC00365109	LOCKHAVEN	20040118	127	-56	-167	127	-56	-167	172.5	41.1167	-77.4500
USC00365109	LOCKHAVEN	20040119	102	6	-67	102	6	-67	172.5	41.1167	-77.4500
USC00365109	LOCKHAVEN	20040120	102	-39	-67	102	-39	-67	172.5	41.1167	-77.4500
USC00365109	LOCKHAVEN	20040121	102	-28	-139	102	-28	-139	172.5	41.1167	-77.4500
USC00365109	LOCKHAVEN	20040122	102	-39	-111	102	-39	-111	172.5	41.1167	-77.4500
USC00365109	LOCKHAVEN	20040123	102	22	-144	102	22	-144	172.5	41.1167	-77.4500
USC00365109	LOCKHAVEN	20040124	76	-89	-150	76	-89	-150	172.5	41.1167	-77.4500
USC00365109	LOCKHAVEN	20040125	102	-56	-200	102	-56	-200	172.5	41.1167	-77.4500
USC00365109	LOCKHAVEN	20040126	203	-83	-200	203	-83	-200	172.5	41.1167	-77.4500
USC00365109	LOCKHAVEN	20040127	203	-89	-111	203	-89	-111	172.5	41.1167	-77.4500
USC00365109	LOCKHAVEN	20040128	330	-50	-89	330	-50	-89	172.5	41.1167	-77.4500
USC00365109	LOCKHAVEN	20040129	305	-44	-89	305	-44	-89	172.5	41.1167	-77.4500
USC00365109	LOCKHAVEN	20040130	305	-50	-167	305	-50	-167	172.5	41.1167	-77.4500
USC00365109	LOCKHAVEN	20040131	305	-72	-167	305	-72	-167	172.5	41.1167	-77.4500
USC00365109	LOCKHAVEN	20050101	0	128	28	0	128	28	172.5	41.1167	-77.4500
USC00365109	LOCKHAVEN	20050102	0	156	-28	0	156	-28	172.5	41.1167	-77.4500
USC00365109	LOCKHAVEN	20050103	0	67	0	0	67	0	172.5	41.1167	-77.4500
USC00365109	LOCKHAVEN	20050104	0	56	33	0	56	33	172.5	41.1167	-77.4500
USC00365109	LOCKHAVEN	20050105	0	94	22	0	94	22	172.5	41.1167	-77.4500
USC00365109	LOCKHAVEN	20050106	51	22	-22	51	22	-22	172.5	41.1167	-77.4500
USC00365109	LOCKHAVEN	20050107	0	50	-22	0	50	-22	172.5	41.1167	-77.4500
USC00365109	LOCKHAVEN	20050108	25	17	-11	25	17	-11	172.5	41.1167	-77.4500
USC00365109	LOCKHAVEN	20050109	0	44	0	0	44	0	172.5	41.1167	-77.4500
USC00365109	LOCKHAVEN	20050110	0	28	-17	0	28	-17	172.5	41.1167	-77.4500
USC00365109	LOCKHAVEN	20050111	0	56	-17	0	56	-17	172.5	41.1167	-77.4500
USC00365109	LOCKHAVEN	20050112	0	17	-6	0	17	-6	172.5	41.1167	-77.4500
USC00365109	LOCKHAVEN	20050113	0	39	17	0	39	17	172.5	41.1167	-77.4500
USC00365109	LOCKHAVEN	20050114	0	194	17	0	194	17	172.5	41.1167	-77.4500
USC00365109	LOCKHAVEN	20050115	0	44	-72	0	44	-72	172.5	41.1167	-77.4500
USC00365109	LOCKHAVEN	20050116	0	-6	-67	0	-6	-67	172.5	41.1167	-77.4500
USC00365109	LOCKHAVEN	20050117	51	-28	-100	51	-28	-100	172.5	41.1167	-77.4500
USC00365109	LOCKHAVEN	20050118	25	-56	-144	25	-56	-144	172.5	41.1167	-77.4500
USC00365109	LOCKHAVEN	20050119	25	-89	-144	25	-89	-144	172.5	41.1167	-77.4500
USC00365109	LOCKHAVEN	20050120	51	-28	-111	51	-28	-111	172.5	41.1167	-77.4500
USC00365109	LOCKHAVEN	20050121	25	-17	-161	25	-17	-161	172.5	41.1167	-77.4500
USC00365109	LOCKHAVEN	20050122	25	-67	-172	25	-67	-172	172.5	41.1167	-77.4500
USC00365109	LOCKHAVEN	20050123	127	-83	-156	127	-83	-156	172.5	41.1167	-77.4500
USC00365109	LOCKHAVEN	20050124	102	-78	-183	102	-78	-183	172.5	41.1167	-77.4500
USC00365109	LOCKHAVEN	20050125	127	-44	-178	127	-44	-178	172.5	41.1167	-77.4500
USC00365109	LOCKHAVEN	20050126	102	0	-39	102	0	-39	172.5	41.1167	-77.4500
USC00365109	LOCKHAVEN	20050127	102	22	-178	102	22	-178	172.5	41.1167	-77.4500
USC00365109	LOCKHAVEN	20050128	102	-61	-206	102	-61	-206	172.5	41.1167	-77.4500
USC00365109	LOCKHAVEN	20050129	102	-56	-206	102	-56	-206	172.5	41.1167	-77.4500
USC00365109	LOCKHAVEN	20050130	76	-28	-94	76	-28	-94	172.5	41.1167	-77.4500
USC00365109	LOCKHAVEN	20050131	51	50	-117	51	50	-117	172.5	41.1167	-77.4500
