STATION	NAME	DATE	SNWD	TMAX	TMIN	SNWD2	TMAX2	TMIN2	ELEV	LAT	LONG
USC00285003	LONGVALLEY	19950101	9999	44	-106	NA	44	-106	167.6	40.78333	-74.78333
USC00285003	LONGVALLEY	19950102	9999	100	-11	NA	100	-11	167.6	40.78333	-74.78333
USC00285003	LONGVALLEY	19950103	9999	33	-83	NA	33	-83	167.6	40.78333	-74.78333
USC00285003	LONGVALLEY	19950104	9999	-22	-78	NA	-22	-78	167.6	40.78333	-74.78333
USC00285003	LONGVALLEY	19950105	9999	0	-128	NA	0	-128	167.6	40.78333	-74.78333
USC00285003	LONGVALLEY	19950106	9999	-39	-133	NA	-39	-133	167.6	40.78333	-74.78333
USC00285003	LONGVALLEY	19950107	9999	6	-106	NA	6	-106	167.6	40.78333	-74.78333
USC00285003	LONGVALLEY	19950108	9999	61	-44	NA	61	-44	167.6	40.78333	-74.78333
USC00285003	LONGVALLEY	19950109	9999	28	-78	NA	28	-78	167.6	40.78333	-74.78333
USC00285003	LONGVALLEY	19950110	9999	39	-89	NA	39	-89	167.6	40.78333	-74.78333
USC00285003	LONGVALLEY	19950111	9999	0	-83	NA	0	-83	167.6	40.78333	-74.78333
USC00285003	LONGVALLEY	19950112	9999	11	-39	NA	11	-39	167.6	40.78333	-74.78333
USC00285003	LONGVALLEY	19950113	9999	39	0	NA	39	0	167.6	40.78333	-74.78333
USC00285003	LONGVALLEY	19950114	9999	122	17	NA	122	17	167.6	40.78333	-74.78333
USC00285003	LONGVALLEY	19950115	9999	183	44	NA	183	44	167.6	40.78333	-74.78333
USC00285003	LONGVALLEY	19950116	9999	178	133	NA	178	133	167.6	40.78333	-74.78333
USC00285003	LONGVALLEY	19950117	9999	144	39	NA	144	39	167.6	40.78333	-74.78333
USC00285003	LONGVALLEY	19950118	9999	128	33	NA	128	33	167.6	40.78333	-74.78333
USC00285003	LONGVALLEY	19950119	9999	61	17	NA	61	17	167.6	40.78333	-74.78333
USC00285003	LONGVALLEY	19950120	9999	56	22	NA	56	22	167.6	40.78333	-74.78333
USC00285003	LONGVALLEY	19950121	9999	83	11	NA	83	11	167.6	40.78333	-74.78333
USC00285003	LONGVALLEY	19950122	9999	44	-28	NA	44	-28	167.6	40.78333	-74.78333
USC00285003	LONGVALLEY	19950123	9999	11	-61	NA	11	-61	167.6	40.78333	-74.78333
USC00285003	LONGVALLEY	19950124	9999	28	-56	NA	28	-56	167.6	40.78333	-74.78333
USC00285003	LONGVALLEY	19950125	9999	22	-28	NA	22	-28	167.6	40.78333	-74.78333
USC00285003	LONGVALLEY	19950126	9999	50	-28	NA	50	-28	167.6	40.78333	-74.78333
USC00285003	LONGVALLEY	19950127	9999	33	-44	NA	33	-44	167.6	40.78333	-74.78333
USC00285003	LONGVALLEY	19950128	9999	39	-83	NA	39	-83	167.6	40.78333	-74.78333
USC00285003	LONGVALLEY	19950129	9999	0	-106	NA	0	-106	167.6	40.78333	-74.78333
USC00285003	LONGVALLEY	19950130	9999	28	-122	NA	28	-122	167.6	40.78333	-74.78333
USC00285003	LONGVALLEY	19950131	9999	61	-117	NA	61	-117	167.6	40.78333	-74.78333
USC00285003	LONGVALLEY	19960101	9999	83	-61	NA	83	-61	167.6	40.78333	-74.78333
USC00285003	LONGVALLEY	19960102	9999	67	6	NA	67	6	167.6	40.78333	-74.78333
USC00285003	LONGVALLEY	19960103	9999	28	-44	NA	28	-44	167.6	40.78333	-74.78333
USC00285003	LONGVALLEY	19960104	9999	0	-106	NA	0	-106	167.6	40.78333	-74.78333
USC00285003	LONGVALLEY	19960105	9999	-39	-133	NA	-39	-133	167.6	40.78333	-74.78333
USC00285003	LONGVALLEY	19960106	9999	-28	-167	NA	-28	-167	167.6	40.78333	-74.78333
USC00285003	LONGVALLEY	19960107	9999	-72	-156	NA	-72	-156	167.6	40.78333	-74.78333
USC00285003	LONGVALLEY	19960108	9999	-50	-78	NA	-50	-78	167.6	40.78333	-74.78333
USC00285003	LONGVALLEY	19960109	9999	-44	-200	NA	-44	-200	167.6	40.78333	-74.78333
USC00285003	LONGVALLEY	19960110	9999	-39	-78	NA	-39	-78	167.6	40.78333	-74.78333
USC00285003	LONGVALLEY	19960111	9999	-22	-117	NA	-22	-117	167.6	40.78333	-74.78333
USC00285003	LONGVALLEY	19960112	9999	0	-111	NA	0	-111	167.6	40.78333	-74.78333
USC00285003	LONGVALLEY	19960113	9999	17	-56	NA	17	-56	167.6	40.78333	-74.78333
USC00285003	LONGVALLEY	19960114	9999	28	-100	NA	28	-100	167.6	40.78333	-74.78333
USC00285003	LONGVALLEY	19960115	9999	61	-94	NA	61	-94	167.6	40.78333	-74.78333
USC00285003	LONGVALLEY	19960116	9999	39	-144	NA	39	-144	167.6	40.78333	-74.78333
USC00285003	LONGVALLEY	19960117	9999	11	-117	NA	11	-117	167.6	40.78333	-74.78333
USC00285003	LONGVALLEY	19960118	9999	67	-28	NA	67	-28	167.6	40.78333	-74.78333
USC00285003	LONGVALLEY	19960119	9999	128	-11	NA	128	-11	167.6	40.78333	-74.78333
USC00285003	LONGVALLEY	19960120	9999	139	-89	NA	139	-89	167.6	40.78333	-74.78333
USC00285003	LONGVALLEY	19960121	9999	-11	-117	NA	-11	-117	167.6	40.78333	-74.78333
USC00285003	LONGVALLEY	19960122	9999	-11	-89	NA	-11	-89	167.6	40.78333	-74.78333
USC00285003	LONGVALLEY	19960123	9999	44	-89	NA	44	-89	167.6	40.78333	-74.78333
USC00285003	LONGVALLEY	19960124	9999	28	0	NA	28	0	167.6	40.78333	-74.78333
USC00285003	LONGVALLEY	19960125	9999	100	-39	NA	100	-39	167.6	40.78333	-74.78333
USC00285003	LONGVALLEY	19960126	9999	0	-89	NA	0	-89	167.6	40.78333	-74.78333
USC00285003	LONGVALLEY	19960127	9999	89	-78	NA	89	-78	167.6	40.78333	-74.78333
USC00285003	LONGVALLEY	19960128	9999	122	-33	NA	122	-33	167.6	40.78333	-74.78333
USC00285003	LONGVALLEY	19960129	9999	17	-72	NA	17	-72	167.6	40.78333	-74.78333
USC00285003	LONGVALLEY	19960130	9999	11	-50	NA	11	-50	167.6	40.78333	-74.78333
USC00285003	LONGVALLEY	19960131	9999	50	-44	NA	50	-44	167.6	40.78333	-74.78333
USC00285003	LONGVALLEY	19970101	9999	17	-133	NA	17	-133	167.6	40.78333	-74.78333
USC00285003	LONGVALLEY	19970102	9999	-17	-117	NA	-17	-117	167.6	40.78333	-74.78333
USC00285003	LONGVALLEY	19970103	9999	39	-22	NA	39	-22	167.6	40.78333	-74.78333
USC00285003	LONGVALLEY	19970104	9999	161	39	NA	161	39	167.6	40.78333	-74.78333
USC00285003	LONGVALLEY	19970105	9999	89	44	NA	89	44	167.6	40.78333	-74.78333
USC00285003	LONGVALLEY	19970106	9999	117	44	NA	117	44	167.6	40.78333	-74.78333
USC00285003	LONGVALLEY	19970107	9999	94	-39	NA	94	-39	167.6	40.78333	-74.78333
USC00285003	LONGVALLEY	19970108	9999	17	-50	NA	17	-50	167.6	40.78333	-74.78333
USC00285003	LONGVALLEY	19970109	9999	22	-56	NA	22	-56	167.6	40.78333	-74.78333
USC00285003	LONGVALLEY	19970110	9999	6	-44	NA	6	-44	167.6	40.78333	-74.78333
USC00285003	LONGVALLEY	19970111	9999	44	-56	NA	44	-56	167.6	40.78333	-74.78333
USC00285003	LONGVALLEY	19970112	9999	-17	-117	NA	-17	-117	167.6	40.78333	-74.78333
USC00285003	LONGVALLEY	19970113	9999	-22	-100	NA	-22	-100	167.6	40.78333	-74.78333
USC00285003	LONGVALLEY	19970114	9999	11	-94	NA	11	-94	167.6	40.78333	-74.78333
USC00285003	LONGVALLEY	19970115	9999	0	-111	NA	0	-111	167.6	40.78333	-74.78333
USC00285003	LONGVALLEY	19970116	9999	39	-111	NA	39	-111	167.6	40.78333	-74.78333
USC00285003	LONGVALLEY	19970117	9999	61	-133	NA	61	-133	167.6	40.78333	-74.78333
USC00285003	LONGVALLEY	19970118	9999	-89	-167	NA	-89	-167	167.6	40.78333	-74.78333
USC00285003	LONGVALLEY	19970119	9999	-111	-189	NA	-111	-189	167.6	40.78333	-74.78333
USC00285003	LONGVALLEY	19970120	9999	-67	-178	NA	-67	-178	167.6	40.78333	-74.78333
USC00285003	LONGVALLEY	19970121	9999	-11	-111	NA	-11	-111	167.6	40.78333	-74.78333
USC00285003	LONGVALLEY	19970122	9999	44	-72	NA	44	-72	167.6	40.78333	-74.78333
USC00285003	LONGVALLEY	19970123	9999	72	-22	NA	72	-22	167.6	40.78333	-74.78333
USC00285003	LONGVALLEY	19970124	9999	111	-67	NA	111	-67	167.6	40.78333	-74.78333
USC00285003	LONGVALLEY	19970125	9999	61	-61	NA	61	-61	167.6	40.78333	-74.78333
USC00285003	LONGVALLEY	19970126	9999	78	-33	NA	78	-33	167.6	40.78333	-74.78333
USC00285003	LONGVALLEY	19970127	9999	6	-78	NA	6	-78	167.6	40.78333	-74.78333
USC00285003	LONGVALLEY	19970128	9999	28	-67	NA	28	-67	167.6	40.78333	-74.78333
USC00285003	LONGVALLEY	19970129	9999	56	-67	NA	56	-67	167.6	40.78333	-74.78333
USC00285003	LONGVALLEY	19970130	9999	-11	-106	NA	-11	-106	167.6	40.78333	-74.78333
USC00285003	LONGVALLEY	19970131	9999	-11	-89	NA	-11	-89	167.6	40.78333	-74.78333
USC00285003	LONGVALLEY	19980101	9999	-11	-122	NA	-11	-122	167.6	40.78333	-74.78333
USC00285003	LONGVALLEY	19980102	9999	-11	-117	NA	-11	-117	167.6	40.78333	-74.78333
USC00285003	LONGVALLEY	19980103	9999	83	-6	NA	83	-6	167.6	40.78333	-74.78333
USC00285003	LONGVALLEY	19980104	9999	167	56	NA	167	56	167.6	40.78333	-74.78333
USC00285003	LONGVALLEY	19980105	9999	167	44	NA	167	44	167.6	40.78333	-74.78333
USC00285003	LONGVALLEY	19980106	9999	89	56	NA	89	56	167.6	40.78333	-74.78333
USC00285003	LONGVALLEY	19980107	9999	167	67	NA	167	67	167.6	40.78333	-74.78333
USC00285003	LONGVALLEY	19980108	9999	156	78	NA	156	78	167.6	40.78333	-74.78333
USC00285003	LONGVALLEY	19980109	9999	200	89	NA	200	89	167.6	40.78333	-74.78333
USC00285003	LONGVALLEY	19980110	9999	178	11	NA	178	11	167.6	40.78333	-74.78333
USC00285003	LONGVALLEY	19980111	9999	100	-22	NA	100	-22	167.6	40.78333	-74.78333
USC00285003	LONGVALLEY	19980112	9999	111	-33	NA	111	-33	167.6	40.78333	-74.78333
USC00285003	LONGVALLEY	19980113	9999	56	-22	NA	56	-22	167.6	40.78333	-74.78333
USC00285003	LONGVALLEY	19980114	9999	78	-50	NA	78	-50	167.6	40.78333	-74.78333
USC00285003	LONGVALLEY	19980115	9999	11	-78	NA	11	-78	167.6	40.78333	-74.78333
USC00285003	LONGVALLEY	19980116	9999	39	-56	NA	39	-56	167.6	40.78333	-74.78333
USC00285003	LONGVALLEY	19980117	9999	33	-11	NA	33	-11	167.6	40.78333	-74.78333
USC00285003	LONGVALLEY	19980118	9999	50	-11	NA	50	-11	167.6	40.78333	-74.78333
USC00285003	LONGVALLEY	19980119	9999	17	-11	NA	17	-11	167.6	40.78333	-74.78333
USC00285003	LONGVALLEY	19980120	9999	33	-11	NA	33	-11	167.6	40.78333	-74.78333
USC00285003	LONGVALLEY	19980121	9999	39	-50	NA	39	-50	167.6	40.78333	-74.78333
USC00285003	LONGVALLEY	19980122	9999	28	-39	NA	28	-39	167.6	40.78333	-74.78333
USC00285003	LONGVALLEY	19980123	9999	33	-39	NA	33	-39	167.6	40.78333	-74.78333
USC00285003	LONGVALLEY	19980124	9999	39	11	NA	39	11	167.6	40.78333	-74.78333
USC00285003	LONGVALLEY	19980125	9999	67	-11	NA	67	-11	167.6	40.78333	-74.78333
USC00285003	LONGVALLEY	19980126	9999	44	-44	NA	44	-44	167.6	40.78333	-74.78333
USC00285003	LONGVALLEY	19980127	9999	56	-44	NA	56	-44	167.6	40.78333	-74.78333
USC00285003	LONGVALLEY	19980128	9999	28	-22	NA	28	-22	167.6	40.78333	-74.78333
USC00285003	LONGVALLEY	19980129	9999	22	-22	NA	22	-22	167.6	40.78333	-74.78333
USC00285003	LONGVALLEY	19980130	9999	111	-22	NA	111	-22	167.6	40.78333	-74.78333
USC00285003	LONGVALLEY	19980131	9999	83	-11	NA	83	-11	167.6	40.78333	-74.78333
USC00285003	LONGVALLEY	19990101	9999	-56	-100	NA	-56	-100	167.6	40.78333	-74.78333
USC00285003	LONGVALLEY	19990102	9999	-28	-150	NA	-28	-150	167.6	40.78333	-74.78333
USC00285003	LONGVALLEY	19990103	9999	17	-139	NA	17	-139	167.6	40.78333	-74.78333
USC00285003	LONGVALLEY	19990104	9999	83	-56	NA	83	-56	167.6	40.78333	-74.78333
USC00285003	LONGVALLEY	19990105	9999	-22	-111	NA	-22	-111	167.6	40.78333	-74.78333
USC00285003	LONGVALLEY	19990106	9999	-28	-128	NA	-28	-128	167.6	40.78333	-74.78333
USC00285003	LONGVALLEY	19990107	9999	-6	-128	NA	-6	-128	167.6	40.78333	-74.78333
USC00285003	LONGVALLEY	19990108	9999	0	-94	NA	0	-94	167.6	40.78333	-74.78333
USC00285003	LONGVALLEY	19990109	9999	6	-72	NA	6	-72	167.6	40.78333	-74.78333
USC00285003	LONGVALLEY	19990110	9999	44	-89	NA	44	-89	167.6	40.78333	-74.78333
USC00285003	LONGVALLEY	19990111	9999	-17	-89	NA	-17	-89	167.6	40.78333	-74.78333
USC00285003	LONGVALLEY	19990112	9999	-39	-89	NA	-39	-89	167.6	40.78333	-74.78333
USC00285003	LONGVALLEY	19990113	9999	67	-67	NA	67	-67	167.6	40.78333	-74.78333
USC00285003	LONGVALLEY	19990114	9999	83	-111	NA	83	-111	167.6	40.78333	-74.78333
USC00285003	LONGVALLEY	19990115	9999	6	-111	NA	6	-111	167.6	40.78333	-74.78333
USC00285003	LONGVALLEY	19990116	9999	22	-78	NA	22	-78	167.6	40.78333	-74.78333
USC00285003	LONGVALLEY	19990117	9999	56	-67	NA	56	-67	167.6	40.78333	-74.78333
USC00285003	LONGVALLEY	19990118	9999	100	0	NA	100	0	167.6	40.78333	-74.78333
USC00285003	LONGVALLEY	19990119	9999	122	11	NA	122	11	167.6	40.78333	-74.78333
USC00285003	LONGVALLEY	19990120	9999	78	17	NA	78	17	167.6	40.78333	-74.78333
USC00285003	LONGVALLEY	19990121	9999	78	-33	NA	78	-33	167.6	40.78333	-74.78333
USC00285003	LONGVALLEY	19990122	9999	61	-33	NA	61	-33	167.6	40.78333	-74.78333
USC00285003	LONGVALLEY	19990123	9999	50	44	NA	50	44	167.6	40.78333	-74.78333
USC00285003	LONGVALLEY	19990124	9999	161	44	NA	161	44	167.6	40.78333	-74.78333
USC00285003	LONGVALLEY	19990125	9999	144	11	NA	144	11	167.6	40.78333	-74.78333
USC00285003	LONGVALLEY	19990126	9999	28	-28	NA	28	-28	167.6	40.78333	-74.78333
USC00285003	LONGVALLEY	19990127	9999	44	-56	NA	44	-56	167.6	40.78333	-74.78333
USC00285003	LONGVALLEY	19990128	9999	67	-50	NA	67	-50	167.6	40.78333	-74.78333
USC00285003	LONGVALLEY	19990129	9999	117	11	NA	117	11	167.6	40.78333	-74.78333
USC00285003	LONGVALLEY	19990130	9999	28	-50	NA	28	-50	167.6	40.78333	-74.78333
USC00285003	LONGVALLEY	19990131	9999	33	-94	NA	33	-94	167.6	40.78333	-74.78333
USC00285003	LONGVALLEY	20000101	9999	33	-44	NA	33	-44	167.6	40.78333	-74.78333
USC00285003	LONGVALLEY	20000102	9999	78	-39	NA	78	-39	167.6	40.78333	-74.78333
USC00285003	LONGVALLEY	20000103	9999	122	0	NA	122	0	167.6	40.78333	-74.78333
USC00285003	LONGVALLEY	20000104	9999	133	67	NA	133	67	167.6	40.78333	-74.78333
USC00285003	LONGVALLEY	20000105	9999	167	33	NA	167	33	167.6	40.78333	-74.78333
USC00285003	LONGVALLEY	20000106	9999	33	-83	NA	33	-83	167.6	40.78333	-74.78333
USC00285003	LONGVALLEY	20000107	9999	44	-78	NA	44	-78	167.6	40.78333	-74.78333
USC00285003	LONGVALLEY	20000108	9999	78	-56	NA	78	-56	167.6	40.78333	-74.78333
USC00285003	LONGVALLEY	20000109	9999	33	-56	NA	33	-56	167.6	40.78333	-74.78333
USC00285003	LONGVALLEY	20000110	9999	100	0	NA	100	0	167.6	40.78333	-74.78333
USC00285003	LONGVALLEY	20000111	9999	111	11	NA	111	11	167.6	40.78333	-74.78333
USC00285003	LONGVALLEY	20000112	9999	78	0	NA	78	0	167.6	40.78333	-74.78333
USC00285003	LONGVALLEY	20000113	9999	67	-17	NA	67	-17	167.6	40.78333	-74.78333
USC00285003	LONGVALLEY	20000114	9999	0	-122	NA	0	-122	167.6	40.78333	-74.78333
USC00285003	LONGVALLEY	20000115	9999	-67	-122	NA	-67	-122	167.6	40.78333	-74.78333
USC00285003	LONGVALLEY	20000116	9999	-22	-122	NA	-22	-122	167.6	40.78333	-74.78333
USC00285003	LONGVALLEY	20000117	9999	56	-144	NA	56	-144	167.6	40.78333	-74.78333
USC00285003	LONGVALLEY	20000118	9999	-78	-167	NA	-78	-167	167.6	40.78333	-74.78333
USC00285003	LONGVALLEY	20000119	9999	-78	-161	NA	-78	-161	167.6	40.78333	-74.78333
USC00285003	LONGVALLEY	20000120	9999	-22	-111	NA	-22	-111	167.6	40.78333	-74.78333
USC00285003	LONGVALLEY	20000121	9999	-44	-133	NA	-44	-133	167.6	40.78333	-74.78333
USC00285003	LONGVALLEY	20000122	9999	-89	-178	NA	-89	-178	167.6	40.78333	-74.78333
USC00285003	LONGVALLEY	20000123	9999	-67	-178	NA	-67	-178	167.6	40.78333	-74.78333
USC00285003	LONGVALLEY	20000124	9999	-33	-94	NA	-33	-94	167.6	40.78333	-74.78333
USC00285003	LONGVALLEY	20000125	9999	33	-39	NA	33	-39	167.6	40.78333	-74.78333
USC00285003	LONGVALLEY	20000126	9999	-22	-67	NA	-22	-67	167.6	40.78333	-74.78333
USC00285003	LONGVALLEY	20000127	9999	-11	-100	NA	-11	-100	167.6	40.78333	-74.78333
USC00285003	LONGVALLEY	20000128	9999	-78	-167	NA	-78	-167	167.6	40.78333	-74.78333
USC00285003	LONGVALLEY	20000129	9999	-67	-156	NA	-67	-156	167.6	40.78333	-74.78333
USC00285003	LONGVALLEY	20000130	9999	33	-189	NA	33	-189	167.6	40.78333	-74.78333
USC00285003	LONGVALLEY	20000131	9999	22	-178	NA	22	-178	167.6	40.78333	-74.78333
USC00285003	LONGVALLEY	20010101	9999	-11	-111	NA	-11	-111	167.6	40.78333	-74.78333
USC00285003	LONGVALLEY	20010102	9999	11	-133	NA	11	-133	167.6	40.78333	-74.78333
USC00285003	LONGVALLEY	20010103	9999	-44	-167	NA	-44	-167	167.6	40.78333	-74.78333
USC00285003	LONGVALLEY	20010104	9999	0	-156	NA	0	-156	167.6	40.78333	-74.78333
USC00285003	LONGVALLEY	20010105	9999	-11	-144	NA	-11	-144	167.6	40.78333	-74.78333
USC00285003	LONGVALLEY	20010106	9999	-44	-133	NA	-44	-133	167.6	40.78333	-74.78333
USC00285003	LONGVALLEY	20010107	9999	33	-111	NA	33	-111	167.6	40.78333	-74.78333
USC00285003	LONGVALLEY	20010108	9999	67	-100	NA	67	-100	167.6	40.78333	-74.78333
USC00285003	LONGVALLEY	20010109	9999	33	-67	NA	33	-67	167.6	40.78333	-74.78333
USC00285003	LONGVALLEY	20010110	9999	-11	-67	NA	-11	-67	167.6	40.78333	-74.78333
USC00285003	LONGVALLEY	20010111	9999	-11	-122	NA	-11	-122	167.6	40.78333	-74.78333
USC00285003	LONGVALLEY	20010112	9999	67	-44	NA	67	-44	167.6	40.78333	-74.78333
USC00285003	LONGVALLEY	20010113	9999	44	-122	NA	44	-122	167.6	40.78333	-74.78333
USC00285003	LONGVALLEY	20010114	9999	44	-122	NA	44	-122	167.6	40.78333	-74.78333
USC00285003	LONGVALLEY	20010115	9999	33	-111	NA	33	-111	167.6	40.78333	-74.78333
USC00285003	LONGVALLEY	20010116	9999	11	-56	NA	11	-56	167.6	40.78333	-74.78333
USC00285003	LONGVALLEY	20010117	9999	44	-11	NA	44	-11	167.6	40.78333	-74.78333
USC00285003	LONGVALLEY	20010118	9999	33	-50	NA	33	-50	167.6	40.78333	-74.78333
USC00285003	LONGVALLEY	20010119	9999	0	-44	NA	0	-44	167.6	40.78333	-74.78333
USC00285003	LONGVALLEY	20010120	9999	11	0	NA	11	0	167.6	40.78333	-74.78333
USC00285003	LONGVALLEY	20010121	9999	-11	-78	NA	-11	-78	167.6	40.78333	-74.78333
USC00285003	LONGVALLEY	20010122	9999	0	-133	NA	0	-133	167.6	40.78333	-74.78333
USC00285003	LONGVALLEY	20010123	9999	11	-167	NA	11	-167	167.6	40.78333	-74.78333
USC00285003	LONGVALLEY	20010124	9999	22	-167	NA	22	-167	167.6	40.78333	-74.78333
USC00285003	LONGVALLEY	20010125	9999	44	-122	NA	44	-122	167.6	40.78333	-74.78333
USC00285003	LONGVALLEY	20010126	9999	33	-100	NA	33	-100	167.6	40.78333	-74.78333
USC00285003	LONGVALLEY	20010127	9999	11	-100	NA	11	-100	167.6	40.78333	-74.78333
USC00285003	LONGVALLEY	20010128	9999	33	-56	NA	33	-56	167.6	40.78333	-74.78333
USC00285003	LONGVALLEY	20010129	9999	11	-122	NA	11	-122	167.6	40.78333	-74.78333
USC00285003	LONGVALLEY	20010130	9999	22	-122	NA	22	-122	167.6	40.78333	-74.78333
USC00285003	LONGVALLEY	20010131	9999	67	-22	NA	67	-22	167.6	40.78333	-74.78333
USC00285003	LONGVALLEY	20020101	9999	-22	-133	NA	-22	-133	167.6	40.78333	-74.78333
USC00285003	LONGVALLEY	20020102	9999	0	-133	NA	0	-133	167.6	40.78333	-74.78333
USC00285003	LONGVALLEY	20020103	9999	0	-100	NA	0	-100	167.6	40.78333	-74.78333
USC00285003	LONGVALLEY	20020104	9999	11	-67	NA	11	-67	167.6	40.78333	-74.78333
USC00285003	LONGVALLEY	20020105	9999	22	-56	NA	22	-56	167.6	40.78333	-74.78333
USC00285003	LONGVALLEY	20020106	9999	33	-67	NA	33	-67	167.6	40.78333	-74.78333
USC00285003	LONGVALLEY	20020107	9999	11	-44	NA	11	-44	167.6	40.78333	-74.78333
USC00285003	LONGVALLEY	20020108	9999	0	-89	NA	0	-89	167.6	40.78333	-74.78333
USC00285003	LONGVALLEY	20020109	9999	11	-89	NA	11	-89	167.6	40.78333	-74.78333
USC00285003	LONGVALLEY	20020110	9999	11	-56	NA	11	-56	167.6	40.78333	-74.78333
USC00285003	LONGVALLEY	20020111	9999	100	0	NA	100	0	167.6	40.78333	-74.78333
USC00285003	LONGVALLEY	20020112	9999	44	0	NA	44	0	167.6	40.78333	-74.78333
USC00285003	LONGVALLEY	20020113	9999	56	-22	NA	56	-22	167.6	40.78333	-74.78333
USC00285003	LONGVALLEY	20020114	9999	44	-33	NA	44	-33	167.6	40.78333	-74.78333
USC00285003	LONGVALLEY	20020115	9999	56	-33	NA	56	-33	167.6	40.78333	-74.78333
USC00285003	LONGVALLEY	20020116	9999	78	-22	NA	78	-22	167.6	40.78333	-74.78333
USC00285003	LONGVALLEY	20020117	9999	44	-22	NA	44	-22	167.6	40.78333	-74.78333
USC00285003	LONGVALLEY	20020118	9999	44	-67	NA	44	-67	167.6	40.78333	-74.78333
USC00285003	LONGVALLEY	20020119	9999	0	-67	NA	0	-67	167.6	40.78333	-74.78333
USC00285003	LONGVALLEY	20020120	9999	-44	-122	NA	-44	-122	167.6	40.78333	-74.78333
USC00285003	LONGVALLEY	20020121	9999	22	-111	NA	22	-111	167.6	40.78333	-74.78333
USC00285003	LONGVALLEY	20020122	9999	11	-78	NA	11	-78	167.6	40.78333	-74.78333
USC00285003	LONGVALLEY	20020123	9999	67	-33	NA	67	-33	167.6	40.78333	-74.78333
USC00285003	LONGVALLEY	20020124	9999	67	0	NA	67	0	167.6	40.78333	-74.78333
USC00285003	LONGVALLEY	20020125	9999	56	33	NA	56	33	167.6	40.78333	-74.78333
USC00285003	LONGVALLEY	20020126	9999	78	-11	NA	78	-11	167.6	40.78333	-74.78333
USC00285003	LONGVALLEY	20020127	9999	100	-56	NA	100	-56	167.6	40.78333	-74.78333
USC00285003	LONGVALLEY	20020128	9999	156	-56	NA	156	-56	167.6	40.78333	-74.78333
USC00285003	LONGVALLEY	20020129	9999	144	-33	NA	144	-33	167.6	40.78333	-74.78333
USC00285003	LONGVALLEY	20020130	9999	178	-11	NA	178	-11	167.6	40.78333	-74.78333
USC00285003	LONGVALLEY	20020131	9999	133	22	NA	133	22	167.6	40.78333	-74.78333
USC00285003	LONGVALLEY	20030101	9999	67	-33	NA	67	-33	167.6	40.78333	-74.78333
USC00285003	LONGVALLEY	20030102	9999	33	11	NA	33	11	167.6	40.78333	-74.78333
USC00285003	LONGVALLEY	20030103	9999	0	-44	NA	0	-44	167.6	40.78333	-74.78333
USC00285003	LONGVALLEY	20030104	9999	-11	-44	NA	-11	-44	167.6	40.78333	-74.78333
USC00285003	LONGVALLEY	20030105	9999	11	-11	NA	11	-11	167.6	40.78333	-74.78333
USC00285003	LONGVALLEY	20030106	9999	11	-22	NA	11	-22	167.6	40.78333	-74.78333
USC00285003	LONGVALLEY	20030107	9999	0	-33	NA	0	-33	167.6	40.78333	-74.78333
USC00285003	LONGVALLEY	20030108	9999	-33	-67	NA	-33	-67	167.6	40.78333	-74.78333
USC00285003	LONGVALLEY	20030109	9999	44	-44	NA	44	-44	167.6	40.78333	-74.78333
USC00285003	LONGVALLEY	20030110	9999	67	-11	NA	67	-11	167.6	40.78333	-74.78333
USC00285003	LONGVALLEY	20030111	9999	22	-78	NA	22	-78	167.6	40.78333	-74.78333
USC00285003	LONGVALLEY	20030112	9999	-22	-89	NA	-22	-89	167.6	40.78333	-74.78333
USC00285003	LONGVALLEY	20030113	9999	-11	-111	NA	-11	-111	167.6	40.78333	-74.78333
USC00285003	LONGVALLEY	20030114	9999	11	-111	NA	11	-111	167.6	40.78333	-74.78333
USC00285003	LONGVALLEY	20030115	9999	11	-100	NA	11	-100	167.6	40.78333	-74.78333
USC00285003	LONGVALLEY	20030116	9999	-44	-122	NA	-44	-122	167.6	40.78333	-74.78333
USC00285003	LONGVALLEY	20030117	9999	11	-133	NA	11	-133	167.6	40.78333	-74.78333
USC00285003	LONGVALLEY	20030118	9999	-11	-189	NA	-11	-189	167.6	40.78333	-74.78333
USC00285003	LONGVALLEY	20030119	9999	-78	-189	NA	-78	-189	167.6	40.78333	-74.78333
USC00285003	LONGVALLEY	20030120	9999	-44	-156	NA	-44	-156	167.6	40.78333	-74.78333
USC00285003	LONGVALLEY	20030121	9999	-22	-56	NA	-22	-56	167.6	40.78333	-74.78333
USC00285003	LONGVALLEY	20030122	9999	-44	-133	NA	-44	-133	167.6	40.78333	-74.78333
USC00285003	LONGVALLEY	20030123	9999	-78	-178	NA	-78	-178	167.6	40.78333	-74.78333
USC00285003	LONGVALLEY	20030124	9999	-89	-178	NA	-89	-178	167.6	40.78333	-74.78333
USC00285003	LONGVALLEY	20030125	9999	-22	-167	NA	-22	-167	167.6	40.78333	-74.78333
USC00285003	LONGVALLEY	20030126	9999	-22	-89	NA	-22	-89	167.6	40.78333	-74.78333
USC00285003	LONGVALLEY	20030127	9999	-33	-156	NA	-33	-156	167.6	40.78333	-74.78333
USC00285003	LONGVALLEY	20030128	9999	-100	-156	NA	-100	-156	167.6	40.78333	-74.78333
USC00285003	LONGVALLEY	20030129	9999	-78	-178	NA	-78	-178	167.6	40.78333	-74.78333
USC00285003	LONGVALLEY	20030130	9999	-22	-89	NA	-22	-89	167.6	40.78333	-74.78333
USC00285003	LONGVALLEY	20030131	9999	11	-78	NA	11	-78	167.6	40.78333	-74.78333
USC00285003	LONGVALLEY	20040101	9999	67	-11	NA	67	-11	167.6	40.78333	-74.78333
USC00285003	LONGVALLEY	20040102	9999	67	-11	NA	67	-11	167.6	40.78333	-74.78333
USC00285003	LONGVALLEY	20040103	9999	78	11	NA	78	11	167.6	40.78333	-74.78333
USC00285003	LONGVALLEY	20040104	9999	133	44	NA	133	44	167.6	40.78333	-74.78333
USC00285003	LONGVALLEY	20040105	9999	100	22	NA	100	22	167.6	40.78333	-74.78333
USC00285003	LONGVALLEY	20040106	9999	22	0	NA	22	0	167.6	40.78333	-74.78333
USC00285003	LONGVALLEY	20040107	9999	22	-111	NA	22	-111	167.6	40.78333	-74.78333
USC00285003	LONGVALLEY	20040108	9999	-56	-111	NA	-56	-111	167.6	40.78333	-74.78333
USC00285003	LONGVALLEY	20040109	9999	-22	-100	NA	-22	-100	167.6	40.78333	-74.78333
USC00285003	LONGVALLEY	20040110	9999	-100	-200	NA	-100	-200	167.6	40.78333	-74.78333
USC00285003	LONGVALLEY	20040111	9999	-111	-189	NA	-111	-189	167.6	40.78333	-74.78333
USC00285003	LONGVALLEY	20040112	9999	-56	-133	NA	-56	-133	167.6	40.78333	-74.78333
USC00285003	LONGVALLEY	20040113	9999	11	-44	NA	11	-44	167.6	40.78333	-74.78333
USC00285003	LONGVALLEY	20040114	9999	44	-144	NA	44	-144	167.6	40.78333	-74.78333
USC00285003	LONGVALLEY	20040115	9999	-100	-144	NA	-100	-144	167.6	40.78333	-74.78333
USC00285003	LONGVALLEY	20040116	9999	-78	-200	NA	-78	-200	167.6	40.78333	-74.78333
USC00285003	LONGVALLEY	20040117	9999	-56	-144	NA	-56	-144	167.6	40.78333	-74.78333
USC00285003	LONGVALLEY	20040118	9999	0	-78	NA	0	-78	167.6	40.78333	-74.78333
USC00285003	LONGVALLEY	20040119	9999	0	-89	NA	0	-89	167.6	40.78333	-74.78333
USC00285003	LONGVALLEY	20040120	9999	-33	-100	NA	-33	-100	167.6	40.78333	-74.78333
USC00285003	LONGVALLEY	20040121	9999	-22	-133	NA	-22	-133	167.6	40.78333	-74.78333
USC00285003	LONGVALLEY	20040122	9999	-33	-133	NA	-33	-133	167.6	40.78333	-74.78333
USC00285003	LONGVALLEY	20040123	9999	33	-144	NA	33	-144	167.6	40.78333	-74.78333
USC00285003	LONGVALLEY	20040124	9999	-78	-144	NA	-78	-144	167.6	40.78333	-74.78333
USC00285003	LONGVALLEY	20040125	9999	-67	-178	NA	-67	-178	167.6	40.78333	-74.78333
USC00285003	LONGVALLEY	20040126	9999	-100	-167	NA	-100	-167	167.6	40.78333	-74.78333
USC00285003	LONGVALLEY	20040127	9999	-89	-111	NA	-89	-111	167.6	40.78333	-74.78333
USC00285003	LONGVALLEY	20040128	9999	-67	-100	NA	-67	-100	167.6	40.78333	-74.78333
USC00285003	LONGVALLEY	20040129	9999	-22	-100	NA	-22	-100	167.6	40.78333	-74.78333
USC00285003	LONGVALLEY	20040130	9999	-22	-144	NA	-22	-144	167.6	40.78333	-74.78333
USC00285003	LONGVALLEY	20040131	9999	-44	-144	NA	-44	-144	167.6	40.78333	-74.78333
