STATION	NAME	DATE	SNWD	TMAX	TMIN	SNWD2	TMAX2	TMIN2	ELEV	LAT	LONG
USC00365344	MAHANOY	19960101	152	9999	9999	152	NA	NA	521.2	40.8344	-76.1352
USC00365344	MAHANOY	19960102	127	9999	9999	127	NA	NA	521.2	40.8344	-76.1352
USC00365344	MAHANOY	19960103	279	9999	9999	279	NA	NA	521.2	40.8344	-76.1352
USC00365344	MAHANOY	19960104	279	9999	9999	279	NA	NA	521.2	40.8344	-76.1352
USC00365344	MAHANOY	19960105	279	9999	9999	279	NA	NA	521.2	40.8344	-76.1352
USC00365344	MAHANOY	19960106	279	9999	9999	279	NA	NA	521.2	40.8344	-76.1352
USC00365344	MAHANOY	19960107	279	9999	9999	279	NA	NA	521.2	40.8344	-76.1352
USC00365344	MAHANOY	19960108	686	9999	9999	686	NA	NA	521.2	40.8344	-76.1352
USC00365344	MAHANOY	19960109	660	9999	9999	660	NA	NA	521.2	40.8344	-76.1352
USC00365344	MAHANOY	19960110	737	9999	9999	737	NA	NA	521.2	40.8344	-76.1352
USC00365344	MAHANOY	19960111	711	9999	9999	711	NA	NA	521.2	40.8344	-76.1352
USC00365344	MAHANOY	19960112	711	9999	9999	711	NA	NA	521.2	40.8344	-76.1352
USC00365344	MAHANOY	19960113	838	9999	9999	838	NA	NA	521.2	40.8344	-76.1352
USC00365344	MAHANOY	19960114	762	9999	9999	762	NA	NA	521.2	40.8344	-76.1352
USC00365344	MAHANOY	19960115	711	9999	9999	711	NA	NA	521.2	40.8344	-76.1352
USC00365344	MAHANOY	19960116	635	9999	9999	635	NA	NA	521.2	40.8344	-76.1352
USC00365344	MAHANOY	19960117	635	9999	9999	635	NA	NA	521.2	40.8344	-76.1352
USC00365344	MAHANOY	19960118	559	9999	9999	559	NA	NA	521.2	40.8344	-76.1352
USC00365344	MAHANOY	19960119	254	9999	9999	254	NA	NA	521.2	40.8344	-76.1352
USC00365344	MAHANOY	19960120	152	9999	9999	152	NA	NA	521.2	40.8344	-76.1352
USC00365344	MAHANOY	19960121	152	9999	9999	152	NA	NA	521.2	40.8344	-76.1352
USC00365344	MAHANOY	19960122	152	9999	9999	152	NA	NA	521.2	40.8344	-76.1352
USC00365344	MAHANOY	19960123	152	9999	9999	152	NA	NA	521.2	40.8344	-76.1352
USC00365344	MAHANOY	19960124	152	9999	9999	152	NA	NA	521.2	40.8344	-76.1352
USC00365344	MAHANOY	19960125	76	9999	9999	76	NA	NA	521.2	40.8344	-76.1352
USC00365344	MAHANOY	19960126	76	9999	9999	76	NA	NA	521.2	40.8344	-76.1352
USC00365344	MAHANOY	19960127	51	9999	9999	51	NA	NA	521.2	40.8344	-76.1352
USC00365344	MAHANOY	19960128	0	9999	9999	0	NA	NA	521.2	40.8344	-76.1352
USC00365344	MAHANOY	19960129	0	9999	9999	0	NA	NA	521.2	40.8344	-76.1352
USC00365344	MAHANOY	19960130	0	9999	9999	0	NA	NA	521.2	40.8344	-76.1352
USC00365344	MAHANOY	19960131	25	9999	9999	25	NA	NA	521.2	40.8344	-76.1352
USC00365344	MAHANOY	19970101	0	9999	9999	0	NA	NA	521.2	40.8344	-76.1352
USC00365344	MAHANOY	19970102	9999	9999	9999	NA	NA	NA	521.2	40.8344	-76.1352
USC00365344	MAHANOY	19970103	0	9999	9999	0	NA	NA	521.2	40.8344	-76.1352
USC00365344	MAHANOY	19970104	0	9999	9999	0	NA	NA	521.2	40.8344	-76.1352
USC00365344	MAHANOY	19970105	0	9999	9999	0	NA	NA	521.2	40.8344	-76.1352
USC00365344	MAHANOY	19970106	0	9999	9999	0	NA	NA	521.2	40.8344	-76.1352
USC00365344	MAHANOY	19970107	0	9999	9999	0	NA	NA	521.2	40.8344	-76.1352
USC00365344	MAHANOY	19970108	0	9999	9999	0	NA	NA	521.2	40.8344	-76.1352
USC00365344	MAHANOY	19970109	0	9999	9999	0	NA	NA	521.2	40.8344	-76.1352
USC00365344	MAHANOY	19970110	76	9999	9999	76	NA	NA	521.2	40.8344	-76.1352
USC00365344	MAHANOY	19970111	76	9999	9999	76	NA	NA	521.2	40.8344	-76.1352
USC00365344	MAHANOY	19970112	25	9999	9999	25	NA	NA	521.2	40.8344	-76.1352
USC00365344	MAHANOY	19970113	0	9999	9999	0	NA	NA	521.2	40.8344	-76.1352
USC00365344	MAHANOY	19970114	0	9999	9999	0	NA	NA	521.2	40.8344	-76.1352
USC00365344	MAHANOY	19970115	0	9999	9999	0	NA	NA	521.2	40.8344	-76.1352
USC00365344	MAHANOY	19970116	76	9999	9999	76	NA	NA	521.2	40.8344	-76.1352
USC00365344	MAHANOY	19970117	102	9999	9999	102	NA	NA	521.2	40.8344	-76.1352
USC00365344	MAHANOY	19970118	102	9999	9999	102	NA	NA	521.2	40.8344	-76.1352
USC00365344	MAHANOY	19970119	76	9999	9999	76	NA	NA	521.2	40.8344	-76.1352
USC00365344	MAHANOY	19970120	25	9999	9999	25	NA	NA	521.2	40.8344	-76.1352
USC00365344	MAHANOY	19970121	25	9999	9999	25	NA	NA	521.2	40.8344	-76.1352
USC00365344	MAHANOY	19970122	0	9999	9999	0	NA	NA	521.2	40.8344	-76.1352
USC00365344	MAHANOY	19970123	0	9999	9999	0	NA	NA	521.2	40.8344	-76.1352
USC00365344	MAHANOY	19970124	9999	9999	9999	NA	NA	NA	521.2	40.8344	-76.1352
USC00365344	MAHANOY	19970125	76	9999	9999	76	NA	NA	521.2	40.8344	-76.1352
USC00365344	MAHANOY	19970126	0	9999	9999	0	NA	NA	521.2	40.8344	-76.1352
USC00365344	MAHANOY	19970127	0	9999	9999	0	NA	NA	521.2	40.8344	-76.1352
USC00365344	MAHANOY	19970128	102	9999	9999	102	NA	NA	521.2	40.8344	-76.1352
USC00365344	MAHANOY	19970129	51	9999	9999	51	NA	NA	521.2	40.8344	-76.1352
USC00365344	MAHANOY	19970130	51	9999	9999	51	NA	NA	521.2	40.8344	-76.1352
USC00365344	MAHANOY	19970131	51	9999	9999	51	NA	NA	521.2	40.8344	-76.1352
USC00365344	MAHANOY	19980101	203	9999	9999	203	NA	NA	521.2	40.8344	-76.1352
USC00365344	MAHANOY	19980102	178	9999	9999	178	NA	NA	521.2	40.8344	-76.1352
USC00365344	MAHANOY	19980103	102	9999	9999	102	NA	NA	521.2	40.8344	-76.1352
USC00365344	MAHANOY	19980104	25	9999	9999	25	NA	NA	521.2	40.8344	-76.1352
USC00365344	MAHANOY	19980105	0	9999	9999	0	NA	NA	521.2	40.8344	-76.1352
USC00365344	MAHANOY	19980106	0	9999	9999	0	NA	NA	521.2	40.8344	-76.1352
USC00365344	MAHANOY	19980107	0	9999	9999	0	NA	NA	521.2	40.8344	-76.1352
USC00365344	MAHANOY	19980108	0	9999	9999	0	NA	NA	521.2	40.8344	-76.1352
USC00365344	MAHANOY	19980109	0	9999	9999	0	NA	NA	521.2	40.8344	-76.1352
USC00365344	MAHANOY	19980110	0	9999	9999	0	NA	NA	521.2	40.8344	-76.1352
USC00365344	MAHANOY	19980111	0	9999	9999	0	NA	NA	521.2	40.8344	-76.1352
USC00365344	MAHANOY	19980112	0	9999	9999	0	NA	NA	521.2	40.8344	-76.1352
USC00365344	MAHANOY	19980113	0	9999	9999	0	NA	NA	521.2	40.8344	-76.1352
USC00365344	MAHANOY	19980114	0	9999	9999	0	NA	NA	521.2	40.8344	-76.1352
USC00365344	MAHANOY	19980115	0	9999	9999	0	NA	NA	521.2	40.8344	-76.1352
USC00365344	MAHANOY	19980116	0	9999	9999	0	NA	NA	521.2	40.8344	-76.1352
USC00365344	MAHANOY	19980117	0	9999	9999	0	NA	NA	521.2	40.8344	-76.1352
USC00365344	MAHANOY	19980118	76	9999	9999	76	NA	NA	521.2	40.8344	-76.1352
USC00365344	MAHANOY	19980119	76	9999	9999	76	NA	NA	521.2	40.8344	-76.1352
USC00365344	MAHANOY	19980120	76	9999	9999	76	NA	NA	521.2	40.8344	-76.1352
USC00365344	MAHANOY	19980121	76	9999	9999	76	NA	NA	521.2	40.8344	-76.1352
USC00365344	MAHANOY	19980122	51	9999	9999	51	NA	NA	521.2	40.8344	-76.1352
USC00365344	MAHANOY	19980123	127	9999	9999	127	NA	NA	521.2	40.8344	-76.1352
USC00365344	MAHANOY	19980124	51	9999	9999	51	NA	NA	521.2	40.8344	-76.1352
USC00365344	MAHANOY	19980125	127	9999	9999	127	NA	NA	521.2	40.8344	-76.1352
USC00365344	MAHANOY	19980126	102	9999	9999	102	NA	NA	521.2	40.8344	-76.1352
USC00365344	MAHANOY	19980127	76	9999	9999	76	NA	NA	521.2	40.8344	-76.1352
USC00365344	MAHANOY	19980128	76	9999	9999	76	NA	NA	521.2	40.8344	-76.1352
USC00365344	MAHANOY	19980129	51	9999	9999	51	NA	NA	521.2	40.8344	-76.1352
USC00365344	MAHANOY	19980130	51	9999	9999	51	NA	NA	521.2	40.8344	-76.1352
USC00365344	MAHANOY	19980131	25	9999	9999	25	NA	NA	521.2	40.8344	-76.1352
USC00365344	MAHANOY	19990101	76	9999	9999	76	NA	NA	521.2	40.8344	-76.1352
USC00365344	MAHANOY	19990102	76	9999	9999	76	NA	NA	521.2	40.8344	-76.1352
USC00365344	MAHANOY	19990103	76	9999	9999	76	NA	NA	521.2	40.8344	-76.1352
USC00365344	MAHANOY	19990104	25	9999	9999	25	NA	NA	521.2	40.8344	-76.1352
USC00365344	MAHANOY	19990105	25	9999	9999	25	NA	NA	521.2	40.8344	-76.1352
USC00365344	MAHANOY	19990106	25	9999	9999	25	NA	NA	521.2	40.8344	-76.1352
USC00365344	MAHANOY	19990107	51	9999	9999	51	NA	NA	521.2	40.8344	-76.1352
USC00365344	MAHANOY	19990108	9999	9999	9999	NA	NA	NA	521.2	40.8344	-76.1352
USC00365344	MAHANOY	19990109	25	9999	9999	25	NA	NA	521.2	40.8344	-76.1352
USC00365344	MAHANOY	19990110	25	9999	9999	25	NA	NA	521.2	40.8344	-76.1352
USC00365344	MAHANOY	19990111	9999	9999	9999	NA	NA	NA	521.2	40.8344	-76.1352
USC00365344	MAHANOY	19990112	9999	9999	9999	NA	NA	NA	521.2	40.8344	-76.1352
USC00365344	MAHANOY	19990113	0	9999	9999	0	NA	NA	521.2	40.8344	-76.1352
USC00365344	MAHANOY	19990114	25	9999	9999	25	NA	NA	521.2	40.8344	-76.1352
USC00365344	MAHANOY	19990115	102	9999	9999	102	NA	NA	521.2	40.8344	-76.1352
USC00365344	MAHANOY	19990116	127	9999	9999	127	NA	NA	521.2	40.8344	-76.1352
USC00365344	MAHANOY	19990117	127	9999	9999	127	NA	NA	521.2	40.8344	-76.1352
USC00365344	MAHANOY	19990118	102	9999	9999	102	NA	NA	521.2	40.8344	-76.1352
USC00365344	MAHANOY	19990119	76	9999	9999	76	NA	NA	521.2	40.8344	-76.1352
USC00365344	MAHANOY	19990120	76	9999	9999	76	NA	NA	521.2	40.8344	-76.1352
USC00365344	MAHANOY	19990121	51	9999	9999	51	NA	NA	521.2	40.8344	-76.1352
USC00365344	MAHANOY	19990122	51	9999	9999	51	NA	NA	521.2	40.8344	-76.1352
USC00365344	MAHANOY	19990123	25	9999	9999	25	NA	NA	521.2	40.8344	-76.1352
USC00365344	MAHANOY	19990124	0	9999	9999	0	NA	NA	521.2	40.8344	-76.1352
USC00365344	MAHANOY	19990125	0	9999	9999	0	NA	NA	521.2	40.8344	-76.1352
USC00365344	MAHANOY	19990126	51	9999	9999	51	NA	NA	521.2	40.8344	-76.1352
USC00365344	MAHANOY	19990127	25	9999	9999	25	NA	NA	521.2	40.8344	-76.1352
USC00365344	MAHANOY	19990128	0	9999	9999	0	NA	NA	521.2	40.8344	-76.1352
USC00365344	MAHANOY	19990129	0	9999	9999	0	NA	NA	521.2	40.8344	-76.1352
USC00365344	MAHANOY	19990130	0	9999	9999	0	NA	NA	521.2	40.8344	-76.1352
USC00365344	MAHANOY	19990131	0	9999	9999	0	NA	NA	521.2	40.8344	-76.1352
USC00365344	MAHANOY	20000101	0	9999	9999	0	NA	NA	521.2	40.8344	-76.1352
USC00365344	MAHANOY	20000102	0	9999	9999	0	NA	NA	521.2	40.8344	-76.1352
USC00365344	MAHANOY	20000103	0	9999	9999	0	NA	NA	521.2	40.8344	-76.1352
USC00365344	MAHANOY	20000104	0	9999	9999	0	NA	NA	521.2	40.8344	-76.1352
USC00365344	MAHANOY	20000105	0	9999	9999	0	NA	NA	521.2	40.8344	-76.1352
USC00365344	MAHANOY	20000106	0	9999	9999	0	NA	NA	521.2	40.8344	-76.1352
USC00365344	MAHANOY	20000107	0	9999	9999	0	NA	NA	521.2	40.8344	-76.1352
USC00365344	MAHANOY	20000108	0	9999	9999	0	NA	NA	521.2	40.8344	-76.1352
USC00365344	MAHANOY	20000109	0	9999	9999	0	NA	NA	521.2	40.8344	-76.1352
USC00365344	MAHANOY	20000110	0	9999	9999	0	NA	NA	521.2	40.8344	-76.1352
USC00365344	MAHANOY	20000111	0	9999	9999	0	NA	NA	521.2	40.8344	-76.1352
USC00365344	MAHANOY	20000112	0	9999	9999	0	NA	NA	521.2	40.8344	-76.1352
USC00365344	MAHANOY	20000113	0	9999	9999	0	NA	NA	521.2	40.8344	-76.1352
USC00365344	MAHANOY	20000114	25	9999	9999	25	NA	NA	521.2	40.8344	-76.1352
USC00365344	MAHANOY	20000115	9999	9999	9999	NA	NA	NA	521.2	40.8344	-76.1352
USC00365344	MAHANOY	20000116	0	9999	9999	0	NA	NA	521.2	40.8344	-76.1352
USC00365344	MAHANOY	20000117	0	9999	9999	0	NA	NA	521.2	40.8344	-76.1352
USC00365344	MAHANOY	20000118	0	9999	9999	0	NA	NA	521.2	40.8344	-76.1352
USC00365344	MAHANOY	20000119	0	9999	9999	0	NA	NA	521.2	40.8344	-76.1352
USC00365344	MAHANOY	20000120	25	9999	9999	25	NA	NA	521.2	40.8344	-76.1352
USC00365344	MAHANOY	20000121	76	9999	9999	76	NA	NA	521.2	40.8344	-76.1352
USC00365344	MAHANOY	20000122	76	9999	9999	76	NA	NA	521.2	40.8344	-76.1352
USC00365344	MAHANOY	20000123	76	9999	9999	76	NA	NA	521.2	40.8344	-76.1352
USC00365344	MAHANOY	20000124	76	9999	9999	76	NA	NA	521.2	40.8344	-76.1352
USC00365344	MAHANOY	20000125	51	9999	9999	51	NA	NA	521.2	40.8344	-76.1352
USC00365344	MAHANOY	20000126	203	9999	9999	203	NA	NA	521.2	40.8344	-76.1352
USC00365344	MAHANOY	20000127	203	9999	9999	203	NA	NA	521.2	40.8344	-76.1352
USC00365344	MAHANOY	20000128	203	9999	9999	203	NA	NA	521.2	40.8344	-76.1352
USC00365344	MAHANOY	20000129	203	9999	9999	203	NA	NA	521.2	40.8344	-76.1352
USC00365344	MAHANOY	20000130	178	9999	9999	178	NA	NA	521.2	40.8344	-76.1352
USC00365344	MAHANOY	20000131	432	9999	9999	432	NA	NA	521.2	40.8344	-76.1352
USC00365344	MAHANOY	20010101	203	9999	9999	203	NA	NA	521.2	40.8344	-76.1352
USC00365344	MAHANOY	20010102	9999	9999	9999	NA	NA	NA	521.2	40.8344	-76.1352
USC00365344	MAHANOY	20010103	178	9999	9999	178	NA	NA	521.2	40.8344	-76.1352
USC00365344	MAHANOY	20010104	9999	9999	9999	NA	NA	NA	521.2	40.8344	-76.1352
USC00365344	MAHANOY	20010105	127	9999	9999	127	NA	NA	521.2	40.8344	-76.1352
USC00365344	MAHANOY	20010106	178	9999	9999	178	NA	NA	521.2	40.8344	-76.1352
USC00365344	MAHANOY	20010107	152	9999	9999	152	NA	NA	521.2	40.8344	-76.1352
USC00365344	MAHANOY	20010108	127	9999	9999	127	NA	NA	521.2	40.8344	-76.1352
USC00365344	MAHANOY	20010109	152	9999	9999	152	NA	NA	521.2	40.8344	-76.1352
USC00365344	MAHANOY	20010110	152	9999	9999	152	NA	NA	521.2	40.8344	-76.1352
USC00365344	MAHANOY	20010111	127	9999	9999	127	NA	NA	521.2	40.8344	-76.1352
USC00365344	MAHANOY	20010112	127	9999	9999	127	NA	NA	521.2	40.8344	-76.1352
USC00365344	MAHANOY	20010113	102	9999	9999	102	NA	NA	521.2	40.8344	-76.1352
USC00365344	MAHANOY	20010114	76	9999	9999	76	NA	NA	521.2	40.8344	-76.1352
USC00365344	MAHANOY	20010115	51	9999	9999	51	NA	NA	521.2	40.8344	-76.1352
USC00365344	MAHANOY	20010116	51	9999	9999	51	NA	NA	521.2	40.8344	-76.1352
USC00365344	MAHANOY	20010117	51	9999	9999	51	NA	NA	521.2	40.8344	-76.1352
USC00365344	MAHANOY	20010118	51	9999	9999	51	NA	NA	521.2	40.8344	-76.1352
USC00365344	MAHANOY	20010119	51	9999	9999	51	NA	NA	521.2	40.8344	-76.1352
USC00365344	MAHANOY	20010120	76	9999	9999	76	NA	NA	521.2	40.8344	-76.1352
USC00365344	MAHANOY	20010121	279	9999	9999	279	NA	NA	521.2	40.8344	-76.1352
USC00365344	MAHANOY	20010122	279	9999	9999	279	NA	NA	521.2	40.8344	-76.1352
USC00365344	MAHANOY	20010123	254	9999	9999	254	NA	NA	521.2	40.8344	-76.1352
USC00365344	MAHANOY	20010124	254	9999	9999	254	NA	NA	521.2	40.8344	-76.1352
USC00365344	MAHANOY	20010125	254	9999	9999	254	NA	NA	521.2	40.8344	-76.1352
USC00365344	MAHANOY	20010126	178	9999	9999	178	NA	NA	521.2	40.8344	-76.1352
USC00365344	MAHANOY	20010127	178	9999	9999	178	NA	NA	521.2	40.8344	-76.1352
USC00365344	MAHANOY	20010128	229	9999	9999	229	NA	NA	521.2	40.8344	-76.1352
USC00365344	MAHANOY	20010129	203	9999	9999	203	NA	NA	521.2	40.8344	-76.1352
USC00365344	MAHANOY	20010130	178	9999	9999	178	NA	NA	521.2	40.8344	-76.1352
USC00365344	MAHANOY	20010131	127	9999	9999	127	NA	NA	521.2	40.8344	-76.1352
USC00365344	MAHANOY	20020101	0	9999	9999	0	NA	NA	521.2	40.8344	-76.1352
USC00365344	MAHANOY	20020102	0	9999	9999	0	NA	NA	521.2	40.8344	-76.1352
USC00365344	MAHANOY	20020103	0	9999	9999	0	NA	NA	521.2	40.8344	-76.1352
USC00365344	MAHANOY	20020104	0	9999	9999	0	NA	NA	521.2	40.8344	-76.1352
USC00365344	MAHANOY	20020105	0	9999	9999	0	NA	NA	521.2	40.8344	-76.1352
USC00365344	MAHANOY	20020106	0	9999	9999	0	NA	NA	521.2	40.8344	-76.1352
USC00365344	MAHANOY	20020107	229	9999	9999	229	NA	NA	521.2	40.8344	-76.1352
USC00365344	MAHANOY	20020108	279	9999	9999	279	NA	NA	521.2	40.8344	-76.1352
USC00365344	MAHANOY	20020109	254	9999	9999	254	NA	NA	521.2	40.8344	-76.1352
USC00365344	MAHANOY	20020110	203	9999	9999	203	NA	NA	521.2	40.8344	-76.1352
USC00365344	MAHANOY	20020111	178	9999	9999	178	NA	NA	521.2	40.8344	-76.1352
USC00365344	MAHANOY	20020112	152	9999	9999	152	NA	NA	521.2	40.8344	-76.1352
USC00365344	MAHANOY	20020113	152	9999	9999	152	NA	NA	521.2	40.8344	-76.1352
USC00365344	MAHANOY	20020114	152	9999	9999	152	NA	NA	521.2	40.8344	-76.1352
USC00365344	MAHANOY	20020115	127	9999	9999	127	NA	NA	521.2	40.8344	-76.1352
USC00365344	MAHANOY	20020116	127	9999	9999	127	NA	NA	521.2	40.8344	-76.1352
USC00365344	MAHANOY	20020117	102	9999	9999	102	NA	NA	521.2	40.8344	-76.1352
USC00365344	MAHANOY	20020118	102	9999	9999	102	NA	NA	521.2	40.8344	-76.1352
USC00365344	MAHANOY	20020119	102	9999	9999	102	NA	NA	521.2	40.8344	-76.1352
USC00365344	MAHANOY	20020120	229	9999	9999	229	NA	NA	521.2	40.8344	-76.1352
USC00365344	MAHANOY	20020121	178	9999	9999	178	NA	NA	521.2	40.8344	-76.1352
USC00365344	MAHANOY	20020122	152	9999	9999	152	NA	NA	521.2	40.8344	-76.1352
USC00365344	MAHANOY	20020123	127	9999	9999	127	NA	NA	521.2	40.8344	-76.1352
USC00365344	MAHANOY	20020124	51	9999	9999	51	NA	NA	521.2	40.8344	-76.1352
USC00365344	MAHANOY	20020125	25	9999	9999	25	NA	NA	521.2	40.8344	-76.1352
USC00365344	MAHANOY	20020126	9999	9999	9999	NA	NA	NA	521.2	40.8344	-76.1352
USC00365344	MAHANOY	20020127	9999	9999	9999	NA	NA	NA	521.2	40.8344	-76.1352
USC00365344	MAHANOY	20020128	0	9999	9999	0	NA	NA	521.2	40.8344	-76.1352
USC00365344	MAHANOY	20020129	0	9999	9999	0	NA	NA	521.2	40.8344	-76.1352
USC00365344	MAHANOY	20020130	0	9999	9999	0	NA	NA	521.2	40.8344	-76.1352
USC00365344	MAHANOY	20020131	0	9999	9999	0	NA	NA	521.2	40.8344	-76.1352
USC00365344	MAHANOY	20030101	152	9999	9999	152	NA	NA	521.2	40.8344	-76.1352
USC00365344	MAHANOY	20030102	51	9999	9999	51	NA	NA	521.2	40.8344	-76.1352
USC00365344	MAHANOY	20030103	76	9999	9999	76	NA	NA	521.2	40.8344	-76.1352
USC00365344	MAHANOY	20030104	152	9999	9999	152	NA	NA	521.2	40.8344	-76.1352
USC00365344	MAHANOY	20030105	152	9999	9999	152	NA	NA	521.2	40.8344	-76.1352
USC00365344	MAHANOY	20030106	178	9999	9999	178	NA	NA	521.2	40.8344	-76.1352
USC00365344	MAHANOY	20030107	178	9999	9999	178	NA	NA	521.2	40.8344	-76.1352
USC00365344	MAHANOY	20030108	178	9999	9999	178	NA	NA	521.2	40.8344	-76.1352
USC00365344	MAHANOY	20030109	178	9999	9999	178	NA	NA	521.2	40.8344	-76.1352
USC00365344	MAHANOY	20030110	178	9999	9999	178	NA	NA	521.2	40.8344	-76.1352
USC00365344	MAHANOY	20030111	203	9999	9999	203	NA	NA	521.2	40.8344	-76.1352
USC00365344	MAHANOY	20030112	203	9999	9999	203	NA	NA	521.2	40.8344	-76.1352
USC00365344	MAHANOY	20030113	203	9999	9999	203	NA	NA	521.2	40.8344	-76.1352
USC00365344	MAHANOY	20030114	203	9999	9999	203	NA	NA	521.2	40.8344	-76.1352
USC00365344	MAHANOY	20030115	203	9999	9999	203	NA	NA	521.2	40.8344	-76.1352
USC00365344	MAHANOY	20030116	203	9999	9999	203	NA	NA	521.2	40.8344	-76.1352
USC00365344	MAHANOY	20030117	229	9999	9999	229	NA	NA	521.2	40.8344	-76.1352
USC00365344	MAHANOY	20030118	203	9999	9999	203	NA	NA	521.2	40.8344	-76.1352
USC00365344	MAHANOY	20030119	203	9999	9999	203	NA	NA	521.2	40.8344	-76.1352
USC00365344	MAHANOY	20030120	203	9999	9999	203	NA	NA	521.2	40.8344	-76.1352
USC00365344	MAHANOY	20030121	203	9999	9999	203	NA	NA	521.2	40.8344	-76.1352
USC00365344	MAHANOY	20030122	178	9999	9999	178	NA	NA	521.2	40.8344	-76.1352
USC00365344	MAHANOY	20030123	178	9999	9999	178	NA	NA	521.2	40.8344	-76.1352
USC00365344	MAHANOY	20030124	203	9999	9999	203	NA	NA	521.2	40.8344	-76.1352
USC00365344	MAHANOY	20030125	203	9999	9999	203	NA	NA	521.2	40.8344	-76.1352
USC00365344	MAHANOY	20030126	203	9999	9999	203	NA	NA	521.2	40.8344	-76.1352
USC00365344	MAHANOY	20030127	279	9999	9999	279	NA	NA	521.2	40.8344	-76.1352
USC00365344	MAHANOY	20030128	254	9999	9999	254	NA	NA	521.2	40.8344	-76.1352
USC00365344	MAHANOY	20030129	279	9999	9999	279	NA	NA	521.2	40.8344	-76.1352
USC00365344	MAHANOY	20030130	305	9999	9999	305	NA	NA	521.2	40.8344	-76.1352
USC00365344	MAHANOY	20030131	279	9999	9999	279	NA	NA	521.2	40.8344	-76.1352
USC00365344	MAHANOY	20040101	0	9999	9999	0	NA	NA	521.2	40.8344	-76.1352
USC00365344	MAHANOY	20040102	0	9999	9999	0	NA	NA	521.2	40.8344	-76.1352
USC00365344	MAHANOY	20040103	0	9999	9999	0	NA	NA	521.2	40.8344	-76.1352
USC00365344	MAHANOY	20040104	0	9999	9999	0	NA	NA	521.2	40.8344	-76.1352
USC00365344	MAHANOY	20040105	0	9999	9999	0	NA	NA	521.2	40.8344	-76.1352
USC00365344	MAHANOY	20040106	0	9999	9999	0	NA	NA	521.2	40.8344	-76.1352
USC00365344	MAHANOY	20040107	0	9999	9999	0	NA	NA	521.2	40.8344	-76.1352
USC00365344	MAHANOY	20040108	0	9999	9999	0	NA	NA	521.2	40.8344	-76.1352
USC00365344	MAHANOY	20040109	0	9999	9999	0	NA	NA	521.2	40.8344	-76.1352
USC00365344	MAHANOY	20040110	0	9999	9999	0	NA	NA	521.2	40.8344	-76.1352
USC00365344	MAHANOY	20040111	0	9999	9999	0	NA	NA	521.2	40.8344	-76.1352
USC00365344	MAHANOY	20040112	0	9999	9999	0	NA	NA	521.2	40.8344	-76.1352
USC00365344	MAHANOY	20040113	25	9999	9999	25	NA	NA	521.2	40.8344	-76.1352
USC00365344	MAHANOY	20040114	25	9999	9999	25	NA	NA	521.2	40.8344	-76.1352
USC00365344	MAHANOY	20040115	102	9999	9999	102	NA	NA	521.2	40.8344	-76.1352
USC00365344	MAHANOY	20040116	102	9999	9999	102	NA	NA	521.2	40.8344	-76.1352
USC00365344	MAHANOY	20040117	102	9999	9999	102	NA	NA	521.2	40.8344	-76.1352
USC00365344	MAHANOY	20040118	127	9999	9999	127	NA	NA	521.2	40.8344	-76.1352
USC00365344	MAHANOY	20040119	127	9999	9999	127	NA	NA	521.2	40.8344	-76.1352
USC00365344	MAHANOY	20040120	127	9999	9999	127	NA	NA	521.2	40.8344	-76.1352
USC00365344	MAHANOY	20040121	127	9999	9999	127	NA	NA	521.2	40.8344	-76.1352
USC00365344	MAHANOY	20040122	127	9999	9999	127	NA	NA	521.2	40.8344	-76.1352
USC00365344	MAHANOY	20040123	127	9999	9999	127	NA	NA	521.2	40.8344	-76.1352
USC00365344	MAHANOY	20040124	127	9999	9999	127	NA	NA	521.2	40.8344	-76.1352
USC00365344	MAHANOY	20040125	127	9999	9999	127	NA	NA	521.2	40.8344	-76.1352
USC00365344	MAHANOY	20040126	178	9999	9999	178	NA	NA	521.2	40.8344	-76.1352
USC00365344	MAHANOY	20040127	152	9999	9999	152	NA	NA	521.2	40.8344	-76.1352
USC00365344	MAHANOY	20040128	279	9999	9999	279	NA	NA	521.2	40.8344	-76.1352
USC00365344	MAHANOY	20040129	279	9999	9999	279	NA	NA	521.2	40.8344	-76.1352
USC00365344	MAHANOY	20040130	279	9999	9999	279	NA	NA	521.2	40.8344	-76.1352
USC00365344	MAHANOY	20040131	279	9999	9999	279	NA	NA	521.2	40.8344	-76.1352
USC00365344	MAHANOY	20050101	0	9999	9999	0	NA	NA	521.2	40.8344	-76.1352
USC00365344	MAHANOY	20050102	0	9999	9999	0	NA	NA	521.2	40.8344	-76.1352
USC00365344	MAHANOY	20050103	0	9999	9999	0	NA	NA	521.2	40.8344	-76.1352
USC00365344	MAHANOY	20050104	0	9999	9999	0	NA	NA	521.2	40.8344	-76.1352
USC00365344	MAHANOY	20050105	0	9999	9999	0	NA	NA	521.2	40.8344	-76.1352
USC00365344	MAHANOY	20050106	25	9999	9999	25	NA	NA	521.2	40.8344	-76.1352
USC00365344	MAHANOY	20050107	25	9999	9999	25	NA	NA	521.2	40.8344	-76.1352
USC00365344	MAHANOY	20050108	25	9999	9999	25	NA	NA	521.2	40.8344	-76.1352
USC00365344	MAHANOY	20050109	25	9999	9999	25	NA	NA	521.2	40.8344	-76.1352
USC00365344	MAHANOY	20050110	25	9999	9999	25	NA	NA	521.2	40.8344	-76.1352
USC00365344	MAHANOY	20050111	25	9999	9999	25	NA	NA	521.2	40.8344	-76.1352
USC00365344	MAHANOY	20050112	51	9999	9999	51	NA	NA	521.2	40.8344	-76.1352
USC00365344	MAHANOY	20050113	25	9999	9999	25	NA	NA	521.2	40.8344	-76.1352
USC00365344	MAHANOY	20050114	0	9999	9999	0	NA	NA	521.2	40.8344	-76.1352
USC00365344	MAHANOY	20050115	25	9999	9999	25	NA	NA	521.2	40.8344	-76.1352
USC00365344	MAHANOY	20050116	25	9999	9999	25	NA	NA	521.2	40.8344	-76.1352
USC00365344	MAHANOY	20050117	51	9999	9999	51	NA	NA	521.2	40.8344	-76.1352
USC00365344	MAHANOY	20050118	51	9999	9999	51	NA	NA	521.2	40.8344	-76.1352
USC00365344	MAHANOY	20050119	51	9999	9999	51	NA	NA	521.2	40.8344	-76.1352
USC00365344	MAHANOY	20050120	127	9999	9999	127	NA	NA	521.2	40.8344	-76.1352
USC00365344	MAHANOY	20050121	102	9999	9999	102	NA	NA	521.2	40.8344	-76.1352
USC00365344	MAHANOY	20050122	102	9999	9999	102	NA	NA	521.2	40.8344	-76.1352
USC00365344	MAHANOY	20050123	356	9999	9999	356	NA	NA	521.2	40.8344	-76.1352
USC00365344	MAHANOY	20050124	356	9999	9999	356	NA	NA	521.2	40.8344	-76.1352
USC00365344	MAHANOY	20050125	406	9999	9999	406	NA	NA	521.2	40.8344	-76.1352
USC00365344	MAHANOY	20050126	406	9999	9999	406	NA	NA	521.2	40.8344	-76.1352
USC00365344	MAHANOY	20050127	406	9999	9999	406	NA	NA	521.2	40.8344	-76.1352
USC00365344	MAHANOY	20050128	406	9999	9999	406	NA	NA	521.2	40.8344	-76.1352
USC00365344	MAHANOY	20050129	406	9999	9999	406	NA	NA	521.2	40.8344	-76.1352
USC00365344	MAHANOY	20050130	406	9999	9999	406	NA	NA	521.2	40.8344	-76.1352
USC00365344	MAHANOY	20050131	330	9999	9999	330	NA	NA	521.2	40.8344	-76.1352
