STATION	NAME	DATE	SNWD	TMAX	TMIN	SNWD2	TMAX2	TMIN2	ELEV	LAT	LONG
USC00185934	MILLERS	19950101	0	128	-6	0	128	-6	262.1	39.71667	-76.8
USC00185934	MILLERS	19950102	0	89	-44	0	89	-44	262.1	39.71667	-76.8
USC00185934	MILLERS	19950103	0	-22	-89	0	-22	-89	262.1	39.71667	-76.8
USC00185934	MILLERS	19950104	0	-17	-67	0	-17	-67	262.1	39.71667	-76.8
USC00185934	MILLERS	19950105	0	-61	-128	0	-61	-128	262.1	39.71667	-76.8
USC00185934	MILLERS	19950106	0	11	-111	0	11	-111	262.1	39.71667	-76.8
USC00185934	MILLERS	19950107	0	72	-17	0	72	-17	262.1	39.71667	-76.8
USC00185934	MILLERS	19950108	0	28	-28	0	28	-28	262.1	39.71667	-76.8
USC00185934	MILLERS	19950109	0	56	-22	0	56	-22	262.1	39.71667	-76.8
USC00185934	MILLERS	19950110	0	17	-61	0	17	-61	262.1	39.71667	-76.8
USC00185934	MILLERS	19950111	0	11	-33	0	11	-33	262.1	39.71667	-76.8
USC00185934	MILLERS	19950112	0	111	11	0	111	11	262.1	39.71667	-76.8
USC00185934	MILLERS	19950113	0	178	61	0	178	61	262.1	39.71667	-76.8
USC00185934	MILLERS	19950114	0	183	89	0	183	89	262.1	39.71667	-76.8
USC00185934	MILLERS	19950115	0	156	144	0	156	144	262.1	39.71667	-76.8
USC00185934	MILLERS	19950116	0	150	50	0	150	50	262.1	39.71667	-76.8
USC00185934	MILLERS	19950117	0	72	33	0	72	33	262.1	39.71667	-76.8
USC00185934	MILLERS	19950118	0	72	39	0	72	39	262.1	39.71667	-76.8
USC00185934	MILLERS	19950119	0	61	33	0	61	33	262.1	39.71667	-76.8
USC00185934	MILLERS	19950120	0	100	33	0	100	33	262.1	39.71667	-76.8
USC00185934	MILLERS	19950121	0	39	0	0	39	0	262.1	39.71667	-76.8
USC00185934	MILLERS	19950122	0	11	-39	0	11	-39	262.1	39.71667	-76.8
USC00185934	MILLERS	19950123	0	22	-50	0	22	-50	262.1	39.71667	-76.8
USC00185934	MILLERS	19950124	0	28	-44	0	28	-44	262.1	39.71667	-76.8
USC00185934	MILLERS	19950125	0	39	-22	0	39	-22	262.1	39.71667	-76.8
USC00185934	MILLERS	19950126	0	17	-56	0	17	-56	262.1	39.71667	-76.8
USC00185934	MILLERS	19950127	0	28	-67	0	28	-67	262.1	39.71667	-76.8
USC00185934	MILLERS	19950128	0	0	-28	0	0	-28	262.1	39.71667	-76.8
USC00185934	MILLERS	19950129	0	33	-89	0	33	-89	262.1	39.71667	-76.8
USC00185934	MILLERS	19950130	0	17	-56	0	17	-56	262.1	39.71667	-76.8
USC00185934	MILLERS	19950131	0	56	-44	0	56	-44	262.1	39.71667	-76.8
USC00185934	MILLERS	19960101	25	33	6	25	33	6	262.1	39.71667	-76.8
USC00185934	MILLERS	19960102	25	17	0	25	17	0	262.1	39.71667	-76.8
USC00185934	MILLERS	19960103	25	11	-50	25	11	-50	262.1	39.71667	-76.8
USC00185934	MILLERS	19960104	25	-33	-106	25	-33	-106	262.1	39.71667	-76.8
USC00185934	MILLERS	19960105	25	-28	-94	25	-28	-94	262.1	39.71667	-76.8
USC00185934	MILLERS	19960106	25	-56	-122	25	-56	-122	262.1	39.71667	-76.8
USC00185934	MILLERS	19960107	457	-89	-117	457	-89	-117	262.1	39.71667	-76.8
USC00185934	MILLERS	19960108	787	-33	-106	787	-33	-106	262.1	39.71667	-76.8
USC00185934	MILLERS	19960109	762	-28	-128	762	-28	-128	262.1	39.71667	-76.8
USC00185934	MILLERS	19960110	711	-17	-83	711	-17	-83	262.1	39.71667	-76.8
USC00185934	MILLERS	19960111	635	-56	-139	635	-56	-139	262.1	39.71667	-76.8
USC00185934	MILLERS	19960112	864	-39	-111	864	-39	-111	262.1	39.71667	-76.8
USC00185934	MILLERS	19960113	762	22	-50	762	22	-50	262.1	39.71667	-76.8
USC00185934	MILLERS	19960114	660	56	-67	660	56	-67	262.1	39.71667	-76.8
USC00185934	MILLERS	19960115	610	50	-17	610	50	-17	262.1	39.71667	-76.8
USC00185934	MILLERS	19960116	610	0	-117	610	0	-117	262.1	39.71667	-76.8
USC00185934	MILLERS	19960117	508	89	-22	508	89	-22	262.1	39.71667	-76.8
USC00185934	MILLERS	19960118	381	83	6	381	83	6	262.1	39.71667	-76.8
USC00185934	MILLERS	19960119	102	133	-50	102	133	-50	262.1	39.71667	-76.8
USC00185934	MILLERS	19960120	102	-44	-111	102	-44	-111	262.1	39.71667	-76.8
USC00185934	MILLERS	19960121	102	-17	-122	102	-17	-122	262.1	39.71667	-76.8
USC00185934	MILLERS	19960122	102	39	-100	102	39	-100	262.1	39.71667	-76.8
USC00185934	MILLERS	19960123	76	17	-44	76	17	-44	262.1	39.71667	-76.8
USC00185934	MILLERS	19960124	51	94	0	51	94	0	262.1	39.71667	-76.8
USC00185934	MILLERS	19960125	25	50	-50	25	50	-50	262.1	39.71667	-76.8
USC00185934	MILLERS	19960126	25	33	-78	25	33	-78	262.1	39.71667	-76.8
USC00185934	MILLERS	19960127	0	117	11	0	117	11	262.1	39.71667	-76.8
USC00185934	MILLERS	19960128	0	17	-50	0	17	-50	262.1	39.71667	-76.8
USC00185934	MILLERS	19960129	0	11	-78	0	11	-78	262.1	39.71667	-76.8
USC00185934	MILLERS	19960130	0	78	-33	0	78	-33	262.1	39.71667	-76.8
USC00185934	MILLERS	19960131	0	33	-72	0	33	-72	262.1	39.71667	-76.8
USC00185934	MILLERS	19970101	0	11	-78	0	11	-78	262.1	39.71667	-76.8
USC00185934	MILLERS	19970102	0	100	-44	0	100	-44	262.1	39.71667	-76.8
USC00185934	MILLERS	19970103	0	178	78	0	178	78	262.1	39.71667	-76.8
USC00185934	MILLERS	19970104	0	161	106	0	161	106	262.1	39.71667	-76.8
USC00185934	MILLERS	19970105	0	183	72	0	183	72	262.1	39.71667	-76.8
USC00185934	MILLERS	19970106	0	133	33	0	133	33	262.1	39.71667	-76.8
USC00185934	MILLERS	19970107	0	56	-33	0	56	-33	262.1	39.71667	-76.8
USC00185934	MILLERS	19970108	0	28	-67	0	28	-67	262.1	39.71667	-76.8
USC00185934	MILLERS	19970109	51	-6	-39	51	-6	-39	262.1	39.71667	-76.8
USC00185934	MILLERS	19970110	51	22	-22	51	22	-22	262.1	39.71667	-76.8
USC00185934	MILLERS	19970111	51	-6	-78	51	-6	-78	262.1	39.71667	-76.8
USC00185934	MILLERS	19970112	51	-44	-122	51	-44	-122	262.1	39.71667	-76.8
USC00185934	MILLERS	19970113	51	-44	-117	51	-44	-117	262.1	39.71667	-76.8
USC00185934	MILLERS	19970114	25	-11	-117	25	-11	-117	262.1	39.71667	-76.8
USC00185934	MILLERS	19970115	25	33	-117	25	33	-117	262.1	39.71667	-76.8
USC00185934	MILLERS	19970116	0	44	-17	0	44	-17	262.1	39.71667	-76.8
USC00185934	MILLERS	19970117	0	-17	-150	0	-17	-150	262.1	39.71667	-76.8
USC00185934	MILLERS	19970118	0	-94	-150	0	-94	-150	262.1	39.71667	-76.8
USC00185934	MILLERS	19970119	0	-61	-178	0	-61	-178	262.1	39.71667	-76.8
USC00185934	MILLERS	19970120	0	39	-100	0	39	-100	262.1	39.71667	-76.8
USC00185934	MILLERS	19970121	0	56	-39	0	56	-39	262.1	39.71667	-76.8
USC00185934	MILLERS	19970122	0	67	-17	0	67	-17	262.1	39.71667	-76.8
USC00185934	MILLERS	19970123	0	106	17	0	106	17	262.1	39.71667	-76.8
USC00185934	MILLERS	19970124	0	22	-50	0	22	-50	262.1	39.71667	-76.8
USC00185934	MILLERS	19970125	0	78	17	0	78	17	262.1	39.71667	-76.8
USC00185934	MILLERS	19970126	0	17	-56	0	17	-56	262.1	39.71667	-76.8
USC00185934	MILLERS	19970127	0	0	-56	0	0	-56	262.1	39.71667	-76.8
USC00185934	MILLERS	19970128	0	67	-11	0	67	-11	262.1	39.71667	-76.8
USC00185934	MILLERS	19970129	0	-6	-72	0	-6	-72	262.1	39.71667	-76.8
USC00185934	MILLERS	19970130	0	22	-83	0	22	-83	262.1	39.71667	-76.8
USC00185934	MILLERS	19970131	0	39	-39	0	39	-39	262.1	39.71667	-76.8
USC00185934	MILLERS	19980101	102	-17	-139	102	-17	-139	262.1	39.71667	-76.8
USC00185934	MILLERS	19980102	25	111	-44	25	111	-44	262.1	39.71667	-76.8
USC00185934	MILLERS	19980103	0	161	28	0	161	28	262.1	39.71667	-76.8
USC00185934	MILLERS	19980104	0	183	78	0	183	78	262.1	39.71667	-76.8
USC00185934	MILLERS	19980105	0	183	33	0	183	33	262.1	39.71667	-76.8
USC00185934	MILLERS	19980106	0	194	89	0	194	89	262.1	39.71667	-76.8
USC00185934	MILLERS	19980107	0	167	150	0	167	150	262.1	39.71667	-76.8
USC00185934	MILLERS	19980108	0	183	150	0	183	150	262.1	39.71667	-76.8
USC00185934	MILLERS	19980109	0	178	89	0	178	89	262.1	39.71667	-76.8
USC00185934	MILLERS	19980110	0	100	-11	0	100	-11	262.1	39.71667	-76.8
USC00185934	MILLERS	19980111	0	89	-17	0	89	-17	262.1	39.71667	-76.8
USC00185934	MILLERS	19980112	0	33	-28	0	33	-28	262.1	39.71667	-76.8
USC00185934	MILLERS	19980113	0	100	0	0	100	0	262.1	39.71667	-76.8
USC00185934	MILLERS	19980114	0	28	-67	0	28	-67	262.1	39.71667	-76.8
USC00185934	MILLERS	19980115	0	11	-61	0	11	-61	262.1	39.71667	-76.8
USC00185934	MILLERS	19980116	0	28	6	0	28	6	262.1	39.71667	-76.8
USC00185934	MILLERS	19980117	0	56	0	0	56	0	262.1	39.71667	-76.8
USC00185934	MILLERS	19980118	0	33	-6	0	33	-6	262.1	39.71667	-76.8
USC00185934	MILLERS	19980119	0	11	-6	0	11	-6	262.1	39.71667	-76.8
USC00185934	MILLERS	19980120	0	22	-28	0	22	-28	262.1	39.71667	-76.8
USC00185934	MILLERS	19980121	0	11	-56	0	11	-56	262.1	39.71667	-76.8
USC00185934	MILLERS	19980122	0	39	-56	0	39	-56	262.1	39.71667	-76.8
USC00185934	MILLERS	19980123	0	72	-6	0	72	-6	262.1	39.71667	-76.8
USC00185934	MILLERS	19980124	0	50	17	0	50	17	262.1	39.71667	-76.8
USC00185934	MILLERS	19980125	0	28	-22	0	28	-22	262.1	39.71667	-76.8
USC00185934	MILLERS	19980126	0	50	-56	0	50	-56	262.1	39.71667	-76.8
USC00185934	MILLERS	19980127	0	39	-28	0	39	-28	262.1	39.71667	-76.8
USC00185934	MILLERS	19980128	0	33	-6	0	33	-6	262.1	39.71667	-76.8
USC00185934	MILLERS	19980129	0	117	0	0	117	0	262.1	39.71667	-76.8
USC00185934	MILLERS	19980130	0	78	11	0	78	11	262.1	39.71667	-76.8
USC00185934	MILLERS	19980131	0	50	-6	0	50	-6	262.1	39.71667	-76.8
USC00185934	MILLERS	19990101	0	-22	-111	0	-22	-111	262.1	39.71667	-76.8
USC00185934	MILLERS	19990102	25	-67	-128	25	-67	-128	262.1	39.71667	-76.8
USC00185934	MILLERS	19990103	0	89	-100	0	89	-100	262.1	39.71667	-76.8
USC00185934	MILLERS	19990104	0	6	-78	0	6	-78	262.1	39.71667	-76.8
USC00185934	MILLERS	19990105	0	-44	-122	0	-44	-122	262.1	39.71667	-76.8
USC00185934	MILLERS	19990106	0	-11	-156	0	-11	-156	262.1	39.71667	-76.8
USC00185934	MILLERS	19990107	0	6	-56	0	6	-56	262.1	39.71667	-76.8
USC00185934	MILLERS	19990108	102	-50	-89	102	-50	-89	262.1	39.71667	-76.8
USC00185934	MILLERS	19990109	25	56	-61	25	56	-61	262.1	39.71667	-76.8
USC00185934	MILLERS	19990110	25	-11	-94	25	-11	-94	262.1	39.71667	-76.8
USC00185934	MILLERS	19990111	25	-39	-89	25	-39	-89	262.1	39.71667	-76.8
USC00185934	MILLERS	19990112	0	100	-72	0	100	-72	262.1	39.71667	-76.8
USC00185934	MILLERS	19990113	0	117	33	0	117	33	262.1	39.71667	-76.8
USC00185934	MILLERS	19990114	0	33	-83	0	33	-83	262.1	39.71667	-76.8
USC00185934	MILLERS	19990115	25	0	-83	25	0	-83	262.1	39.71667	-76.8
USC00185934	MILLERS	19990116	0	39	-83	0	39	-83	262.1	39.71667	-76.8
USC00185934	MILLERS	19990117	0	122	0	0	122	0	262.1	39.71667	-76.8
USC00185934	MILLERS	19990118	0	111	28	0	111	28	262.1	39.71667	-76.8
USC00185934	MILLERS	19990119	0	89	-11	0	89	-11	262.1	39.71667	-76.8
USC00185934	MILLERS	19990120	0	83	6	0	83	6	262.1	39.71667	-76.8
USC00185934	MILLERS	19990121	0	56	-17	0	56	-17	262.1	39.71667	-76.8
USC00185934	MILLERS	19990122	0	67	33	0	67	33	262.1	39.71667	-76.8
USC00185934	MILLERS	19990123	0	183	61	0	183	61	262.1	39.71667	-76.8
USC00185934	MILLERS	19990124	0	161	50	0	161	50	262.1	39.71667	-76.8
USC00185934	MILLERS	19990125	0	56	-17	0	56	-17	262.1	39.71667	-76.8
USC00185934	MILLERS	19990126	0	72	-22	0	72	-22	262.1	39.71667	-76.8
USC00185934	MILLERS	19990127	0	122	-33	0	122	-33	262.1	39.71667	-76.8
USC00185934	MILLERS	19990128	0	178	39	0	178	39	262.1	39.71667	-76.8
USC00185934	MILLERS	19990129	0	150	22	0	150	22	262.1	39.71667	-76.8
USC00185934	MILLERS	19990130	0	50	-50	0	50	-50	262.1	39.71667	-76.8
USC00185934	MILLERS	19990131	0	17	-83	0	17	-83	262.1	39.71667	-76.8
USC00185934	MILLERS	20000101	0	117	-17	0	117	-17	262.1	39.71667	-76.8
USC00185934	MILLERS	20000102	0	189	28	0	189	28	262.1	39.71667	-76.8
USC00185934	MILLERS	20000103	0	172	106	0	172	106	262.1	39.71667	-76.8
USC00185934	MILLERS	20000104	0	183	100	0	183	100	262.1	39.71667	-76.8
USC00185934	MILLERS	20000105	0	100	0	0	100	0	262.1	39.71667	-76.8
USC00185934	MILLERS	20000106	0	61	-72	0	61	-72	262.1	39.71667	-76.8
USC00185934	MILLERS	20000107	0	83	-17	0	83	-17	262.1	39.71667	-76.8
USC00185934	MILLERS	20000108	0	44	-56	0	44	-56	262.1	39.71667	-76.8
USC00185934	MILLERS	20000109	0	67	11	0	67	11	262.1	39.71667	-76.8
USC00185934	MILLERS	20000110	0	89	33	0	89	33	262.1	39.71667	-76.8
USC00185934	MILLERS	20000111	0	94	22	0	94	22	262.1	39.71667	-76.8
USC00185934	MILLERS	20000112	0	72	-22	0	72	-22	262.1	39.71667	-76.8
USC00185934	MILLERS	20000113	0	106	-17	0	106	-17	262.1	39.71667	-76.8
USC00185934	MILLERS	20000114	0	-17	-89	0	-17	-89	262.1	39.71667	-76.8
USC00185934	MILLERS	20000115	0	6	-111	0	6	-111	262.1	39.71667	-76.8
USC00185934	MILLERS	20000116	0	133	-44	0	133	-44	262.1	39.71667	-76.8
USC00185934	MILLERS	20000117	0	33	-117	0	33	-117	262.1	39.71667	-76.8
USC00185934	MILLERS	20000118	0	-78	-150	0	-78	-150	262.1	39.71667	-76.8
USC00185934	MILLERS	20000119	0	17	-117	0	17	-117	262.1	39.71667	-76.8
USC00185934	MILLERS	20000120	127	0	-56	127	0	-56	262.1	39.71667	-76.8
USC00185934	MILLERS	20000121	102	-22	-128	102	-22	-128	262.1	39.71667	-76.8
USC00185934	MILLERS	20000122	76	-72	-167	76	-72	-167	262.1	39.71667	-76.8
USC00185934	MILLERS	20000123	76	-17	-94	76	-17	-94	262.1	39.71667	-76.8
USC00185934	MILLERS	20000124	51	28	-50	51	28	-50	262.1	39.71667	-76.8
USC00185934	MILLERS	20000125	254	-17	-61	254	-17	-61	262.1	39.71667	-76.8
USC00185934	MILLERS	20000126	279	-6	-78	279	-6	-78	262.1	39.71667	-76.8
USC00185934	MILLERS	20000127	229	-28	-122	229	-28	-122	262.1	39.71667	-76.8
USC00185934	MILLERS	20000128	203	-28	-122	203	-28	-122	262.1	39.71667	-76.8
USC00185934	MILLERS	20000129	203	6	-111	203	6	-111	262.1	39.71667	-76.8
USC00185934	MILLERS	20000130	356	-11	-128	356	-11	-128	262.1	39.71667	-76.8
USC00185934	MILLERS	20000131	381	6	-94	381	6	-94	262.1	39.71667	-76.8
USC00185934	MILLERS	20010101	51	6	-72	51	6	-72	262.1	39.71667	-76.8
USC00185934	MILLERS	20010102	51	-17	-72	51	-17	-72	262.1	39.71667	-76.8
USC00185934	MILLERS	20010103	51	-6	-111	51	-6	-111	262.1	39.71667	-76.8
USC00185934	MILLERS	20010104	25	0	-67	25	0	-67	262.1	39.71667	-76.8
USC00185934	MILLERS	20010105	76	-22	-106	76	-22	-106	262.1	39.71667	-76.8
USC00185934	MILLERS	20010106	76	28	-50	76	28	-50	262.1	39.71667	-76.8
USC00185934	MILLERS	20010107	51	67	-56	51	67	-56	262.1	39.71667	-76.8
USC00185934	MILLERS	20010108	76	33	-28	76	33	-28	262.1	39.71667	-76.8
USC00185934	MILLERS	20010109	51	6	-61	51	6	-61	262.1	39.71667	-76.8
USC00185934	MILLERS	20010110	51	33	-61	51	33	-61	262.1	39.71667	-76.8
USC00185934	MILLERS	20010111	25	106	-22	25	106	-22	262.1	39.71667	-76.8
USC00185934	MILLERS	20010112	25	61	-11	25	61	-11	262.1	39.71667	-76.8
USC00185934	MILLERS	20010113	25	78	-78	25	78	-78	262.1	39.71667	-76.8
USC00185934	MILLERS	20010114	25	50	-33	25	50	-33	262.1	39.71667	-76.8
USC00185934	MILLERS	20010115	0	39	11	0	39	11	262.1	39.71667	-76.8
USC00185934	MILLERS	20010116	0	44	0	0	44	0	262.1	39.71667	-76.8
USC00185934	MILLERS	20010117	0	28	0	0	28	0	262.1	39.71667	-76.8
USC00185934	MILLERS	20010118	0	17	-28	0	17	-28	262.1	39.71667	-76.8
USC00185934	MILLERS	20010119	0	28	0	0	28	0	262.1	39.71667	-76.8
USC00185934	MILLERS	20010120	0	17	0	0	17	0	262.1	39.71667	-76.8
USC00185934	MILLERS	20010121	229	0	-67	229	0	-67	262.1	39.71667	-76.8
USC00185934	MILLERS	20010122	203	6	-128	203	6	-128	262.1	39.71667	-76.8
USC00185934	MILLERS	20010123	178	39	-139	178	39	-139	262.1	39.71667	-76.8
USC00185934	MILLERS	20010124	152	56	-72	152	56	-72	262.1	39.71667	-76.8
USC00185934	MILLERS	20010125	152	17	-33	152	17	-33	262.1	39.71667	-76.8
USC00185934	MILLERS	20010126	152	6	-117	152	6	-117	262.1	39.71667	-76.8
USC00185934	MILLERS	20010127	127	39	-28	127	39	-28	262.1	39.71667	-76.8
USC00185934	MILLERS	20010128	127	22	-56	127	22	-56	262.1	39.71667	-76.8
USC00185934	MILLERS	20010129	102	28	-89	102	28	-89	262.1	39.71667	-76.8
USC00185934	MILLERS	20010130	51	100	0	51	100	0	262.1	39.71667	-76.8
USC00185934	MILLERS	20010131	25	72	6	25	72	6	262.1	39.71667	-76.8
USC00185934	MILLERS	20020101	0	0	-117	0	0	-117	262.1	39.71667	-76.8
USC00185934	MILLERS	20020102	0	11	-106	0	11	-106	262.1	39.71667	-76.8
USC00185934	MILLERS	20020103	0	17	-72	0	17	-72	262.1	39.71667	-76.8
USC00185934	MILLERS	20020104	0	28	-50	0	28	-50	262.1	39.71667	-76.8
USC00185934	MILLERS	20020105	0	33	-33	0	33	-33	262.1	39.71667	-76.8
USC00185934	MILLERS	20020106	0	33	-44	0	33	-44	262.1	39.71667	-76.8
USC00185934	MILLERS	20020107	76	11	-11	76	11	-11	262.1	39.71667	-76.8
USC00185934	MILLERS	20020108	76	0	-67	76	0	-67	262.1	39.71667	-76.8
USC00185934	MILLERS	20020109	51	56	-50	51	56	-50	262.1	39.71667	-76.8
USC00185934	MILLERS	20020110	0	128	22	0	128	22	262.1	39.71667	-76.8
USC00185934	MILLERS	20020111	0	94	44	0	94	44	262.1	39.71667	-76.8
USC00185934	MILLERS	20020112	0	89	-11	0	89	-11	262.1	39.71667	-76.8
USC00185934	MILLERS	20020113	0	56	6	0	56	6	262.1	39.71667	-76.8
USC00185934	MILLERS	20020114	0	83	-28	0	83	-28	262.1	39.71667	-76.8
USC00185934	MILLERS	20020115	0	83	11	0	83	11	262.1	39.71667	-76.8
USC00185934	MILLERS	20020116	0	56	0	0	56	0	262.1	39.71667	-76.8
USC00185934	MILLERS	20020117	0	100	-11	0	100	-11	262.1	39.71667	-76.8
USC00185934	MILLERS	20020118	0	44	-11	0	44	-11	262.1	39.71667	-76.8
USC00185934	MILLERS	20020119	51	0	-61	51	0	-61	262.1	39.71667	-76.8
USC00185934	MILLERS	20020120	76	33	-61	76	33	-61	262.1	39.71667	-76.8
USC00185934	MILLERS	20020121	51	61	-39	51	61	-39	262.1	39.71667	-76.8
USC00185934	MILLERS	20020122	25	83	0	25	83	0	262.1	39.71667	-76.8
USC00185934	MILLERS	20020123	0	133	22	0	133	22	262.1	39.71667	-76.8
USC00185934	MILLERS	20020124	0	122	56	0	122	56	262.1	39.71667	-76.8
USC00185934	MILLERS	20020125	0	122	0	0	122	0	262.1	39.71667	-76.8
USC00185934	MILLERS	20020126	0	128	-11	0	128	-11	262.1	39.71667	-76.8
USC00185934	MILLERS	20020127	0	194	0	0	194	0	262.1	39.71667	-76.8
USC00185934	MILLERS	20020128	0	178	11	0	178	11	262.1	39.71667	-76.8
USC00185934	MILLERS	20020129	0	206	83	0	206	83	262.1	39.71667	-76.8
USC00185934	MILLERS	20020130	0	172	117	0	172	117	262.1	39.71667	-76.8
USC00185934	MILLERS	20020131	0	117	44	0	117	44	262.1	39.71667	-76.8
USC00185934	MILLERS	20030101	0	67	33	0	67	33	262.1	39.71667	-76.8
USC00185934	MILLERS	20030102	0	61	6	0	61	6	262.1	39.71667	-76.8
USC00185934	MILLERS	20030103	0	28	0	0	28	0	262.1	39.71667	-76.8
USC00185934	MILLERS	20030104	0	11	-11	0	11	-11	262.1	39.71667	-76.8
USC00185934	MILLERS	20030105	76	0	-61	76	0	-61	262.1	39.71667	-76.8
USC00185934	MILLERS	20030106	76	17	-22	76	17	-22	262.1	39.71667	-76.8
USC00185934	MILLERS	20030107	76	-6	-83	76	-6	-83	262.1	39.71667	-76.8
USC00185934	MILLERS	20030108	25	72	-28	25	72	-28	262.1	39.71667	-76.8
USC00185934	MILLERS	20030109	0	122	11	0	122	11	262.1	39.71667	-76.8
USC00185934	MILLERS	20030110	0	83	6	0	83	6	262.1	39.71667	-76.8
USC00185934	MILLERS	20030111	0	11	-72	0	11	-72	262.1	39.71667	-76.8
USC00185934	MILLERS	20030112	0	-6	-78	0	-6	-78	262.1	39.71667	-76.8
USC00185934	MILLERS	20030113	0	39	-83	0	39	-83	262.1	39.71667	-76.8
USC00185934	MILLERS	20030114	0	6	-106	0	6	-106	262.1	39.71667	-76.8
USC00185934	MILLERS	20030115	0	-28	-83	0	-28	-83	262.1	39.71667	-76.8
USC00185934	MILLERS	20030116	0	-39	-117	0	-39	-117	262.1	39.71667	-76.8
USC00185934	MILLERS	20030117	25	-17	-89	25	-17	-89	262.1	39.71667	-76.8
USC00185934	MILLERS	20030118	25	-56	-183	25	-56	-183	262.1	39.71667	-76.8
USC00185934	MILLERS	20030119	25	-28	-122	25	-28	-122	262.1	39.71667	-76.8
USC00185934	MILLERS	20030120	0	11	-72	0	11	-72	262.1	39.71667	-76.8
USC00185934	MILLERS	20030121	0	-17	-94	0	-17	-94	262.1	39.71667	-76.8
USC00185934	MILLERS	20030122	0	-50	-133	0	-50	-133	262.1	39.71667	-76.8
USC00185934	MILLERS	20030123	0	-78	-139	0	-78	-139	262.1	39.71667	-76.8
USC00185934	MILLERS	20030124	0	-11	-133	0	-11	-133	262.1	39.71667	-76.8
USC00185934	MILLERS	20030125	0	-17	-100	0	-17	-100	262.1	39.71667	-76.8
USC00185934	MILLERS	20030126	51	17	-78	51	17	-78	262.1	39.71667	-76.8
USC00185934	MILLERS	20030127	25	-17	-139	25	-17	-139	262.1	39.71667	-76.8
USC00185934	MILLERS	20030128	25	-22	-144	25	-22	-144	262.1	39.71667	-76.8
USC00185934	MILLERS	20030129	0	-6	-33	0	-6	-33	262.1	39.71667	-76.8
USC00185934	MILLERS	20030130	0	17	-83	0	17	-83	262.1	39.71667	-76.8
USC00185934	MILLERS	20030131	0	6	-28	0	6	-28	262.1	39.71667	-76.8
USC00185934	MILLERS	20040101	0	83	11	0	83	11	262.1	39.71667	-76.8
USC00185934	MILLERS	20040102	0	111	6	0	111	6	262.1	39.71667	-76.8
USC00185934	MILLERS	20040103	0	178	56	0	178	56	262.1	39.71667	-76.8
USC00185934	MILLERS	20040104	0	156	61	0	156	61	262.1	39.71667	-76.8
USC00185934	MILLERS	20040105	0	61	22	0	61	22	262.1	39.71667	-76.8
USC00185934	MILLERS	20040106	0	50	-50	0	50	-50	262.1	39.71667	-76.8
USC00185934	MILLERS	20040107	0	-39	-100	0	-39	-100	262.1	39.71667	-76.8
USC00185934	MILLERS	20040108	0	-17	-89	0	-17	-89	262.1	39.71667	-76.8
USC00185934	MILLERS	20040109	0	-22	-94	0	-22	-94	262.1	39.71667	-76.8
USC00185934	MILLERS	20040110	0	-89	-183	0	-89	-183	262.1	39.71667	-76.8
USC00185934	MILLERS	20040111	0	-17	-167	0	-17	-167	262.1	39.71667	-76.8
USC00185934	MILLERS	20040112	0	72	-39	0	72	-39	262.1	39.71667	-76.8
USC00185934	MILLERS	20040113	0	61	0	0	61	0	262.1	39.71667	-76.8
USC00185934	MILLERS	20040114	0	0	-111	0	0	-111	262.1	39.71667	-76.8
USC00185934	MILLERS	20040115	0	-44	-106	0	-44	-106	262.1	39.71667	-76.8
USC00185934	MILLERS	20040116	0	-44	-139	0	-44	-139	262.1	39.71667	-76.8
USC00185934	MILLERS	20040117	0	-17	-100	0	-17	-100	262.1	39.71667	-76.8
USC00185934	MILLERS	20040118	51	11	-39	51	11	-39	262.1	39.71667	-76.8
USC00185934	MILLERS	20040119	51	0	-83	51	0	-83	262.1	39.71667	-76.8
USC00185934	MILLERS	20040120	51	-28	-83	51	-28	-83	262.1	39.71667	-76.8
USC00185934	MILLERS	20040121	25	-33	-111	25	-33	-111	262.1	39.71667	-76.8
USC00185934	MILLERS	20040122	25	33	-106	25	33	-106	262.1	39.71667	-76.8
USC00185934	MILLERS	20040123	25	-6	-133	25	-6	-133	262.1	39.71667	-76.8
USC00185934	MILLERS	20040124	127	-50	-117	127	-50	-117	262.1	39.71667	-76.8
USC00185934	MILLERS	20040125	102	-78	-183	102	-78	-183	262.1	39.71667	-76.8
USC00185934	MILLERS	20040126	229	-67	-117	229	-67	-117	262.1	39.71667	-76.8
USC00185934	MILLERS	20040127	254	-28	-94	254	-28	-94	262.1	39.71667	-76.8
USC00185934	MILLERS	20040128	203	-33	-78	203	-33	-78	262.1	39.71667	-76.8
USC00185934	MILLERS	20040129	178	0	-100	178	0	-100	262.1	39.71667	-76.8
USC00185934	MILLERS	20040130	178	-44	-94	178	-44	-94	262.1	39.71667	-76.8
USC00185934	MILLERS	20040131	178	-56	-139	178	-56	-139	262.1	39.71667	-76.8
USC00185934	MILLERS	20050101	0	178	56	0	178	56	262.1	39.71667	-76.8
USC00185934	MILLERS	20050102	0	111	-11	0	111	-11	262.1	39.71667	-76.8
USC00185934	MILLERS	20050103	0	156	39	0	156	39	262.1	39.71667	-76.8
USC00185934	MILLERS	20050104	0	156	72	0	156	72	262.1	39.71667	-76.8
USC00185934	MILLERS	20050105	0	78	22	0	78	22	262.1	39.71667	-76.8
USC00185934	MILLERS	20050106	0	44	11	0	44	11	262.1	39.71667	-76.8
USC00185934	MILLERS	20050107	0	56	11	0	56	11	262.1	39.71667	-76.8
USC00185934	MILLERS	20050108	0	94	6	0	94	6	262.1	39.71667	-76.8
USC00185934	MILLERS	20050109	0	50	0	0	50	0	262.1	39.71667	-76.8
USC00185934	MILLERS	20050110	0	106	0	0	106	0	262.1	39.71667	-76.8
USC00185934	MILLERS	20050111	0	50	6	0	50	6	262.1	39.71667	-76.8
USC00185934	MILLERS	20050112	0	72	22	0	72	22	262.1	39.71667	-76.8
USC00185934	MILLERS	20050113	0	161	61	0	161	61	262.1	39.71667	-76.8
USC00185934	MILLERS	20050114	0	172	17	0	172	17	262.1	39.71667	-76.8
USC00185934	MILLERS	20050115	0	17	-50	0	17	-50	262.1	39.71667	-76.8
USC00185934	MILLERS	20050116	0	17	-61	0	17	-61	262.1	39.71667	-76.8
USC00185934	MILLERS	20050117	25	-17	-100	25	-17	-100	262.1	39.71667	-76.8
USC00185934	MILLERS	20050118	0	-72	-133	0	-72	-133	262.1	39.71667	-76.8
USC00185934	MILLERS	20050119	51	-72	-144	51	-72	-144	262.1	39.71667	-76.8
USC00185934	MILLERS	20050120	25	6	-72	25	6	-72	262.1	39.71667	-76.8
USC00185934	MILLERS	20050121	25	-33	-117	25	-33	-117	262.1	39.71667	-76.8
USC00185934	MILLERS	20050122	178	-78	-172	178	-78	-172	262.1	39.71667	-76.8
USC00185934	MILLERS	20050123	152	-72	-128	152	-72	-128	262.1	39.71667	-76.8
USC00185934	MILLERS	20050124	152	-67	-150	152	-67	-150	262.1	39.71667	-76.8
USC00185934	MILLERS	20050125	127	6	-78	127	6	-78	262.1	39.71667	-76.8
USC00185934	MILLERS	20050126	102	72	-33	102	72	-33	262.1	39.71667	-76.8
USC00185934	MILLERS	20050127	102	11	-139	102	11	-139	262.1	39.71667	-76.8
USC00185934	MILLERS	20050128	102	-33	-161	102	-33	-161	262.1	39.71667	-76.8
USC00185934	MILLERS	20050129	76	6	-150	76	6	-150	262.1	39.71667	-76.8
USC00185934	MILLERS	20050130	102	17	-33	102	17	-33	262.1	39.71667	-76.8
USC00185934	MILLERS	20050131	102	33	-67	102	33	-67	262.1	39.71667	-76.8
