STATION	NAME	DATE	SNWD	TMAX	TMIN	SNWD2	TMAX2	TMIN2	ELEV	LAT	LONG
USC00305426	MOHONK	19950101	0	72	-17	0	72	-17	379.5	41.76667	-74.15
USC00305426	MOHONK	19950102	51	67	-56	51	67	-56	379.5	41.76667	-74.15
USC00305426	MOHONK	19950103	51	-33	-89	51	-33	-89	379.5	41.76667	-74.15
USC00305426	MOHONK	19950104	51	-44	-78	51	-44	-78	379.5	41.76667	-74.15
USC00305426	MOHONK	19950105	51	-61	-144	51	-61	-144	379.5	41.76667	-74.15
USC00305426	MOHONK	19950106	25	-39	-111	25	-39	-111	379.5	41.76667	-74.15
USC00305426	MOHONK	19950107	25	33	-44	25	33	-44	379.5	41.76667	-74.15
USC00305426	MOHONK	19950108	25	0	-67	25	0	-67	379.5	41.76667	-74.15
USC00305426	MOHONK	19950109	25	-11	-56	25	-11	-56	379.5	41.76667	-74.15
USC00305426	MOHONK	19950110	25	-22	-94	25	-22	-94	379.5	41.76667	-74.15
USC00305426	MOHONK	19950111	25	-50	-111	25	-50	-111	379.5	41.76667	-74.15
USC00305426	MOHONK	19950112	51	22	-117	51	22	-117	379.5	41.76667	-74.15
USC00305426	MOHONK	19950113	0	128	6	0	128	6	379.5	41.76667	-74.15
USC00305426	MOHONK	19950114	0	122	83	0	122	83	379.5	41.76667	-74.15
USC00305426	MOHONK	19950115	0	144	100	0	144	100	379.5	41.76667	-74.15
USC00305426	MOHONK	19950116	0	144	94	0	144	94	379.5	41.76667	-74.15
USC00305426	MOHONK	19950117	0	111	22	0	111	22	379.5	41.76667	-74.15
USC00305426	MOHONK	19950118	0	33	-6	0	33	-6	379.5	41.76667	-74.15
USC00305426	MOHONK	19950119	0	33	0	0	33	0	379.5	41.76667	-74.15
USC00305426	MOHONK	19950120	0	50	17	0	50	17	379.5	41.76667	-74.15
USC00305426	MOHONK	19950121	0	50	0	0	50	0	379.5	41.76667	-74.15
USC00305426	MOHONK	19950122	0	17	-17	0	17	-17	379.5	41.76667	-74.15
USC00305426	MOHONK	19950123	25	6	-50	25	6	-50	379.5	41.76667	-74.15
USC00305426	MOHONK	19950124	25	-11	-39	25	-11	-39	379.5	41.76667	-74.15
USC00305426	MOHONK	19950125	0	22	-28	0	22	-28	379.5	41.76667	-74.15
USC00305426	MOHONK	19950126	0	0	-39	0	0	-39	379.5	41.76667	-74.15
USC00305426	MOHONK	19950127	0	-6	-44	0	-6	-44	379.5	41.76667	-74.15
USC00305426	MOHONK	19950128	0	-17	-133	0	-17	-133	379.5	41.76667	-74.15
USC00305426	MOHONK	19950129	0	-22	-128	0	-22	-128	379.5	41.76667	-74.15
USC00305426	MOHONK	19950130	0	39	-67	0	39	-67	379.5	41.76667	-74.15
USC00305426	MOHONK	19950131	0	28	-56	0	28	-56	379.5	41.76667	-74.15
USC00305426	MOHONK	19960101	330	11	-28	330	11	-28	379.5	41.76667	-74.15
USC00305426	MOHONK	19960102	356	0	-117	356	0	-117	379.5	41.76667	-74.15
USC00305426	MOHONK	19960103	559	-94	-139	559	-94	-139	379.5	41.76667	-74.15
USC00305426	MOHONK	19960104	508	-111	-200	508	-111	-200	379.5	41.76667	-74.15
USC00305426	MOHONK	19960105	508	-72	-156	508	-72	-156	379.5	41.76667	-74.15
USC00305426	MOHONK	19960106	483	-100	-228	483	-100	-228	379.5	41.76667	-74.15
USC00305426	MOHONK	19960107	508	-128	-200	508	-128	-200	379.5	41.76667	-74.15
USC00305426	MOHONK	19960108	889	-94	-178	889	-94	-178	379.5	41.76667	-74.15
USC00305426	MOHONK	19960109	838	-50	-150	838	-50	-150	379.5	41.76667	-74.15
USC00305426	MOHONK	19960110	838	-39	-106	838	-39	-106	379.5	41.76667	-74.15
USC00305426	MOHONK	19960111	813	-44	-133	813	-44	-133	379.5	41.76667	-74.15
USC00305426	MOHONK	19960112	889	-56	-117	889	-56	-117	379.5	41.76667	-74.15
USC00305426	MOHONK	19960113	864	11	-67	864	11	-67	379.5	41.76667	-74.15
USC00305426	MOHONK	19960114	813	22	-44	813	22	-44	379.5	41.76667	-74.15
USC00305426	MOHONK	19960115	787	33	-67	787	33	-67	379.5	41.76667	-74.15
USC00305426	MOHONK	19960116	762	-61	-167	762	-61	-167	379.5	41.76667	-74.15
USC00305426	MOHONK	19960117	686	78	-72	686	78	-72	379.5	41.76667	-74.15
USC00305426	MOHONK	19960118	610	78	17	610	78	17	379.5	41.76667	-74.15
USC00305426	MOHONK	19960119	330	122	33	330	122	33	379.5	41.76667	-74.15
USC00305426	MOHONK	19960120	305	94	-106	305	94	-106	379.5	41.76667	-74.15
USC00305426	MOHONK	19960121	305	-33	-89	305	-33	-89	379.5	41.76667	-74.15
USC00305426	MOHONK	19960122	305	11	-72	305	11	-72	379.5	41.76667	-74.15
USC00305426	MOHONK	19960123	305	6	-44	305	6	-44	379.5	41.76667	-74.15
USC00305426	MOHONK	19960124	279	72	-6	279	72	-6	379.5	41.76667	-74.15
USC00305426	MOHONK	19960125	254	78	-78	254	78	-78	379.5	41.76667	-74.15
USC00305426	MOHONK	19960126	254	-17	-106	254	-17	-106	379.5	41.76667	-74.15
USC00305426	MOHONK	19960127	203	89	-22	203	89	-22	379.5	41.76667	-74.15
USC00305426	MOHONK	19960128	178	33	-72	178	33	-72	379.5	41.76667	-74.15
USC00305426	MOHONK	19960129	178	-39	-89	178	-39	-89	379.5	41.76667	-74.15
USC00305426	MOHONK	19960130	203	22	-50	203	22	-50	379.5	41.76667	-74.15
USC00305426	MOHONK	19960131	279	11	-94	279	11	-94	379.5	41.76667	-74.15
USC00305426	MOHONK	19970101	25	-106	-200	25	-106	-200	379.5	41.76667	-74.15
USC00305426	MOHONK	19970102	51	11	-122	51	11	-122	379.5	41.76667	-74.15
USC00305426	MOHONK	19970103	0	122	-11	0	122	-11	379.5	41.76667	-74.15
USC00305426	MOHONK	19970104	0	100	6	0	100	6	379.5	41.76667	-74.15
USC00305426	MOHONK	19970105	0	78	17	0	78	17	379.5	41.76667	-74.15
USC00305426	MOHONK	19970106	0	89	6	0	89	6	379.5	41.76667	-74.15
USC00305426	MOHONK	19970107	0	6	-61	0	6	-61	379.5	41.76667	-74.15
USC00305426	MOHONK	19970108	0	-6	-72	0	-6	-72	379.5	41.76667	-74.15
USC00305426	MOHONK	19970109	0	-11	-94	0	-11	-94	379.5	41.76667	-74.15
USC00305426	MOHONK	19970110	51	-6	-72	51	-6	-72	379.5	41.76667	-74.15
USC00305426	MOHONK	19970111	51	-17	-72	51	-17	-72	379.5	41.76667	-74.15
USC00305426	MOHONK	19970112	51	-50	-122	51	-50	-122	379.5	41.76667	-74.15
USC00305426	MOHONK	19970113	51	-17	-94	51	-17	-94	379.5	41.76667	-74.15
USC00305426	MOHONK	19970114	51	-6	-117	51	-6	-117	379.5	41.76667	-74.15
USC00305426	MOHONK	19970115	51	0	-83	51	0	-83	379.5	41.76667	-74.15
USC00305426	MOHONK	19970116	51	33	-44	51	33	-44	379.5	41.76667	-74.15
USC00305426	MOHONK	19970117	51	6	-156	51	6	-156	379.5	41.76667	-74.15
USC00305426	MOHONK	19970118	51	-111	-189	51	-111	-189	379.5	41.76667	-74.15
USC00305426	MOHONK	19970119	51	-89	-206	51	-89	-206	379.5	41.76667	-74.15
USC00305426	MOHONK	19970120	51	-33	-128	51	-33	-128	379.5	41.76667	-74.15
USC00305426	MOHONK	19970121	51	17	-83	51	17	-83	379.5	41.76667	-74.15
USC00305426	MOHONK	19970122	51	44	-44	51	44	-44	379.5	41.76667	-74.15
USC00305426	MOHONK	19970123	0	61	17	0	61	17	379.5	41.76667	-74.15
USC00305426	MOHONK	19970124	0	17	-139	0	17	-139	379.5	41.76667	-74.15
USC00305426	MOHONK	19970125	51	50	-67	51	50	-67	379.5	41.76667	-74.15
USC00305426	MOHONK	19970126	51	50	-78	51	50	-78	379.5	41.76667	-74.15
USC00305426	MOHONK	19970127	51	-61	-133	51	-61	-133	379.5	41.76667	-74.15
USC00305426	MOHONK	19970128	127	28	-83	127	28	-83	379.5	41.76667	-74.15
USC00305426	MOHONK	19970129	127	-22	-117	127	-22	-117	379.5	41.76667	-74.15
USC00305426	MOHONK	19970130	127	-56	-150	127	-56	-150	379.5	41.76667	-74.15
USC00305426	MOHONK	19970131	127	-17	-83	127	-17	-83	379.5	41.76667	-74.15
USC00305426	MOHONK	19980101	254	-67	-156	254	-67	-156	379.5	41.76806	-74.155
USC00305426	MOHONK	19980102	254	50	-78	254	50	-78	379.5	41.76806	-74.155
USC00305426	MOHONK	19980103	203	111	11	203	111	11	379.5	41.76806	-74.155
USC00305426	MOHONK	19980104	152	106	17	152	106	17	379.5	41.76806	-74.155
USC00305426	MOHONK	19980105	102	39	-6	102	39	-6	379.5	41.76806	-74.155
USC00305426	MOHONK	19980106	25	122	33	25	122	33	379.5	41.76806	-74.155
USC00305426	MOHONK	19980107	0	122	61	0	122	61	379.5	41.76806	-74.155
USC00305426	MOHONK	19980108	0	139	22	0	139	22	379.5	41.76806	-74.155
USC00305426	MOHONK	19980109	0	150	61	0	150	61	379.5	41.76806	-74.155
USC00305426	MOHONK	19980110	0	83	17	0	83	17	379.5	41.76806	-74.155
USC00305426	MOHONK	19980111	0	56	6	0	56	6	379.5	41.76806	-74.155
USC00305426	MOHONK	19980112	0	44	-78	0	44	-78	379.5	41.76806	-74.155
USC00305426	MOHONK	19980113	0	39	-22	0	39	-22	379.5	41.76806	-74.155
USC00305426	MOHONK	19980114	0	22	-89	0	22	-89	379.5	41.76806	-74.155
USC00305426	MOHONK	19980115	0	-33	-106	0	-33	-106	379.5	41.76806	-74.155
USC00305426	MOHONK	19980116	0	-11	-72	0	-11	-72	379.5	41.76806	-74.155
USC00305426	MOHONK	19980117	0	-22	-78	0	-22	-78	379.5	41.76806	-74.155
USC00305426	MOHONK	19980118	25	-22	-61	25	-22	-61	379.5	41.76806	-74.155
USC00305426	MOHONK	19980119	51	-11	-33	51	-11	-33	379.5	41.76806	-74.155
USC00305426	MOHONK	19980120	51	-6	-44	51	-6	-44	379.5	41.76806	-74.155
USC00305426	MOHONK	19980121	51	0	-67	51	0	-67	379.5	41.76806	-74.155
USC00305426	MOHONK	19980122	51	-22	-94	51	-22	-94	379.5	41.76806	-74.155
USC00305426	MOHONK	19980123	178	-28	-94	178	-28	-94	379.5	41.76806	-74.155
USC00305426	MOHONK	19980124	152	6	-33	152	6	-33	379.5	41.76806	-74.155
USC00305426	MOHONK	19980125	127	6	-33	127	6	-33	379.5	41.76806	-74.155
USC00305426	MOHONK	19980126	102	17	-56	102	17	-56	379.5	41.76806	-74.155
USC00305426	MOHONK	19980127	102	-6	-111	102	-6	-111	379.5	41.76806	-74.155
USC00305426	MOHONK	19980128	102	-17	-56	102	-17	-56	379.5	41.76806	-74.155
USC00305426	MOHONK	19980129	102	61	-39	102	61	-39	379.5	41.76806	-74.155
USC00305426	MOHONK	19980130	102	56	-11	102	56	-11	379.5	41.76806	-74.155
USC00305426	MOHONK	19980131	102	22	-28	102	22	-28	379.5	41.76806	-74.155
USC00305426	MOHONK	19990101	152	-61	-117	152	-61	-117	379.5	41.76806	-74.155
USC00305426	MOHONK	19990102	152	-106	-178	152	-106	-178	379.5	41.76806	-74.155
USC00305426	MOHONK	19990103	102	28	-133	102	28	-133	379.5	41.76806	-74.155
USC00305426	MOHONK	19990104	102	33	-94	102	33	-94	379.5	41.76806	-74.155
USC00305426	MOHONK	19990105	102	-44	-122	102	-44	-122	379.5	41.76806	-74.155
USC00305426	MOHONK	19990106	102	-67	-133	102	-67	-133	379.5	41.76806	-74.155
USC00305426	MOHONK	19990107	102	-33	-89	102	-33	-89	379.5	41.76806	-74.155
USC00305426	MOHONK	19990108	127	-56	-122	127	-56	-122	379.5	41.76806	-74.155
USC00305426	MOHONK	19990109	127	33	-100	127	33	-100	379.5	41.76806	-74.155
USC00305426	MOHONK	19990110	127	0	-106	127	0	-106	379.5	41.76806	-74.155
USC00305426	MOHONK	19990111	127	-56	-111	127	-56	-111	379.5	41.76806	-74.155
USC00305426	MOHONK	19990112	152	28	-122	152	28	-122	379.5	41.76806	-74.155
USC00305426	MOHONK	19990113	152	44	-89	152	44	-89	379.5	41.76806	-74.155
USC00305426	MOHONK	19990114	254	-83	-211	254	-83	-211	379.5	41.76806	-74.155
USC00305426	MOHONK	19990115	279	6	-178	279	6	-178	379.5	41.76806	-74.155
USC00305426	MOHONK	19990116	279	6	-106	279	6	-106	379.5	41.76806	-74.155
USC00305426	MOHONK	19990117	279	67	-11	279	67	-11	379.5	41.76806	-74.155
USC00305426	MOHONK	19990118	229	89	6	229	89	6	379.5	41.76806	-74.155
USC00305426	MOHONK	19990119	229	94	6	229	94	6	379.5	41.76806	-74.155
USC00305426	MOHONK	19990120	229	44	-22	229	44	-22	379.5	41.76806	-74.155
USC00305426	MOHONK	19990121	229	39	-28	229	39	-28	379.5	41.76806	-74.155
USC00305426	MOHONK	19990122	203	22	6	203	22	6	379.5	41.76806	-74.155
USC00305426	MOHONK	19990123	178	50	6	178	50	6	379.5	41.76806	-74.155
USC00305426	MOHONK	19990124	76	128	39	76	128	39	379.5	41.76806	-74.155
USC00305426	MOHONK	19990125	76	56	-17	76	56	-17	379.5	41.76806	-74.155
USC00305426	MOHONK	19990126	76	17	-56	76	17	-56	379.5	41.76806	-74.155
USC00305426	MOHONK	19990127	76	17	-50	76	17	-50	379.5	41.76806	-74.155
USC00305426	MOHONK	19990128	76	0	-33	76	0	-33	379.5	41.76806	-74.155
USC00305426	MOHONK	19990129	76	0	-89	76	0	-89	379.5	41.76806	-74.155
USC00305426	MOHONK	19990130	102	-33	-106	102	-33	-106	379.5	41.76806	-74.155
USC00305426	MOHONK	19990131	102	-22	-150	102	-22	-150	379.5	41.76806	-74.155
USC00305426	MOHONK	20000101	0	78	-33	0	78	-33	379.5	41.76806	-74.155
USC00305426	MOHONK	20000102	0	89	17	0	89	17	379.5	41.76806	-74.155
USC00305426	MOHONK	20000103	0	133	72	0	133	72	379.5	41.76806	-74.155
USC00305426	MOHONK	20000104	0	144	50	0	144	50	379.5	41.76806	-74.155
USC00305426	MOHONK	20000105	0	133	-39	0	133	-39	379.5	41.76806	-74.155
USC00305426	MOHONK	20000106	0	17	-89	0	17	-89	379.5	41.76806	-74.155
USC00305426	MOHONK	20000107	0	50	-11	0	50	-11	379.5	41.76806	-74.155
USC00305426	MOHONK	20000108	0	28	-61	0	28	-61	379.5	41.76806	-74.155
USC00305426	MOHONK	20000109	0	78	-22	0	78	-22	379.5	41.76806	-74.155
USC00305426	MOHONK	20000110	0	56	17	0	56	17	379.5	41.76806	-74.155
USC00305426	MOHONK	20000111	0	72	22	0	72	22	379.5	41.76806	-74.155
USC00305426	MOHONK	20000112	0	50	0	0	50	0	379.5	41.76806	-74.155
USC00305426	MOHONK	20000113	102	11	-83	102	11	-83	379.5	41.76806	-74.155
USC00305426	MOHONK	20000114	102	-72	-161	102	-72	-161	379.5	41.76806	-74.155
USC00305426	MOHONK	20000115	102	-83	-150	102	-83	-150	379.5	41.76806	-74.155
USC00305426	MOHONK	20000116	76	22	-100	76	22	-100	379.5	41.76806	-74.155
USC00305426	MOHONK	20000117	76	-6	-206	76	-6	-206	379.5	41.76806	-74.155
USC00305426	MOHONK	20000118	76	-139	-217	76	-139	-217	379.5	41.76806	-74.155
USC00305426	MOHONK	20000119	76	-44	-183	76	-44	-183	379.5	41.76806	-74.155
USC00305426	MOHONK	20000120	102	-61	-94	102	-61	-94	379.5	41.76806	-74.155
USC00305426	MOHONK	20000121	127	-83	-150	127	-83	-150	379.5	41.76806	-74.155
USC00305426	MOHONK	20000122	102	-89	-189	102	-89	-189	379.5	41.76806	-74.155
USC00305426	MOHONK	20000123	102	-72	-161	102	-72	-161	379.5	41.76806	-74.155
USC00305426	MOHONK	20000124	76	6	-78	76	6	-78	379.5	41.76806	-74.155
USC00305426	MOHONK	20000125	203	-11	-89	203	-11	-89	379.5	41.76806	-74.155
USC00305426	MOHONK	20000126	330	-44	-100	330	-44	-100	379.5	41.76806	-74.155
USC00305426	MOHONK	20000127	330	-56	-150	330	-56	-150	379.5	41.76806	-74.155
USC00305426	MOHONK	20000128	305	-67	-172	305	-67	-172	379.5	41.76806	-74.155
USC00305426	MOHONK	20000129	305	-6	-122	305	-6	-122	379.5	41.76806	-74.155
USC00305426	MOHONK	20000130	305	6	-106	305	6	-106	379.5	41.76806	-74.155
USC00305426	MOHONK	20000131	406	-11	-61	406	-11	-61	379.5	41.76806	-74.155
USC00305426	MOHONK	20010101	457	-22	-83	457	-22	-83	379.5	41.76806	-74.155
USC00305426	MOHONK	20010102	432	-50	-133	432	-50	-133	379.5	41.76806	-74.155
USC00305426	MOHONK	20010103	406	-17	-122	406	-17	-122	379.5	41.76806	-74.155
USC00305426	MOHONK	20010104	381	-17	-83	381	-17	-83	379.5	41.76806	-74.155
USC00305426	MOHONK	20010105	406	-22	-83	406	-22	-83	379.5	41.76806	-74.155
USC00305426	MOHONK	20010106	406	17	-61	406	17	-61	379.5	41.76806	-74.155
USC00305426	MOHONK	20010107	381	11	-50	381	11	-50	379.5	41.76806	-74.155
USC00305426	MOHONK	20010108	381	17	-33	381	17	-33	379.5	41.76806	-74.155
USC00305426	MOHONK	20010109	406	0	-56	406	0	-56	379.5	41.76806	-74.155
USC00305426	MOHONK	20010110	406	-28	-117	406	-28	-117	379.5	41.76806	-74.155
USC00305426	MOHONK	20010111	381	39	-111	381	39	-111	379.5	41.76806	-74.155
USC00305426	MOHONK	20010112	381	11	-56	381	11	-56	379.5	41.76806	-74.155
USC00305426	MOHONK	20010113	381	11	-94	381	11	-94	379.5	41.76806	-74.155
USC00305426	MOHONK	20010114	356	28	-44	356	28	-44	379.5	41.76806	-74.155
USC00305426	MOHONK	20010115	356	17	-17	356	17	-17	379.5	41.76806	-74.155
USC00305426	MOHONK	20010116	305	33	-11	305	33	-11	379.5	41.76806	-74.155
USC00305426	MOHONK	20010117	305	28	6	305	28	6	379.5	41.76806	-74.155
USC00305426	MOHONK	20010118	305	11	-61	305	11	-61	379.5	41.76806	-74.155
USC00305426	MOHONK	20010119	330	6	-33	330	6	-33	379.5	41.76806	-74.155
USC00305426	MOHONK	20010120	330	0	-72	330	0	-72	379.5	41.76806	-74.155
USC00305426	MOHONK	20010121	508	-17	-94	508	-17	-94	379.5	41.76806	-74.155
USC00305426	MOHONK	20010122	457	0	-89	457	0	-89	379.5	41.76806	-74.155
USC00305426	MOHONK	20010123	432	6	-78	432	6	-78	379.5	41.76806	-74.155
USC00305426	MOHONK	20010124	432	22	-50	432	22	-50	379.5	41.76806	-74.155
USC00305426	MOHONK	20010125	406	11	-28	406	11	-28	379.5	41.76806	-74.155
USC00305426	MOHONK	20010126	406	-11	-117	406	-11	-117	379.5	41.76806	-74.155
USC00305426	MOHONK	20010127	406	11	-67	406	11	-67	379.5	41.76806	-74.155
USC00305426	MOHONK	20010128	406	6	-61	406	6	-61	379.5	41.76806	-74.155
USC00305426	MOHONK	20010129	406	0	-72	406	0	-72	379.5	41.76806	-74.155
USC00305426	MOHONK	20010130	381	39	-33	381	39	-33	379.5	41.76806	-74.155
USC00305426	MOHONK	20010131	330	61	17	330	61	17	379.5	41.76806	-74.155
USC00305426	MOHONK	20020101	0	-11	-89	0	-11	-89	379.5	41.76806	-74.155
USC00305426	MOHONK	20020102	0	6	-78	0	6	-78	379.5	41.76806	-74.155
USC00305426	MOHONK	20020103	0	6	-78	0	6	-78	379.5	41.76806	-74.155
USC00305426	MOHONK	20020104	0	-6	-56	0	-6	-56	379.5	41.76806	-74.155
USC00305426	MOHONK	20020105	0	28	-56	0	28	-56	379.5	41.76806	-74.155
USC00305426	MOHONK	20020106	0	33	-17	0	33	-17	379.5	41.76806	-74.155
USC00305426	MOHONK	20020107	203	17	-39	203	17	-39	379.5	41.76806	-74.155
USC00305426	MOHONK	20020108	203	-28	-106	203	-28	-106	379.5	41.76806	-74.155
USC00305426	MOHONK	20020109	178	-11	-67	178	-11	-67	379.5	41.76806	-74.155
USC00305426	MOHONK	20020110	102	78	-17	102	78	-17	379.5	41.76806	-74.155
USC00305426	MOHONK	20020111	102	67	6	102	67	6	379.5	41.76806	-74.155
USC00305426	MOHONK	20020112	102	50	-6	102	50	-6	379.5	41.76806	-74.155
USC00305426	MOHONK	20020113	102	28	-11	102	28	-11	379.5	41.76806	-74.155
USC00305426	MOHONK	20020114	76	17	-28	76	17	-28	379.5	41.76806	-74.155
USC00305426	MOHONK	20020115	76	56	-22	76	56	-22	379.5	41.76806	-74.155
USC00305426	MOHONK	20020116	76	39	-22	76	39	-22	379.5	41.76806	-74.155
USC00305426	MOHONK	20020117	127	39	-33	127	39	-33	379.5	41.76806	-74.155
USC00305426	MOHONK	20020118	127	28	-44	127	28	-44	379.5	41.76806	-74.155
USC00305426	MOHONK	20020119	152	-17	-78	152	-17	-78	379.5	41.76806	-74.155
USC00305426	MOHONK	20020120	254	0	-83	254	0	-83	379.5	41.76806	-74.155
USC00305426	MOHONK	20020121	254	0	-56	254	0	-56	379.5	41.76806	-74.155
USC00305426	MOHONK	20020122	229	50	-17	229	50	-17	379.5	41.76806	-74.155
USC00305426	MOHONK	20020123	178	72	-6	178	72	-6	379.5	41.76806	-74.155
USC00305426	MOHONK	20020124	127	83	22	127	83	22	379.5	41.76806	-74.155
USC00305426	MOHONK	20020125	76	83	-11	76	83	-11	379.5	41.76806	-74.155
USC00305426	MOHONK	20020126	76	111	-6	76	111	-6	379.5	41.76806	-74.155
USC00305426	MOHONK	20020127	51	111	50	51	111	50	379.5	41.76806	-74.155
USC00305426	MOHONK	20020128	0	133	72	0	133	72	379.5	41.76806	-74.155
USC00305426	MOHONK	20020129	0	139	61	0	139	61	379.5	41.76806	-74.155
USC00305426	MOHONK	20020130	0	133	6	0	133	6	379.5	41.76806	-74.155
USC00305426	MOHONK	20020131	0	17	-50	0	17	-50	379.5	41.76806	-74.155
USC00305426	MOHONK	20030101	178	67	-11	178	67	-11	379.5	41.76806	-74.155
USC00305426	MOHONK	20030102	178	-6	-83	178	-6	-83	379.5	41.76806	-74.155
USC00305426	MOHONK	20030103	330	-39	-94	330	-39	-94	379.5	41.76806	-74.155
USC00305426	MOHONK	20030104	584	-6	-50	584	-6	-50	379.5	41.76806	-74.155
USC00305426	MOHONK	20030105	533	-22	-56	533	-22	-56	379.5	41.76806	-74.155
USC00305426	MOHONK	20030106	559	-17	-56	559	-17	-56	379.5	41.76806	-74.155
USC00305426	MOHONK	20030107	533	-33	-111	533	-33	-111	379.5	41.76806	-74.155
USC00305426	MOHONK	20030108	533	17	-89	533	17	-89	379.5	41.76806	-74.155
USC00305426	MOHONK	20030109	457	39	0	457	39	0	379.5	41.76806	-74.155
USC00305426	MOHONK	20030110	432	39	-33	432	39	-33	379.5	41.76806	-74.155
USC00305426	MOHONK	20030111	432	-33	-94	432	-33	-94	379.5	41.76806	-74.155
USC00305426	MOHONK	20030112	432	-17	-78	432	-17	-78	379.5	41.76806	-74.155
USC00305426	MOHONK	20030113	432	-17	-100	432	-17	-100	379.5	41.76806	-74.155
USC00305426	MOHONK	20030114	432	-28	-122	432	-28	-122	379.5	41.76806	-74.155
USC00305426	MOHONK	20030115	432	-50	-111	432	-50	-111	379.5	41.76806	-74.155
USC00305426	MOHONK	20030116	432	-50	-111	432	-50	-111	379.5	41.76806	-74.155
USC00305426	MOHONK	20030117	432	-39	-106	432	-39	-106	379.5	41.76806	-74.155
USC00305426	MOHONK	20030118	432	-61	-211	432	-61	-211	379.5	41.76806	-74.155
USC00305426	MOHONK	20030119	432	-44	-222	432	-44	-222	379.5	41.76806	-74.155
USC00305426	MOHONK	20030120	432	-50	-100	432	-50	-100	379.5	41.76806	-74.155
USC00305426	MOHONK	20030121	432	-67	-150	432	-67	-150	379.5	41.76806	-74.155
USC00305426	MOHONK	20030122	432	-89	-161	432	-89	-161	379.5	41.76806	-74.155
USC00305426	MOHONK	20030123	406	-100	-183	406	-100	-183	379.5	41.76806	-74.155
USC00305426	MOHONK	20030124	406	-44	-178	406	-44	-178	379.5	41.76806	-74.155
USC00305426	MOHONK	20030125	406	-28	-117	406	-28	-117	379.5	41.76806	-74.155
USC00305426	MOHONK	20030126	432	-39	-78	432	-39	-78	379.5	41.76806	-74.155
USC00305426	MOHONK	20030127	457	-39	-167	457	-39	-167	379.5	41.76806	-74.155
USC00305426	MOHONK	20030128	432	-89	-183	432	-89	-183	379.5	41.76806	-74.155
USC00305426	MOHONK	20030129	432	-28	-94	432	-28	-94	379.5	41.76806	-74.155
USC00305426	MOHONK	20030130	432	-11	-100	432	-11	-100	379.5	41.76806	-74.155
USC00305426	MOHONK	20030131	432	-17	-78	432	-17	-78	379.5	41.76806	-74.155
USC00305426	MOHONK	20040101	0	44	-11	0	44	-11	379.5	41.76806	-74.155
USC00305426	MOHONK	20040102	0	33	-17	0	33	-17	379.5	41.76806	-74.155
USC00305426	MOHONK	20040103	0	72	22	0	72	22	379.5	41.76806	-74.155
USC00305426	MOHONK	20040104	0	111	17	0	111	17	379.5	41.76806	-74.155
USC00305426	MOHONK	20040105	0	22	-56	0	22	-56	379.5	41.76806	-74.155
USC00305426	MOHONK	20040106	0	0	-50	0	0	-50	379.5	41.76806	-74.155
USC00305426	MOHONK	20040107	0	-28	-133	0	-28	-133	379.5	41.76806	-74.155
USC00305426	MOHONK	20040108	0	-61	-133	0	-61	-133	379.5	41.76806	-74.155
USC00305426	MOHONK	20040109	0	-72	-194	0	-72	-194	379.5	41.76806	-74.155
USC00305426	MOHONK	20040110	0	-139	-233	0	-139	-233	379.5	41.76806	-74.155
USC00305426	MOHONK	20040111	0	-72	-183	0	-72	-183	379.5	41.76806	-74.155
USC00305426	MOHONK	20040112	51	-11	-133	51	-11	-133	379.5	41.76806	-74.155
USC00305426	MOHONK	20040113	51	11	-61	51	11	-61	379.5	41.76806	-74.155
USC00305426	MOHONK	20040114	51	-56	-194	51	-56	-194	379.5	41.76806	-74.155
USC00305426	MOHONK	20040115	102	-133	-211	102	-133	-211	379.5	41.76806	-74.155
USC00305426	MOHONK	20040116	76	-83	-217	76	-83	-217	379.5	41.76806	-74.155
USC00305426	MOHONK	20040117	51	-17	-128	51	-17	-128	379.5	41.76806	-74.155
USC00305426	MOHONK	20040118	76	-11	-67	76	-11	-67	379.5	41.76806	-74.155
USC00305426	MOHONK	20040119	76	-11	-106	76	-11	-106	379.5	41.76806	-74.155
USC00305426	MOHONK	20040120	76	-61	-111	76	-61	-111	379.5	41.76806	-74.155
USC00305426	MOHONK	20040121	76	-44	-128	76	-44	-128	379.5	41.76806	-74.155
USC00305426	MOHONK	20040122	76	0	-100	76	0	-100	379.5	41.76806	-74.155
USC00305426	MOHONK	20040123	76	-33	-150	76	-33	-150	379.5	41.76806	-74.155
USC00305426	MOHONK	20040124	76	-117	-161	76	-117	-161	379.5	41.76806	-74.155
USC00305426	MOHONK	20040125	76	-78	-211	76	-78	-211	379.5	41.76806	-74.155
USC00305426	MOHONK	20040126	76	-100	-167	76	-100	-167	379.5	41.76806	-74.155
USC00305426	MOHONK	20040127	102	-100	-156	102	-100	-156	379.5	41.76806	-74.155
USC00305426	MOHONK	20040128	254	-22	-128	254	-22	-128	379.5	41.76806	-74.155
USC00305426	MOHONK	20040129	229	-44	-94	229	-44	-94	379.5	41.76806	-74.155
USC00305426	MOHONK	20040130	203	-61	-150	203	-61	-150	379.5	41.76806	-74.155
USC00305426	MOHONK	20040131	203	-50	-122	203	-50	-122	379.5	41.76806	-74.155
USC00305426	MOHONK	20050101	0	89	33	0	89	33	379.5	41.76806	-74.155
USC00305426	MOHONK	20050102	0	33	-50	0	33	-50	379.5	41.76806	-74.155
USC00305426	MOHONK	20050103	0	78	-11	0	78	-11	379.5	41.76806	-74.155
USC00305426	MOHONK	20050104	0	61	11	0	61	11	379.5	41.76806	-74.155
USC00305426	MOHONK	20050105	51	39	-33	51	39	-33	379.5	41.76806	-74.155
USC00305426	MOHONK	20050106	254	-11	-67	254	-11	-67	379.5	41.76806	-74.155
USC00305426	MOHONK	20050107	229	17	-22	229	17	-22	379.5	41.76806	-74.155
USC00305426	MOHONK	20050108	203	0	-39	203	0	-39	379.5	41.76806	-74.155
USC00305426	MOHONK	20050109	178	0	-44	178	0	-44	379.5	41.76806	-74.155
USC00305426	MOHONK	20050110	178	22	-39	178	22	-39	379.5	41.76806	-74.155
USC00305426	MOHONK	20050111	203	17	-33	203	17	-33	379.5	41.76806	-74.155
USC00305426	MOHONK	20050112	229	0	-39	229	0	-39	379.5	41.76806	-74.155
USC00305426	MOHONK	20050113	178	72	-6	178	72	-6	379.5	41.76806	-74.155
USC00305426	MOHONK	20050114	102	128	-17	102	128	-17	379.5	41.76806	-74.155
USC00305426	MOHONK	20050115	102	-6	-94	102	-6	-94	379.5	41.76806	-74.155
USC00305426	MOHONK	20050116	102	-44	-94	102	-44	-94	379.5	41.76806	-74.155
USC00305426	MOHONK	20050117	127	-56	-94	127	-56	-94	379.5	41.76806	-74.155
USC00305426	MOHONK	20050118	127	-78	-178	127	-78	-178	379.5	41.76806	-74.155
USC00305426	MOHONK	20050119	152	-111	-217	152	-111	-217	379.5	41.76806	-74.155
USC00305426	MOHONK	20050120	178	-56	-128	178	-56	-128	379.5	41.76806	-74.155
USC00305426	MOHONK	20050121	178	-72	-183	178	-72	-183	379.5	41.76806	-74.155
USC00305426	MOHONK	20050122	254	-144	-228	254	-144	-228	379.5	41.76806	-74.155
USC00305426	MOHONK	20050123	330	-89	-178	330	-89	-178	379.5	41.76806	-74.155
USC00305426	MOHONK	20050124	305	-78	-178	305	-78	-178	379.5	41.76806	-74.155
USC00305426	MOHONK	20050125	305	-17	-117	305	-17	-117	379.5	41.76806	-74.155
USC00305426	MOHONK	20050126	330	-33	-94	330	-33	-94	379.5	41.76806	-74.155
USC00305426	MOHONK	20050127	305	-89	-217	305	-89	-217	379.5	41.76806	-74.155
USC00305426	MOHONK	20050128	305	-78	-217	305	-78	-217	379.5	41.76806	-74.155
USC00305426	MOHONK	20050129	305	-28	-150	305	-28	-150	379.5	41.76806	-74.155
USC00305426	MOHONK	20050130	305	-6	-67	305	-6	-67	379.5	41.76806	-74.155
USC00305426	MOHONK	20050131	305	-11	-106	305	-11	-106	379.5	41.76806	-74.155
