STATION	NAME	DATE	SNWD	TMAX	TMIN	SNWD2	TMAX2	TMIN2	ELEV	LAT	LONG
USC00285728	MOORESTOWN	19950101	9999	122	11	NA	122	11	13.7	39.95111	-74.96972
USC00285728	MOORESTOWN	19950102	9999	111	-17	NA	111	-17	13.7	39.95111	-74.96972
USC00285728	MOORESTOWN	19950103	9999	11	-67	NA	11	-67	13.7	39.95111	-74.96972
USC00285728	MOORESTOWN	19950104	9999	28	-33	NA	28	-33	13.7	39.95111	-74.96972
USC00285728	MOORESTOWN	19950105	9999	-11	-111	NA	-11	-111	13.7	39.95111	-74.96972
USC00285728	MOORESTOWN	19950106	9999	39	-33	NA	39	-33	13.7	39.95111	-74.96972
USC00285728	MOORESTOWN	19950107	9999	78	0	NA	78	0	13.7	39.95111	-74.96972
USC00285728	MOORESTOWN	19950108	9999	67	-33	NA	67	-33	13.7	39.95111	-74.96972
USC00285728	MOORESTOWN	19950109	9999	67	-61	NA	67	-61	13.7	39.95111	-74.96972
USC00285728	MOORESTOWN	19950110	9999	44	-83	NA	44	-83	13.7	39.95111	-74.96972
USC00285728	MOORESTOWN	19950111	9999	22	-28	NA	22	-28	13.7	39.95111	-74.96972
USC00285728	MOORESTOWN	19950112	9999	100	-6	NA	100	-6	13.7	39.95111	-74.96972
USC00285728	MOORESTOWN	19950113	9999	206	61	NA	206	61	13.7	39.95111	-74.96972
USC00285728	MOORESTOWN	19950114	9999	222	89	NA	222	89	13.7	39.95111	-74.96972
USC00285728	MOORESTOWN	19950115	9999	217	139	NA	217	139	13.7	39.95111	-74.96972
USC00285728	MOORESTOWN	19950116	9999	194	117	NA	194	117	13.7	39.95111	-74.96972
USC00285728	MOORESTOWN	19950117	9999	144	67	NA	144	67	13.7	39.95111	-74.96972
USC00285728	MOORESTOWN	19950118	9999	67	50	NA	67	50	13.7	39.95111	-74.96972
USC00285728	MOORESTOWN	19950119	9999	67	44	NA	67	44	13.7	39.95111	-74.96972
USC00285728	MOORESTOWN	19950120	9999	117	72	NA	117	72	13.7	39.95111	-74.96972
USC00285728	MOORESTOWN	19950121	9999	28	17	NA	28	17	13.7	39.95111	-74.96972
USC00285728	MOORESTOWN	19950122	9999	22	-22	NA	22	-22	13.7	39.95111	-74.96972
USC00285728	MOORESTOWN	19950123	9999	22	-44	NA	22	-44	13.7	39.95111	-74.96972
USC00285728	MOORESTOWN	19950124	9999	33	-39	NA	33	-39	13.7	39.95111	-74.96972
USC00285728	MOORESTOWN	19950125	9999	83	-6	NA	83	-6	13.7	39.95111	-74.96972
USC00285728	MOORESTOWN	19950126	9999	56	-28	NA	56	-28	13.7	39.95111	-74.96972
USC00285728	MOORESTOWN	19950127	9999	56	-39	NA	56	-39	13.7	39.95111	-74.96972
USC00285728	MOORESTOWN	19950128	9999	11	-56	NA	11	-56	13.7	39.95111	-74.96972
USC00285728	MOORESTOWN	19950129	9999	17	-83	NA	17	-83	13.7	39.95111	-74.96972
USC00285728	MOORESTOWN	19950130	9999	67	-78	NA	67	-78	13.7	39.95111	-74.96972
USC00285728	MOORESTOWN	19950131	9999	83	-67	NA	83	-67	13.7	39.95111	-74.96972
USC00285728	MOORESTOWN	19960101	9999	89	0	NA	89	0	13.7	39.95111	-74.96972
USC00285728	MOORESTOWN	19960102	9999	67	6	NA	67	6	13.7	39.95111	-74.96972
USC00285728	MOORESTOWN	19960103	9999	39	-17	NA	39	-17	13.7	39.95111	-74.96972
USC00285728	MOORESTOWN	19960104	9999	-39	-111	NA	-39	-111	13.7	39.95111	-74.96972
USC00285728	MOORESTOWN	19960105	9999	0	-94	NA	0	-94	13.7	39.95111	-74.96972
USC00285728	MOORESTOWN	19960106	9999	-22	-144	NA	-22	-144	13.7	39.95111	-74.96972
USC00285728	MOORESTOWN	19960107	9999	-44	-133	NA	-44	-133	13.7	39.95111	-74.96972
USC00285728	MOORESTOWN	19960108	9999	-33	-144	NA	-33	-144	13.7	39.95111	-74.96972
USC00285728	MOORESTOWN	19960109	9999	0	-133	NA	0	-133	13.7	39.95111	-74.96972
USC00285728	MOORESTOWN	19960110	9999	33	-72	NA	33	-72	13.7	39.95111	-74.96972
USC00285728	MOORESTOWN	19960111	9999	0	-139	NA	0	-139	13.7	39.95111	-74.96972
USC00285728	MOORESTOWN	19960112	9999	33	-106	NA	33	-106	13.7	39.95111	-74.96972
USC00285728	MOORESTOWN	19960113	9999	39	-44	NA	39	-44	13.7	39.95111	-74.96972
USC00285728	MOORESTOWN	19960114	9999	72	-67	NA	72	-67	13.7	39.95111	-74.96972
USC00285728	MOORESTOWN	19960115	9999	72	-28	NA	72	-28	13.7	39.95111	-74.96972
USC00285728	MOORESTOWN	19960116	9999	44	-100	NA	44	-100	13.7	39.95111	-74.96972
USC00285728	MOORESTOWN	19960117	9999	78	-17	NA	78	-17	13.7	39.95111	-74.96972
USC00285728	MOORESTOWN	19960118	9999	122	-22	NA	122	-22	13.7	39.95111	-74.96972
USC00285728	MOORESTOWN	19960119	9999	178	72	NA	178	72	13.7	39.95111	-74.96972
USC00285728	MOORESTOWN	19960120	9999	11	-83	NA	11	-83	13.7	39.95111	-74.96972
USC00285728	MOORESTOWN	19960121	9999	0	-94	NA	0	-94	13.7	39.95111	-74.96972
USC00285728	MOORESTOWN	19960122	9999	50	-17	NA	50	-17	13.7	39.95111	-74.96972
USC00285728	MOORESTOWN	19960123	9999	67	-17	NA	67	-17	13.7	39.95111	-74.96972
USC00285728	MOORESTOWN	19960124	9999	128	11	NA	128	11	13.7	39.95111	-74.96972
USC00285728	MOORESTOWN	19960125	9999	128	-22	NA	128	-22	13.7	39.95111	-74.96972
USC00285728	MOORESTOWN	19960126	9999	78	-83	NA	78	-83	13.7	39.95111	-74.96972
USC00285728	MOORESTOWN	19960127	9999	144	22	NA	144	22	13.7	39.95111	-74.96972
USC00285728	MOORESTOWN	19960128	9999	83	-28	NA	83	-28	13.7	39.95111	-74.96972
USC00285728	MOORESTOWN	19960129	9999	50	-67	NA	50	-67	13.7	39.95111	-74.96972
USC00285728	MOORESTOWN	19960130	9999	100	-17	NA	100	-17	13.7	39.95111	-74.96972
USC00285728	MOORESTOWN	19960131	9999	39	-56	NA	39	-56	13.7	39.95111	-74.96972
USC00285728	MOORESTOWN	19970101	9999	17	-106	NA	17	-106	13.7	39.95111	-74.96972
USC00285728	MOORESTOWN	19970102	9999	78	-39	NA	78	-39	13.7	39.95111	-74.96972
USC00285728	MOORESTOWN	19970103	9999	178	56	NA	178	56	13.7	39.95111	-74.96972
USC00285728	MOORESTOWN	19970104	9999	144	56	NA	144	56	13.7	39.95111	-74.96972
USC00285728	MOORESTOWN	19970105	9999	183	67	NA	183	67	13.7	39.95111	-74.96972
USC00285728	MOORESTOWN	19970106	9999	128	56	NA	128	56	13.7	39.95111	-74.96972
USC00285728	MOORESTOWN	19970107	9999	111	-22	NA	111	-22	13.7	39.95111	-74.96972
USC00285728	MOORESTOWN	19970108	9999	50	-50	NA	50	-50	13.7	39.95111	-74.96972
USC00285728	MOORESTOWN	19970109	9999	44	-39	NA	44	-39	13.7	39.95111	-74.96972
USC00285728	MOORESTOWN	19970110	9999	67	-39	NA	67	-39	13.7	39.95111	-74.96972
USC00285728	MOORESTOWN	19970111	9999	44	-50	NA	44	-50	13.7	39.95111	-74.96972
USC00285728	MOORESTOWN	19970112	9999	0	-94	NA	0	-94	13.7	39.95111	-74.96972
USC00285728	MOORESTOWN	19970113	9999	6	-94	NA	6	-94	13.7	39.95111	-74.96972
USC00285728	MOORESTOWN	19970114	9999	0	-94	NA	0	-94	13.7	39.95111	-74.96972
USC00285728	MOORESTOWN	19970115	9999	39	-100	NA	39	-100	13.7	39.95111	-74.96972
USC00285728	MOORESTOWN	19970116	9999	83	-22	NA	83	-22	13.7	39.95111	-74.96972
USC00285728	MOORESTOWN	19970117	9999	-72	-117	NA	-72	-117	13.7	39.95111	-74.96972
USC00285728	MOORESTOWN	19970118	9999	-61	-144	NA	-61	-144	13.7	39.95111	-74.96972
USC00285728	MOORESTOWN	19970119	9999	-50	-156	NA	-50	-156	13.7	39.95111	-74.96972
USC00285728	MOORESTOWN	19970120	9999	28	-122	NA	28	-122	13.7	39.95111	-74.96972
USC00285728	MOORESTOWN	19970121	9999	56	-50	NA	56	-50	13.7	39.95111	-74.96972
USC00285728	MOORESTOWN	19970122	9999	117	-56	NA	117	-56	13.7	39.95111	-74.96972
USC00285728	MOORESTOWN	19970123	9999	150	56	NA	150	56	13.7	39.95111	-74.96972
USC00285728	MOORESTOWN	19970124	9999	106	-39	NA	106	-39	13.7	39.95111	-74.96972
USC00285728	MOORESTOWN	19970125	9999	100	28	NA	100	28	13.7	39.95111	-74.96972
USC00285728	MOORESTOWN	19970126	9999	100	-39	NA	100	-39	13.7	39.95111	-74.96972
USC00285728	MOORESTOWN	19970127	9999	22	-56	NA	22	-56	13.7	39.95111	-74.96972
USC00285728	MOORESTOWN	19970128	9999	106	0	NA	106	0	13.7	39.95111	-74.96972
USC00285728	MOORESTOWN	19970129	9999	44	-56	NA	44	-56	13.7	39.95111	-74.96972
USC00285728	MOORESTOWN	19970130	9999	28	-67	NA	28	-67	13.7	39.95111	-74.96972
USC00285728	MOORESTOWN	19970131	9999	72	-39	NA	72	-39	13.7	39.95111	-74.96972
USC00285728	MOORESTOWN	19980101	9999	0	-100	NA	0	-100	13.7	39.95111	-74.96972
USC00285728	MOORESTOWN	19980102	9999	122	-39	NA	122	-39	13.7	39.95111	-74.96972
USC00285728	MOORESTOWN	19980103	9999	144	11	NA	144	11	13.7	39.95111	-74.96972
USC00285728	MOORESTOWN	19980104	9999	194	50	NA	194	50	13.7	39.95111	-74.96972
USC00285728	MOORESTOWN	19980105	9999	183	44	NA	183	44	13.7	39.95111	-74.96972
USC00285728	MOORESTOWN	19980106	9999	178	28	NA	178	28	13.7	39.95111	-74.96972
USC00285728	MOORESTOWN	19980107	9999	183	133	NA	183	133	13.7	39.95111	-74.96972
USC00285728	MOORESTOWN	19980108	9999	217	100	NA	217	100	13.7	39.95111	-74.96972
USC00285728	MOORESTOWN	19980109	9999	200	128	NA	200	128	13.7	39.95111	-74.96972
USC00285728	MOORESTOWN	19980110	9999	144	0	NA	144	0	13.7	39.95111	-74.96972
USC00285728	MOORESTOWN	19980111	9999	117	-22	NA	117	-22	13.7	39.95111	-74.96972
USC00285728	MOORESTOWN	19980112	9999	111	-39	NA	111	-39	13.7	39.95111	-74.96972
USC00285728	MOORESTOWN	19980113	9999	106	33	NA	106	33	13.7	39.95111	-74.96972
USC00285728	MOORESTOWN	19980114	9999	89	-44	NA	89	-44	13.7	39.95111	-74.96972
USC00285728	MOORESTOWN	19980115	9999	44	-78	NA	44	-78	13.7	39.95111	-74.96972
USC00285728	MOORESTOWN	19980116	9999	72	17	NA	72	17	13.7	39.95111	-74.96972
USC00285728	MOORESTOWN	19980117	9999	72	-6	NA	72	-6	13.7	39.95111	-74.96972
USC00285728	MOORESTOWN	19980118	9999	67	0	NA	67	0	13.7	39.95111	-74.96972
USC00285728	MOORESTOWN	19980119	9999	50	-17	NA	50	-17	13.7	39.95111	-74.96972
USC00285728	MOORESTOWN	19980120	9999	44	-17	NA	44	-17	13.7	39.95111	-74.96972
USC00285728	MOORESTOWN	19980121	9999	50	-44	NA	50	-44	13.7	39.95111	-74.96972
USC00285728	MOORESTOWN	19980122	9999	67	-33	NA	67	-33	13.7	39.95111	-74.96972
USC00285728	MOORESTOWN	19980123	9999	89	-11	NA	89	-11	13.7	39.95111	-74.96972
USC00285728	MOORESTOWN	19980124	9999	128	28	NA	128	28	13.7	39.95111	-74.96972
USC00285728	MOORESTOWN	19980125	9999	100	6	NA	100	6	13.7	39.95111	-74.96972
USC00285728	MOORESTOWN	19980126	9999	72	-39	NA	72	-39	13.7	39.95111	-74.96972
USC00285728	MOORESTOWN	19980127	9999	78	-39	NA	78	-39	13.7	39.95111	-74.96972
USC00285728	MOORESTOWN	19980128	9999	61	-17	NA	61	-17	13.7	39.95111	-74.96972
USC00285728	MOORESTOWN	19980129	9999	111	-17	NA	111	-17	13.7	39.95111	-74.96972
USC00285728	MOORESTOWN	19980130	9999	83	-11	NA	83	-11	13.7	39.95111	-74.96972
USC00285728	MOORESTOWN	19980131	9999	72	6	NA	72	6	13.7	39.95111	-74.96972
USC00285728	MOORESTOWN	19990101	9999	11	-78	NA	11	-78	13.7	39.95111	-74.96972
USC00285728	MOORESTOWN	19990102	9999	-22	-133	NA	-22	-133	13.7	39.95111	-74.96972
USC00285728	MOORESTOWN	19990103	9999	133	-94	NA	133	-94	13.7	39.95111	-74.96972
USC00285728	MOORESTOWN	19990104	9999	-33	-50	NA	-33	-50	13.7	39.95111	-74.96972
USC00285728	MOORESTOWN	19990105	9999	-11	-94	NA	-11	-94	13.7	39.95111	-74.96972
USC00285728	MOORESTOWN	19990106	9999	6	-122	NA	6	-122	13.7	39.95111	-74.96972
USC00285728	MOORESTOWN	19990107	9999	33	-28	NA	33	-28	13.7	39.95111	-74.96972
USC00285728	MOORESTOWN	19990108	9999	0	-67	NA	0	-67	13.7	39.95111	-74.96972
USC00285728	MOORESTOWN	19990109	9999	61	-44	NA	61	-44	13.7	39.95111	-74.96972
USC00285728	MOORESTOWN	19990110	9999	61	-72	NA	61	-72	13.7	39.95111	-74.96972
USC00285728	MOORESTOWN	19990111	9999	-6	-83	NA	-6	-83	13.7	39.95111	-74.96972
USC00285728	MOORESTOWN	19990112	9999	117	-78	NA	117	-78	13.7	39.95111	-74.96972
USC00285728	MOORESTOWN	19990113	9999	128	22	NA	128	22	13.7	39.95111	-74.96972
USC00285728	MOORESTOWN	19990114	9999	122	-39	NA	122	-39	13.7	39.95111	-74.96972
USC00285728	MOORESTOWN	19990115	9999	39	-44	NA	39	-44	13.7	39.95111	-74.96972
USC00285728	MOORESTOWN	19990116	9999	100	-67	NA	100	-67	13.7	39.95111	-74.96972
USC00285728	MOORESTOWN	19990117	9999	139	-17	NA	139	-17	13.7	39.95111	-74.96972
USC00285728	MOORESTOWN	19990118	9999	156	17	NA	156	17	13.7	39.95111	-74.96972
USC00285728	MOORESTOWN	19990119	9999	156	0	NA	156	0	13.7	39.95111	-74.96972
USC00285728	MOORESTOWN	19990120	9999	100	22	NA	100	22	13.7	39.95111	-74.96972
USC00285728	MOORESTOWN	19990121	9999	106	-11	NA	106	-11	13.7	39.95111	-74.96972
USC00285728	MOORESTOWN	19990122	9999	106	50	NA	106	50	13.7	39.95111	-74.96972
USC00285728	MOORESTOWN	19990123	9999	211	61	NA	211	61	13.7	39.95111	-74.96972
USC00285728	MOORESTOWN	19990124	9999	206	83	NA	206	83	13.7	39.95111	-74.96972
USC00285728	MOORESTOWN	19990125	9999	106	6	NA	106	6	13.7	39.95111	-74.96972
USC00285728	MOORESTOWN	19990126	9999	78	-28	NA	78	-28	13.7	39.95111	-74.96972
USC00285728	MOORESTOWN	19990127	9999	106	-44	NA	106	-44	13.7	39.95111	-74.96972
USC00285728	MOORESTOWN	19990128	9999	67	0	NA	67	0	13.7	39.95111	-74.96972
USC00285728	MOORESTOWN	19990129	9999	44	-6	NA	44	-6	13.7	39.95111	-74.96972
USC00285728	MOORESTOWN	19990130	9999	67	-61	NA	67	-61	13.7	39.95111	-74.96972
USC00285728	MOORESTOWN	19990131	9999	33	-78	NA	33	-78	13.7	39.95111	-74.96972
USC00285728	MOORESTOWN	20000101	9999	128	-28	NA	128	-28	13.7	39.95111	-74.96972
USC00285728	MOORESTOWN	20000102	9999	183	11	NA	183	11	13.7	39.95111	-74.96972
USC00285728	MOORESTOWN	20000103	9999	183	11	NA	183	11	13.7	39.95111	-74.96972
USC00285728	MOORESTOWN	20000104	9999	200	111	NA	200	111	13.7	39.95111	-74.96972
USC00285728	MOORESTOWN	20000105	9999	50	17	NA	50	17	13.7	39.95111	-74.96972
USC00285728	MOORESTOWN	20000106	9999	89	-67	NA	89	-67	13.7	39.95111	-74.96972
USC00285728	MOORESTOWN	20000107	9999	89	-50	NA	89	-50	13.7	39.95111	-74.96972
USC00285728	MOORESTOWN	20000108	9999	94	-56	NA	94	-56	13.7	39.95111	-74.96972
USC00285728	MOORESTOWN	20000109	9999	100	17	NA	100	17	13.7	39.95111	-74.96972
USC00285728	MOORESTOWN	20000110	9999	161	56	NA	161	56	13.7	39.95111	-74.96972
USC00285728	MOORESTOWN	20000111	9999	161	39	NA	161	39	13.7	39.95111	-74.96972
USC00285728	MOORESTOWN	20000112	9999	106	22	NA	106	22	13.7	39.95111	-74.96972
USC00285728	MOORESTOWN	20000113	9999	78	-6	NA	78	-6	13.7	39.95111	-74.96972
USC00285728	MOORESTOWN	20000114	9999	33	-100	NA	33	-100	13.7	39.95111	-74.96972
USC00285728	MOORESTOWN	20000115	9999	6	-94	NA	6	-94	13.7	39.95111	-74.96972
USC00285728	MOORESTOWN	20000116	9999	122	-39	NA	122	-39	13.7	39.95111	-74.96972
USC00285728	MOORESTOWN	20000117	9999	111	-83	NA	111	-83	13.7	39.95111	-74.96972
USC00285728	MOORESTOWN	20000118	9999	-50	-150	NA	-50	-150	13.7	39.95111	-74.96972
USC00285728	MOORESTOWN	20000119	9999	17	-117	NA	17	-117	13.7	39.95111	-74.96972
USC00285728	MOORESTOWN	20000120	9999	-11	-78	NA	-11	-78	13.7	39.95111	-74.96972
USC00285728	MOORESTOWN	20000121	9999	-61	-122	NA	-61	-122	13.7	39.95111	-74.96972
USC00285728	MOORESTOWN	20000122	9999	-39	-139	NA	-39	-139	13.7	39.95111	-74.96972
USC00285728	MOORESTOWN	20000123	9999	-22	-89	NA	-22	-89	13.7	39.95111	-74.96972
USC00285728	MOORESTOWN	20000124	9999	50	-44	NA	50	-44	13.7	39.95111	-74.96972
USC00285728	MOORESTOWN	20000125	9999	39	-61	NA	39	-61	13.7	39.95111	-74.96972
USC00285728	MOORESTOWN	20000126	9999	28	-61	NA	28	-61	13.7	39.95111	-74.96972
USC00285728	MOORESTOWN	20000127	9999	-56	-111	NA	-56	-111	13.7	39.95111	-74.96972
USC00285728	MOORESTOWN	20000128	9999	-39	-133	NA	-39	-133	13.7	39.95111	-74.96972
USC00285728	MOORESTOWN	20000129	9999	33	-133	NA	33	-133	13.7	39.95111	-74.96972
USC00285728	MOORESTOWN	20000130	9999	17	-128	NA	17	-128	13.7	39.95111	-74.96972
USC00285728	MOORESTOWN	20000131	9999	44	-33	NA	44	-33	13.7	39.95111	-74.96972
USC00285728	MOORESTOWN	20010101	9999	22	-94	NA	22	-94	13.7	39.95111	-74.96972
USC00285728	MOORESTOWN	20010102	9999	-22	-89	NA	-22	-89	13.7	39.95111	-74.96972
USC00285728	MOORESTOWN	20010103	9999	0	-122	NA	0	-122	13.7	39.95111	-74.96972
USC00285728	MOORESTOWN	20010104	9999	44	-89	NA	44	-89	13.7	39.95111	-74.96972
USC00285728	MOORESTOWN	20010105	9999	11	-111	NA	11	-111	13.7	39.95111	-74.96972
USC00285728	MOORESTOWN	20010106	9999	50	-67	NA	50	-67	13.7	39.95111	-74.96972
USC00285728	MOORESTOWN	20010107	9999	94	-67	NA	94	-67	13.7	39.95111	-74.96972
USC00285728	MOORESTOWN	20010108	9999	78	-22	NA	78	-22	13.7	39.95111	-74.96972
USC00285728	MOORESTOWN	20010109	9999	39	-28	NA	39	-28	13.7	39.95111	-74.96972
USC00285728	MOORESTOWN	20010110	9999	22	-56	NA	22	-56	13.7	39.95111	-74.96972
USC00285728	MOORESTOWN	20010111	9999	100	-50	NA	100	-50	13.7	39.95111	-74.96972
USC00285728	MOORESTOWN	20010112	9999	78	-56	NA	78	-56	13.7	39.95111	-74.96972
USC00285728	MOORESTOWN	20010113	9999	72	-78	NA	72	-78	13.7	39.95111	-74.96972
USC00285728	MOORESTOWN	20010114	9999	72	-67	NA	72	-67	13.7	39.95111	-74.96972
USC00285728	MOORESTOWN	20010115	9999	67	11	NA	67	11	13.7	39.95111	-74.96972
USC00285728	MOORESTOWN	20010116	9999	78	0	NA	78	0	13.7	39.95111	-74.96972
USC00285728	MOORESTOWN	20010117	9999	89	-22	NA	89	-22	13.7	39.95111	-74.96972
USC00285728	MOORESTOWN	20010118	9999	56	-44	NA	56	-44	13.7	39.95111	-74.96972
USC00285728	MOORESTOWN	20010119	9999	50	6	NA	50	6	13.7	39.95111	-74.96972
USC00285728	MOORESTOWN	20010120	9999	61	6	NA	61	6	13.7	39.95111	-74.96972
USC00285728	MOORESTOWN	20010121	9999	17	-61	NA	17	-61	13.7	39.95111	-74.96972
USC00285728	MOORESTOWN	20010122	9999	39	-89	NA	39	-89	13.7	39.95111	-74.96972
USC00285728	MOORESTOWN	20010123	9999	39	-106	NA	39	-106	13.7	39.95111	-74.96972
USC00285728	MOORESTOWN	20010124	9999	83	-67	NA	83	-67	13.7	39.95111	-74.96972
USC00285728	MOORESTOWN	20010125	9999	61	-33	NA	61	-33	13.7	39.95111	-74.96972
USC00285728	MOORESTOWN	20010126	9999	33	-78	NA	33	-78	13.7	39.95111	-74.96972
USC00285728	MOORESTOWN	20010127	9999	50	-28	NA	50	-28	13.7	39.95111	-74.96972
USC00285728	MOORESTOWN	20010128	9999	50	-56	NA	50	-56	13.7	39.95111	-74.96972
USC00285728	MOORESTOWN	20010129	9999	50	-72	NA	50	-72	13.7	39.95111	-74.96972
USC00285728	MOORESTOWN	20010130	9999	117	-11	NA	117	-11	13.7	39.95111	-74.96972
USC00285728	MOORESTOWN	20010131	9999	128	-11	NA	128	-11	13.7	39.95111	-74.96972
USC00285728	MOORESTOWN	20020101	9999	11	-89	NA	11	-89	13.7	39.95111	-74.96972
USC00285728	MOORESTOWN	20020102	9999	44	-78	NA	44	-78	13.7	39.95111	-74.96972
USC00285728	MOORESTOWN	20020103	9999	33	-61	NA	33	-61	13.7	39.95111	-74.96972
USC00285728	MOORESTOWN	20020104	9999	67	-78	NA	67	-78	13.7	39.95111	-74.96972
USC00285728	MOORESTOWN	20020105	9999	78	-28	NA	78	-28	13.7	39.95111	-74.96972
USC00285728	MOORESTOWN	20020106	9999	72	-50	NA	72	-50	13.7	39.95111	-74.96972
USC00285728	MOORESTOWN	20020107	9999	50	0	NA	50	0	13.7	39.95111	-74.96972
USC00285728	MOORESTOWN	20020108	9999	44	-50	NA	44	-50	13.7	39.95111	-74.96972
USC00285728	MOORESTOWN	20020109	9999	44	-39	NA	44	-39	13.7	39.95111	-74.96972
USC00285728	MOORESTOWN	20020110	9999	139	6	NA	139	6	13.7	39.95111	-74.96972
USC00285728	MOORESTOWN	20020111	9999	122	44	NA	122	44	13.7	39.95111	-74.96972
USC00285728	MOORESTOWN	20020112	9999	100	0	NA	100	0	13.7	39.95111	-74.96972
USC00285728	MOORESTOWN	20020113	9999	94	6	NA	94	6	13.7	39.95111	-74.96972
USC00285728	MOORESTOWN	20020114	9999	100	-22	NA	100	-22	13.7	39.95111	-74.96972
USC00285728	MOORESTOWN	20020115	9999	133	-22	NA	133	-22	13.7	39.95111	-74.96972
USC00285728	MOORESTOWN	20020116	9999	100	17	NA	100	17	13.7	39.95111	-74.96972
USC00285728	MOORESTOWN	20020117	9999	106	0	NA	106	0	13.7	39.95111	-74.96972
USC00285728	MOORESTOWN	20020118	9999	94	-11	NA	94	-11	13.7	39.95111	-74.96972
USC00285728	MOORESTOWN	20020119	9999	39	-44	NA	39	-44	13.7	39.95111	-74.96972
USC00285728	MOORESTOWN	20020120	9999	56	-72	NA	56	-72	13.7	39.95111	-74.96972
USC00285728	MOORESTOWN	20020121	9999	61	-44	NA	61	-44	13.7	39.95111	-74.96972
USC00285728	MOORESTOWN	20020122	9999	106	-6	NA	106	-6	13.7	39.95111	-74.96972
USC00285728	MOORESTOWN	20020123	9999	83	-22	NA	83	-22	13.7	39.95111	-74.96972
USC00285728	MOORESTOWN	20020124	9999	100	67	NA	100	67	13.7	39.95111	-74.96972
USC00285728	MOORESTOWN	20020125	9999	100	33	NA	100	33	13.7	39.95111	-74.96972
USC00285728	MOORESTOWN	20020126	9999	133	-17	NA	133	-17	13.7	39.95111	-74.96972
USC00285728	MOORESTOWN	20020127	9999	183	-33	NA	183	-33	13.7	39.95111	-74.96972
USC00285728	MOORESTOWN	20020128	9999	189	0	NA	189	0	13.7	39.95111	-74.96972
USC00285728	MOORESTOWN	20020129	9999	233	33	NA	233	33	13.7	39.95111	-74.96972
USC00285728	MOORESTOWN	20020130	9999	167	106	NA	167	106	13.7	39.95111	-74.96972
USC00285728	MOORESTOWN	20020131	9999	156	44	NA	156	44	13.7	39.95111	-74.96972
USC00285728	MOORESTOWN	20030101	9999	128	28	NA	128	28	13.7	39.95111	-74.96972
USC00285728	MOORESTOWN	20030102	9999	83	17	NA	83	17	13.7	39.95111	-74.96972
USC00285728	MOORESTOWN	20030103	9999	67	-17	NA	67	-17	13.7	39.95111	-74.96972
USC00285728	MOORESTOWN	20030104	9999	67	0	NA	67	0	13.7	39.95111	-74.96972
USC00285728	MOORESTOWN	20030105	9999	39	-17	NA	39	-17	13.7	39.95111	-74.96972
USC00285728	MOORESTOWN	20030106	9999	28	-28	NA	28	-28	13.7	39.95111	-74.96972
USC00285728	MOORESTOWN	20030107	9999	17	-50	NA	17	-50	13.7	39.95111	-74.96972
USC00285728	MOORESTOWN	20030108	9999	78	-39	NA	78	-39	13.7	39.95111	-74.96972
USC00285728	MOORESTOWN	20030109	9999	133	-22	NA	133	-22	13.7	39.95111	-74.96972
USC00285728	MOORESTOWN	20030110	9999	117	11	NA	117	11	13.7	39.95111	-74.96972
USC00285728	MOORESTOWN	20030111	9999	56	-50	NA	56	-50	13.7	39.95111	-74.96972
USC00285728	MOORESTOWN	20030112	9999	33	-61	NA	33	-61	13.7	39.95111	-74.96972
USC00285728	MOORESTOWN	20030113	9999	67	-89	NA	67	-89	13.7	39.95111	-74.96972
USC00285728	MOORESTOWN	20030114	9999	50	-78	NA	50	-78	13.7	39.95111	-74.96972
USC00285728	MOORESTOWN	20030115	9999	-11	-83	NA	-11	-83	13.7	39.95111	-74.96972
USC00285728	MOORESTOWN	20030116	9999	-11	-72	NA	-11	-72	13.7	39.95111	-74.96972
USC00285728	MOORESTOWN	20030117	9999	-11	-72	NA	-11	-72	13.7	39.95111	-74.96972
USC00285728	MOORESTOWN	20030118	9999	-44	-139	NA	-44	-139	13.7	39.95111	-74.96972
USC00285728	MOORESTOWN	20030119	9999	-11	-128	NA	-11	-128	13.7	39.95111	-74.96972
USC00285728	MOORESTOWN	20030120	9999	11	-67	NA	11	-67	13.7	39.95111	-74.96972
USC00285728	MOORESTOWN	20030121	9999	-22	-83	NA	-22	-83	13.7	39.95111	-74.96972
USC00285728	MOORESTOWN	20030122	9999	-28	-78	NA	-28	-78	13.7	39.95111	-74.96972
USC00285728	MOORESTOWN	20030123	9999	-78	-122	NA	-78	-122	13.7	39.95111	-74.96972
USC00285728	MOORESTOWN	20030124	9999	-11	-122	NA	-11	-122	13.7	39.95111	-74.96972
USC00285728	MOORESTOWN	20030125	9999	6	-100	NA	6	-100	13.7	39.95111	-74.96972
USC00285728	MOORESTOWN	20030126	9999	6	-83	NA	6	-83	13.7	39.95111	-74.96972
USC00285728	MOORESTOWN	20030127	9999	-83	-122	NA	-83	-122	13.7	39.95111	-74.96972
USC00285728	MOORESTOWN	20030128	9999	-44	-111	NA	-44	-111	13.7	39.95111	-74.96972
USC00285728	MOORESTOWN	20030129	9999	-11	-39	NA	-11	-39	13.7	39.95111	-74.96972
USC00285728	MOORESTOWN	20030130	9999	11	-83	NA	11	-83	13.7	39.95111	-74.96972
USC00285728	MOORESTOWN	20030131	9999	33	0	NA	33	0	13.7	39.95111	-74.96972
USC00285728	MOORESTOWN	20040101	9999	94	-22	NA	94	-22	13.7	39.95111	-74.96972
USC00285728	MOORESTOWN	20040102	9999	94	-11	NA	94	-11	13.7	39.95111	-74.96972
USC00285728	MOORESTOWN	20040103	9999	139	44	NA	139	44	13.7	39.95111	-74.96972
USC00285728	MOORESTOWN	20040104	9999	94	67	NA	94	67	13.7	39.95111	-74.96972
USC00285728	MOORESTOWN	20040105	9999	89	28	NA	89	28	13.7	39.95111	-74.96972
USC00285728	MOORESTOWN	20040106	9999	61	-11	NA	61	-11	13.7	39.95111	-74.96972
USC00285728	MOORESTOWN	20040107	9999	39	-83	NA	39	-83	13.7	39.95111	-74.96972
USC00285728	MOORESTOWN	20040108	9999	11	-72	NA	11	-72	13.7	39.95111	-74.96972
USC00285728	MOORESTOWN	20040109	9999	6	-67	NA	6	-67	13.7	39.95111	-74.96972
USC00285728	MOORESTOWN	20040110	9999	-44	-161	NA	-44	-161	13.7	39.95111	-74.96972
USC00285728	MOORESTOWN	20040111	9999	-6	-150	NA	-6	-150	13.7	39.95111	-74.96972
USC00285728	MOORESTOWN	20040112	9999	50	-44	NA	50	-44	13.7	39.95111	-74.96972
USC00285728	MOORESTOWN	20040113	9999	89	6	NA	89	6	13.7	39.95111	-74.96972
USC00285728	MOORESTOWN	20040114	9999	61	-106	NA	61	-106	13.7	39.95111	-74.96972
USC00285728	MOORESTOWN	20040115	9999	-28	-128	NA	-28	-128	13.7	39.95111	-74.96972
USC00285728	MOORESTOWN	20040116	9999	-22	-161	NA	-22	-161	13.7	39.95111	-74.96972
USC00285728	MOORESTOWN	20040117	9999	22	-94	NA	22	-94	13.7	39.95111	-74.96972
USC00285728	MOORESTOWN	20040118	9999	33	-39	NA	33	-39	13.7	39.95111	-74.96972
USC00285728	MOORESTOWN	20040119	9999	33	-67	NA	33	-67	13.7	39.95111	-74.96972
USC00285728	MOORESTOWN	20040120	9999	11	-67	NA	11	-67	13.7	39.95111	-74.96972
USC00285728	MOORESTOWN	20040121	9999	-11	-100	NA	-11	-100	13.7	39.95111	-74.96972
USC00285728	MOORESTOWN	20040122	9999	33	-78	NA	33	-78	13.7	39.95111	-74.96972
USC00285728	MOORESTOWN	20040123	9999	-67	-117	NA	-67	-117	13.7	39.95111	-74.96972
USC00285728	MOORESTOWN	20040124	9999	-22	-122	NA	-22	-122	13.7	39.95111	-74.96972
USC00285728	MOORESTOWN	20040125	9999	-56	-144	NA	-56	-144	13.7	39.95111	-74.96972
USC00285728	MOORESTOWN	20040126	9999	-50	-122	NA	-50	-122	13.7	39.95111	-74.96972
USC00285728	MOORESTOWN	20040127	9999	-44	-111	NA	-44	-111	13.7	39.95111	-74.96972
USC00285728	MOORESTOWN	20040128	9999	6	-72	NA	6	-72	13.7	39.95111	-74.96972
USC00285728	MOORESTOWN	20040129	9999	11	-89	NA	11	-89	13.7	39.95111	-74.96972
USC00285728	MOORESTOWN	20040130	9999	-11	-83	NA	-11	-83	13.7	39.95111	-74.96972
USC00285728	MOORESTOWN	20040131	9999	-11	-111	NA	-11	-111	13.7	39.95111	-74.96972
USC00285728	MOORESTOWN	20050101	9999	194	39	NA	194	39	13.7	39.95111	-74.96972
USC00285728	MOORESTOWN	20050102	9999	178	-17	NA	178	-17	13.7	39.95111	-74.96972
USC00285728	MOORESTOWN	20050103	9999	156	56	NA	156	56	13.7	39.95111	-74.96972
USC00285728	MOORESTOWN	20050104	9999	156	78	NA	156	78	13.7	39.95111	-74.96972
USC00285728	MOORESTOWN	20050105	9999	89	22	NA	89	22	13.7	39.95111	-74.96972
USC00285728	MOORESTOWN	20050106	9999	56	11	NA	56	11	13.7	39.95111	-74.96972
USC00285728	MOORESTOWN	20050107	9999	72	11	NA	72	11	13.7	39.95111	-74.96972
USC00285728	MOORESTOWN	20050108	9999	72	11	NA	72	11	13.7	39.95111	-74.96972
USC00285728	MOORESTOWN	20050109	9999	72	17	NA	72	17	13.7	39.95111	-74.96972
USC00285728	MOORESTOWN	20050110	9999	100	11	NA	100	11	13.7	39.95111	-74.96972
USC00285728	MOORESTOWN	20050111	9999	100	-17	NA	100	-17	13.7	39.95111	-74.96972
USC00285728	MOORESTOWN	20050112	9999	83	28	NA	83	28	13.7	39.95111	-74.96972
USC00285728	MOORESTOWN	20050113	9999	211	44	NA	211	44	13.7	39.95111	-74.96972
USC00285728	MOORESTOWN	20050114	9999	194	17	NA	194	17	13.7	39.95111	-74.96972
USC00285728	MOORESTOWN	20050115	9999	44	-39	NA	44	-39	13.7	39.95111	-74.96972
USC00285728	MOORESTOWN	20050116	9999	11	-44	NA	11	-44	13.7	39.95111	-74.96972
USC00285728	MOORESTOWN	20050117	9999	6	-56	NA	6	-56	13.7	39.95111	-74.96972
USC00285728	MOORESTOWN	20050118	9999	-28	-111	NA	-28	-111	13.7	39.95111	-74.96972
USC00285728	MOORESTOWN	20050119	9999	-39	-133	NA	-39	-133	13.7	39.95111	-74.96972
USC00285728	MOORESTOWN	20050120	9999	44	-6	NA	44	-6	13.7	39.95111	-74.96972
USC00285728	MOORESTOWN	20050121	9999	-83	-133	NA	-83	-133	13.7	39.95111	-74.96972
USC00285728	MOORESTOWN	20050122	9999	-67	-133	NA	-67	-133	13.7	39.95111	-74.96972
USC00285728	MOORESTOWN	20050123	9999	-67	-111	NA	-67	-111	13.7	39.95111	-74.96972
USC00285728	MOORESTOWN	20050124	9999	-61	-122	NA	-61	-122	13.7	39.95111	-74.96972
USC00285728	MOORESTOWN	20050125	9999	28	-67	NA	28	-67	13.7	39.95111	-74.96972
USC00285728	MOORESTOWN	20050126	9999	44	-17	NA	44	-17	13.7	39.95111	-74.96972
USC00285728	MOORESTOWN	20050127	9999	44	-133	NA	44	-133	13.7	39.95111	-74.96972
USC00285728	MOORESTOWN	20050128	9999	-28	-178	NA	-28	-178	13.7	39.95111	-74.96972
USC00285728	MOORESTOWN	20050129	9999	28	-161	NA	28	-161	13.7	39.95111	-74.96972
USC00285728	MOORESTOWN	20050130	9999	28	-44	NA	28	-44	13.7	39.95111	-74.96972
USC00285728	MOORESTOWN	20050131	9999	39	-61	NA	39	-61	13.7	39.95111	-74.96972
