STATION	NAME	DATE	SNWD	TMAX	TMIN	SNWD2	TMAX2	TMIN2	ELEV	LAT	LONG
USW00013736	MORGANTOWNHART	19950101	9999	89	11	NA	89	11	378	39.6500	-79.9167
USW00013736	MORGANTOWNHART	19950102	9999	11	-61	NA	11	-61	378	39.6500	-79.9167
USW00013736	MORGANTOWNHART	19950103	9999	-17	-78	NA	-17	-78	378	39.6500	-79.9167
USW00013736	MORGANTOWNHART	19950104	9999	-33	-117	NA	-33	-117	378	39.6500	-79.9167
USW00013736	MORGANTOWNHART	19950105	9999	-72	-161	NA	-72	-161	378	39.6500	-79.9167
USW00013736	MORGANTOWNHART	19950106	9999	100	-128	NA	100	-128	378	39.6500	-79.9167
USW00013736	MORGANTOWNHART	19950107	9999	89	-22	NA	89	-22	378	39.6500	-79.9167
USW00013736	MORGANTOWNHART	19950108	9999	6	-28	NA	6	-28	378	39.6500	-79.9167
USW00013736	MORGANTOWNHART	19950109	9999	33	-22	NA	33	-22	378	39.6500	-79.9167
USW00013736	MORGANTOWNHART	19950110	9999	-6	-44	NA	-6	-44	378	39.6500	-79.9167
USW00013736	MORGANTOWNHART	19950111	9999	100	-11	NA	100	-11	378	39.6500	-79.9167
USW00013736	MORGANTOWNHART	19950112	9999	178	100	NA	178	100	378	39.6500	-79.9167
USW00013736	MORGANTOWNHART	19950113	9999	206	128	NA	206	128	378	39.6500	-79.9167
USW00013736	MORGANTOWNHART	19950114	9999	217	106	NA	217	106	378	39.6500	-79.9167
USW00013736	MORGANTOWNHART	19950115	9999	194	83	NA	194	83	378	39.6500	-79.9167
USW00013736	MORGANTOWNHART	19950116	9999	83	17	NA	83	17	378	39.6500	-79.9167
USW00013736	MORGANTOWNHART	19950117	9999	28	6	NA	28	6	378	39.6500	-79.9167
USW00013736	MORGANTOWNHART	19950118	9999	139	0	NA	139	0	378	39.6500	-79.9167
USW00013736	MORGANTOWNHART	19950119	9999	139	67	NA	139	67	378	39.6500	-79.9167
USW00013736	MORGANTOWNHART	19950120	9999	61	6	NA	61	6	378	39.6500	-79.9167
USW00013736	MORGANTOWNHART	19950121	9999	6	-44	NA	6	-44	378	39.6500	-79.9167
USW00013736	MORGANTOWNHART	19950122	9999	-33	-56	NA	-33	-56	378	39.6500	-79.9167
USW00013736	MORGANTOWNHART	19950123	9999	-22	-67	NA	-22	-67	378	39.6500	-79.9167
USW00013736	MORGANTOWNHART	19950124	9999	-39	-61	NA	-39	-61	378	39.6500	-79.9167
USW00013736	MORGANTOWNHART	19950125	9999	0	-83	NA	0	-83	378	39.6500	-79.9167
USW00013736	MORGANTOWNHART	19950126	9999	-33	-94	NA	-33	-94	378	39.6500	-79.9167
USW00013736	MORGANTOWNHART	19950127	9999	6	-106	NA	6	-106	378	39.6500	-79.9167
USW00013736	MORGANTOWNHART	19950128	9999	11	-22	NA	11	-22	378	39.6500	-79.9167
USW00013736	MORGANTOWNHART	19950129	9999	44	-50	NA	44	-50	378	39.6500	-79.9167
USW00013736	MORGANTOWNHART	19950130	9999	22	0	NA	22	0	378	39.6500	-79.9167
USW00013736	MORGANTOWNHART	19950131	9999	17	-56	NA	17	-56	378	39.6500	-79.9167
USW00013736	MORGANTOWNHART	19960101	9999	61	22	NA	61	22	378	39.6500	-79.9167
USW00013736	MORGANTOWNHART	19960102	9999	50	28	NA	50	28	378	39.6500	-79.9167
USW00013736	MORGANTOWNHART	19960103	9999	56	-67	NA	56	-67	378	39.6500	-79.9167
USW00013736	MORGANTOWNHART	19960104	9999	-39	-89	NA	-39	-89	378	39.6500	-79.9167
USW00013736	MORGANTOWNHART	19960105	9999	-28	-78	NA	-28	-78	378	39.6500	-79.9167
USW00013736	MORGANTOWNHART	19960106	9999	-22	-83	NA	-22	-83	378	39.6500	-79.9167
USW00013736	MORGANTOWNHART	19960107	9999	-67	-83	NA	-67	-83	378	39.6500	-79.9167
USW00013736	MORGANTOWNHART	19960108	9999	-44	-111	NA	-44	-111	378	39.6500	-79.9167
USW00013736	MORGANTOWNHART	19960109	9999	-22	-94	NA	-22	-94	378	39.6500	-79.9167
USW00013736	MORGANTOWNHART	19960110	9999	-22	-150	NA	-22	-150	378	39.6500	-79.9167
USW00013736	MORGANTOWNHART	19960111	9999	-11	-178	NA	-11	-178	378	39.6500	-79.9167
USW00013736	MORGANTOWNHART	19960112	9999	-11	-44	NA	-11	-44	378	39.6500	-79.9167
USW00013736	MORGANTOWNHART	19960113	9999	-6	-44	NA	-6	-44	378	39.6500	-79.9167
USW00013736	MORGANTOWNHART	19960114	9999	117	-11	NA	117	-11	378	39.6500	-79.9167
USW00013736	MORGANTOWNHART	19960115	9999	72	-56	NA	72	-56	378	39.6500	-79.9167
USW00013736	MORGANTOWNHART	19960116	9999	122	11	NA	122	11	378	39.6500	-79.9167
USW00013736	MORGANTOWNHART	19960117	9999	172	89	NA	172	89	378	39.6500	-79.9167
USW00013736	MORGANTOWNHART	19960118	9999	200	117	NA	200	117	378	39.6500	-79.9167
USW00013736	MORGANTOWNHART	19960119	9999	206	-117	NA	206	-117	378	39.6500	-79.9167
USW00013736	MORGANTOWNHART	19960120	9999	-11	-117	NA	-11	-117	378	39.6500	-79.9167
USW00013736	MORGANTOWNHART	19960121	9999	22	-22	NA	22	-22	378	39.6500	-79.9167
USW00013736	MORGANTOWNHART	19960122	9999	100	-56	NA	100	-56	378	39.6500	-79.9167
USW00013736	MORGANTOWNHART	19960123	9999	94	33	NA	94	33	378	39.6500	-79.9167
USW00013736	MORGANTOWNHART	19960124	9999	122	-28	NA	122	-28	378	39.6500	-79.9167
USW00013736	MORGANTOWNHART	19960125	9999	-11	-56	NA	-11	-56	378	39.6500	-79.9167
USW00013736	MORGANTOWNHART	19960126	9999	106	-33	NA	106	-33	378	39.6500	-79.9167
USW00013736	MORGANTOWNHART	19960127	9999	144	-28	NA	144	-28	378	39.6500	-79.9167
USW00013736	MORGANTOWNHART	19960128	9999	-6	-67	NA	-6	-67	378	39.6500	-79.9167
USW00013736	MORGANTOWNHART	19960129	9999	67	-6	NA	67	-6	378	39.6500	-79.9167
USW00013736	MORGANTOWNHART	19960130	9999	44	-39	NA	44	-39	378	39.6500	-79.9167
USW00013736	MORGANTOWNHART	19960131	9999	-44	-133	NA	-44	-133	378	39.6500	-79.9167
USW00013736	MORGANTOWNHART	19970101	9999	100	0	NA	100	0	378	39.6500	-79.9167
USW00013736	MORGANTOWNHART	19970102	9999	133	89	NA	133	89	378	39.6500	-79.9167
USW00013736	MORGANTOWNHART	19970103	9999	144	122	NA	144	122	378	39.6500	-79.9167
USW00013736	MORGANTOWNHART	19970104	9999	211	133	NA	211	133	378	39.6500	-79.9167
USW00013736	MORGANTOWNHART	19970105	9999	167	50	NA	167	50	378	39.6500	-79.9167
USW00013736	MORGANTOWNHART	19970106	9999	50	-39	NA	50	-39	378	39.6500	-79.9167
USW00013736	MORGANTOWNHART	19970107	9999	-6	-83	NA	-6	-83	378	39.6500	-79.9167
USW00013736	MORGANTOWNHART	19970108	9999	-22	-111	NA	-22	-111	378	39.6500	-79.9167
USW00013736	MORGANTOWNHART	19970109	9999	44	-11	NA	44	-11	378	39.6500	-79.9167
USW00013736	MORGANTOWNHART	19970110	9999	-17	-78	NA	-17	-78	378	39.6500	-79.9167
USW00013736	MORGANTOWNHART	19970111	9999	-78	-144	NA	-78	-144	378	39.6500	-79.9167
USW00013736	MORGANTOWNHART	19970112	9999	-89	-133	NA	-89	-133	378	39.6500	-79.9167
USW00013736	MORGANTOWNHART	19970113	9999	-72	-144	NA	-72	-144	378	39.6500	-79.9167
USW00013736	MORGANTOWNHART	19970114	9999	-33	-106	NA	-33	-106	378	39.6500	-79.9167
USW00013736	MORGANTOWNHART	19970115	9999	94	-117	NA	94	-117	378	39.6500	-79.9167
USW00013736	MORGANTOWNHART	19970116	9999	0	-150	NA	0	-150	378	39.6500	-79.9167
USW00013736	MORGANTOWNHART	19970117	9999	-128	-183	NA	-128	-183	378	39.6500	-79.9167
USW00013736	MORGANTOWNHART	19970118	9999	-122	-167	NA	-122	-167	378	39.6500	-79.9167
USW00013736	MORGANTOWNHART	19970119	9999	-28	-183	NA	-28	-183	378	39.6500	-79.9167
USW00013736	MORGANTOWNHART	19970120	9999	22	-39	NA	22	-39	378	39.6500	-79.9167
USW00013736	MORGANTOWNHART	19970121	9999	111	-72	NA	111	-72	378	39.6500	-79.9167
USW00013736	MORGANTOWNHART	19970122	9999	133	72	NA	133	72	378	39.6500	-79.9167
USW00013736	MORGANTOWNHART	19970123	9999	28	-22	NA	28	-22	378	39.6500	-79.9167
USW00013736	MORGANTOWNHART	19970124	9999	128	11	NA	128	11	378	39.6500	-79.9167
USW00013736	MORGANTOWNHART	19970125	9999	133	-61	NA	133	-61	378	39.6500	-79.9167
USW00013736	MORGANTOWNHART	19970126	9999	-17	-83	NA	-17	-83	378	39.6500	-79.9167
USW00013736	MORGANTOWNHART	19970127	9999	78	17	NA	78	17	378	39.6500	-79.9167
USW00013736	MORGANTOWNHART	19970128	9999	0	-67	NA	0	-67	378	39.6500	-79.9167
USW00013736	MORGANTOWNHART	19970129	9999	0	-83	NA	0	-83	378	39.6500	-79.9167
USW00013736	MORGANTOWNHART	19970130	9999	67	-39	NA	67	-39	378	39.6500	-79.9167
USW00013736	MORGANTOWNHART	19970131	9999	100	17	NA	100	17	378	39.6500	-79.9167
USW00013736	MORGANTOWNHART	19980101	9999	44	-144	NA	44	-144	378	39.6500	-79.9167
USW00013736	MORGANTOWNHART	19980102	9999	111	44	NA	111	44	378	39.6500	-79.9167
USW00013736	MORGANTOWNHART	19980103	9999	161	106	NA	161	106	378	39.6500	-79.9167
USW00013736	MORGANTOWNHART	19980104	9999	183	94	NA	183	94	378	39.6500	-79.9167
USW00013736	MORGANTOWNHART	19980105	9999	206	44	NA	206	44	378	39.6500	-79.9167
USW00013736	MORGANTOWNHART	19980106	9999	167	122	NA	167	122	378	39.6500	-79.9167
USW00013736	MORGANTOWNHART	19980107	9999	178	122	NA	178	122	378	39.6500	-79.9167
USW00013736	MORGANTOWNHART	19980108	9999	206	150	NA	206	150	378	39.6500	-79.9167
USW00013736	MORGANTOWNHART	19980109	9999	167	22	NA	167	22	378	39.6500	-79.9167
USW00013736	MORGANTOWNHART	19980110	9999	56	11	NA	56	11	378	39.6500	-79.9167
USW00013736	MORGANTOWNHART	19980111	9999	72	-11	NA	72	-11	378	39.6500	-79.9167
USW00013736	MORGANTOWNHART	19980112	9999	111	11	NA	111	11	378	39.6500	-79.9167
USW00013736	MORGANTOWNHART	19980113	9999	111	-44	NA	111	-44	378	39.6500	-79.9167
USW00013736	MORGANTOWNHART	19980114	9999	39	-89	NA	39	-89	378	39.6500	-79.9167
USW00013736	MORGANTOWNHART	19980115	9999	78	28	NA	78	28	378	39.6500	-79.9167
USW00013736	MORGANTOWNHART	19980116	9999	50	6	NA	50	6	378	39.6500	-79.9167
USW00013736	MORGANTOWNHART	19980117	9999	44	-6	NA	44	-6	378	39.6500	-79.9167
USW00013736	MORGANTOWNHART	19980118	9999	0	-11	NA	0	-11	378	39.6500	-79.9167
USW00013736	MORGANTOWNHART	19980119	9999	11	-22	NA	11	-22	378	39.6500	-79.9167
USW00013736	MORGANTOWNHART	19980120	9999	0	-61	NA	0	-61	378	39.6500	-79.9167
USW00013736	MORGANTOWNHART	19980121	9999	22	-67	NA	22	-67	378	39.6500	-79.9167
USW00013736	MORGANTOWNHART	19980122	9999	89	-28	NA	89	-28	378	39.6500	-79.9167
USW00013736	MORGANTOWNHART	19980123	9999	78	22	NA	78	22	378	39.6500	-79.9167
USW00013736	MORGANTOWNHART	19980124	9999	28	-11	NA	28	-11	378	39.6500	-79.9167
USW00013736	MORGANTOWNHART	19980125	9999	11	-17	NA	11	-17	378	39.6500	-79.9167
USW00013736	MORGANTOWNHART	19980126	9999	78	-28	NA	78	-28	378	39.6500	-79.9167
USW00013736	MORGANTOWNHART	19980127	9999	56	11	NA	56	11	378	39.6500	-79.9167
USW00013736	MORGANTOWNHART	19980128	9999	56	11	NA	56	11	378	39.6500	-79.9167
USW00013736	MORGANTOWNHART	19980129	9999	133	6	NA	133	6	378	39.6500	-79.9167
USW00013736	MORGANTOWNHART	19980130	9999	39	-6	NA	39	-6	378	39.6500	-79.9167
USW00013736	MORGANTOWNHART	19980131	9999	22	-33	NA	22	-33	378	39.6500	-79.9167
USW00013736	MORGANTOWNHART	19990101	9999	-44	-94	NA	-44	-94	378	39.6500	-79.9167
USW00013736	MORGANTOWNHART	19990102	9999	22	-83	NA	22	-83	378	39.6500	-79.9167
USW00013736	MORGANTOWNHART	19990103	9999	50	-78	NA	50	-78	378	39.6500	-79.9167
USW00013736	MORGANTOWNHART	19990104	9999	-67	-106	NA	-67	-106	378	39.6500	-79.9167
USW00013736	MORGANTOWNHART	19990105	9999	-83	-144	NA	-83	-144	378	39.6500	-79.9167
USW00013736	MORGANTOWNHART	19990106	9999	0	-133	NA	0	-133	378	39.6500	-79.9167
USW00013736	MORGANTOWNHART	19990107	9999	-6	-94	NA	-6	-94	378	39.6500	-79.9167
USW00013736	MORGANTOWNHART	19990108	9999	72	-83	NA	72	-83	378	39.6500	-79.9167
USW00013736	MORGANTOWNHART	19990109	9999	83	-83	NA	83	-83	378	39.6500	-79.9167
USW00013736	MORGANTOWNHART	19990110	9999	-44	-106	NA	-44	-106	378	39.6500	-79.9167
USW00013736	MORGANTOWNHART	19990111	9999	61	-128	NA	61	-128	378	39.6500	-79.9167
USW00013736	MORGANTOWNHART	19990112	9999	100	44	NA	100	44	378	39.6500	-79.9167
USW00013736	MORGANTOWNHART	19990113	9999	106	-11	NA	106	-11	378	39.6500	-79.9167
USW00013736	MORGANTOWNHART	19990114	9999	50	-11	NA	50	-11	378	39.6500	-79.9167
USW00013736	MORGANTOWNHART	19990115	9999	11	-72	NA	11	-72	378	39.6500	-79.9167
USW00013736	MORGANTOWNHART	19990116	9999	89	-56	NA	89	-56	378	39.6500	-79.9167
USW00013736	MORGANTOWNHART	19990117	9999	150	-17	NA	150	-17	378	39.6500	-79.9167
USW00013736	MORGANTOWNHART	19990118	9999	144	0	NA	144	0	378	39.6500	-79.9167
USW00013736	MORGANTOWNHART	19990119	9999	72	0	NA	72	0	378	39.6500	-79.9167
USW00013736	MORGANTOWNHART	19990120	9999	78	0	NA	78	0	378	39.6500	-79.9167
USW00013736	MORGANTOWNHART	19990121	9999	78	-11	NA	78	-11	378	39.6500	-79.9167
USW00013736	MORGANTOWNHART	19990122	9999	222	67	NA	222	67	378	39.6500	-79.9167
USW00013736	MORGANTOWNHART	19990123	9999	228	111	NA	228	111	378	39.6500	-79.9167
USW00013736	MORGANTOWNHART	19990124	9999	161	17	NA	161	17	378	39.6500	-79.9167
USW00013736	MORGANTOWNHART	19990125	9999	33	11	NA	33	11	378	39.6500	-79.9167
USW00013736	MORGANTOWNHART	19990126	9999	67	-17	NA	67	-17	378	39.6500	-79.9167
USW00013736	MORGANTOWNHART	19990127	9999	178	-33	NA	178	-33	378	39.6500	-79.9167
USW00013736	MORGANTOWNHART	19990128	9999	144	28	NA	144	28	378	39.6500	-79.9167
USW00013736	MORGANTOWNHART	19990129	9999	39	-39	NA	39	-39	378	39.6500	-79.9167
USW00013736	MORGANTOWNHART	19990130	9999	61	-61	NA	61	-61	378	39.6500	-79.9167
USW00013736	MORGANTOWNHART	19990131	9999	56	-33	NA	56	-33	378	39.6500	-79.9167
USW00013736	MORGANTOWNHART	20000101	9999	128	-50	NA	128	-50	378	39.6500	-79.9167
USW00013736	MORGANTOWNHART	20000102	9999	211	122	NA	211	122	378	39.6500	-79.9167
USW00013736	MORGANTOWNHART	20000103	9999	194	106	NA	194	106	378	39.6500	-79.9167
USW00013736	MORGANTOWNHART	20000104	9999	194	-6	NA	194	-6	378	39.6500	-79.9167
USW00013736	MORGANTOWNHART	20000105	9999	0	-44	NA	0	-44	378	39.6500	-79.9167
USW00013736	MORGANTOWNHART	20000106	9999	78	-61	NA	78	-61	378	39.6500	-79.9167
USW00013736	MORGANTOWNHART	20000107	9999	56	-22	NA	56	-22	378	39.6500	-79.9167
USW00013736	MORGANTOWNHART	20000108	9999	50	-72	NA	50	-72	378	39.6500	-79.9167
USW00013736	MORGANTOWNHART	20000109	9999	106	6	NA	106	6	378	39.6500	-79.9167
USW00013736	MORGANTOWNHART	20000110	9999	139	56	NA	139	56	378	39.6500	-79.9167
USW00013736	MORGANTOWNHART	20000111	9999	100	11	NA	100	11	378	39.6500	-79.9167
USW00013736	MORGANTOWNHART	20000112	9999	83	-28	NA	83	-28	378	39.6500	-79.9167
USW00013736	MORGANTOWNHART	20000113	9999	122	-72	NA	122	-72	378	39.6500	-79.9167
USW00013736	MORGANTOWNHART	20000114	9999	-39	-100	NA	-39	-100	378	39.6500	-79.9167
USW00013736	MORGANTOWNHART	20000115	9999	78	-100	NA	78	-100	378	39.6500	-79.9167
USW00013736	MORGANTOWNHART	20000116	9999	106	-67	NA	106	-67	378	39.6500	-79.9167
USW00013736	MORGANTOWNHART	20000117	9999	-50	-122	NA	-50	-122	378	39.6500	-79.9167
USW00013736	MORGANTOWNHART	20000118	9999	-39	-78	NA	-39	-78	378	39.6500	-79.9167
USW00013736	MORGANTOWNHART	20000119	9999	-17	-50	NA	-17	-50	378	39.6500	-79.9167
USW00013736	MORGANTOWNHART	20000120	9999	-28	-89	NA	-28	-89	378	39.6500	-79.9167
USW00013736	MORGANTOWNHART	20000121	9999	-100	-133	NA	-100	-133	378	39.6500	-79.9167
USW00013736	MORGANTOWNHART	20000122	9999	-78	-161	NA	-78	-161	378	39.6500	-79.9167
USW00013736	MORGANTOWNHART	20000123	9999	6	-83	NA	6	-83	378	39.6500	-79.9167
USW00013736	MORGANTOWNHART	20000124	9999	0	-72	NA	0	-72	378	39.6500	-79.9167
USW00013736	MORGANTOWNHART	20000125	9999	-61	-100	NA	-61	-100	378	39.6500	-79.9167
USW00013736	MORGANTOWNHART	20000126	9999	-44	-100	NA	-44	-100	378	39.6500	-79.9167
USW00013736	MORGANTOWNHART	20000127	9999	-78	-128	NA	-78	-128	378	39.6500	-79.9167
USW00013736	MORGANTOWNHART	20000128	9999	-56	-172	NA	-56	-172	378	39.6500	-79.9167
USW00013736	MORGANTOWNHART	20000129	9999	39	-161	NA	39	-161	378	39.6500	-79.9167
USW00013736	MORGANTOWNHART	20000130	9999	17	-17	NA	17	-17	378	39.6500	-79.9167
USW00013736	MORGANTOWNHART	20000131	9999	-17	-56	NA	-17	-56	378	39.6500	-79.9167
USW00013736	MORGANTOWNHART	20010101	9999	-44	-72	NA	-44	-72	378	39.6500	-79.9167
USW00013736	MORGANTOWNHART	20010102	9999	-44	-144	NA	-44	-144	378	39.6500	-79.9167
USW00013736	MORGANTOWNHART	20010103	9999	-44	-150	NA	-44	-150	378	39.6500	-79.9167
USW00013736	MORGANTOWNHART	20010104	9999	-28	-56	NA	-28	-56	378	39.6500	-79.9167
USW00013736	MORGANTOWNHART	20010105	9999	11	-33	NA	11	-33	378	39.6500	-79.9167
USW00013736	MORGANTOWNHART	20010106	9999	22	-6	NA	22	-6	378	39.6500	-79.9167
USW00013736	MORGANTOWNHART	20010107	9999	72	-11	NA	72	-11	378	39.6500	-79.9167
USW00013736	MORGANTOWNHART	20010108	9999	6	-39	NA	6	-39	378	39.6500	-79.9167
USW00013736	MORGANTOWNHART	20010109	9999	-39	-83	NA	-39	-83	378	39.6500	-79.9167
USW00013736	MORGANTOWNHART	20010110	9999	22	-72	NA	22	-72	378	39.6500	-79.9167
USW00013736	MORGANTOWNHART	20010111	9999	67	-33	NA	67	-33	378	39.6500	-79.9167
USW00013736	MORGANTOWNHART	20010112	9999	72	-39	NA	72	-39	378	39.6500	-79.9167
USW00013736	MORGANTOWNHART	20010113	9999	94	-56	NA	94	-56	378	39.6500	-79.9167
USW00013736	MORGANTOWNHART	20010114	9999	89	-39	NA	89	-39	378	39.6500	-79.9167
USW00013736	MORGANTOWNHART	20010115	9999	100	22	NA	100	22	378	39.6500	-79.9167
USW00013736	MORGANTOWNHART	20010116	9999	28	6	NA	28	6	378	39.6500	-79.9167
USW00013736	MORGANTOWNHART	20010117	9999	11	-11	NA	11	-11	378	39.6500	-79.9167
USW00013736	MORGANTOWNHART	20010118	9999	28	-17	NA	28	-17	378	39.6500	-79.9167
USW00013736	MORGANTOWNHART	20010119	9999	22	-17	NA	22	-17	378	39.6500	-79.9167
USW00013736	MORGANTOWNHART	20010120	9999	-11	-67	NA	-11	-67	378	39.6500	-79.9167
USW00013736	MORGANTOWNHART	20010121	9999	-56	-106	NA	-56	-106	378	39.6500	-79.9167
USW00013736	MORGANTOWNHART	20010122	9999	0	-100	NA	0	-100	378	39.6500	-79.9167
USW00013736	MORGANTOWNHART	20010123	9999	33	-122	NA	33	-122	378	39.6500	-79.9167
USW00013736	MORGANTOWNHART	20010124	9999	33	-44	NA	33	-44	378	39.6500	-79.9167
USW00013736	MORGANTOWNHART	20010125	9999	-17	-106	NA	-17	-106	378	39.6500	-79.9167
USW00013736	MORGANTOWNHART	20010126	9999	50	-128	NA	50	-128	378	39.6500	-79.9167
USW00013736	MORGANTOWNHART	20010127	9999	17	-33	NA	17	-33	378	39.6500	-79.9167
USW00013736	MORGANTOWNHART	20010128	9999	11	-67	NA	11	-67	378	39.6500	-79.9167
USW00013736	MORGANTOWNHART	20010129	9999	117	-33	NA	117	-33	378	39.6500	-79.9167
USW00013736	MORGANTOWNHART	20010130	9999	106	44	NA	106	44	378	39.6500	-79.9167
USW00013736	MORGANTOWNHART	20010131	9999	56	11	NA	56	11	378	39.6500	-79.9167
USW00013736	MORGANTOWNHART	20020101	9999	-39	-117	NA	-39	-117	378	39.6500	-79.9167
USW00013736	MORGANTOWNHART	20020102	9999	-11	-139	NA	-11	-139	378	39.6500	-79.9167
USW00013736	MORGANTOWNHART	20020103	9999	-6	-106	NA	-6	-106	378	39.6500	-79.9167
USW00013736	MORGANTOWNHART	20020104	9999	-6	-67	NA	-6	-67	378	39.6500	-79.9167
USW00013736	MORGANTOWNHART	20020105	9999	44	-28	NA	44	-28	378	39.6500	-79.9167
USW00013736	MORGANTOWNHART	20020106	9999	33	0	NA	33	0	378	39.6500	-79.9167
USW00013736	MORGANTOWNHART	20020107	9999	0	-50	NA	0	-50	378	39.6500	-79.9167
USW00013736	MORGANTOWNHART	20020108	9999	-6	-61	NA	-6	-61	378	39.6500	-79.9167
USW00013736	MORGANTOWNHART	20020109	9999	78	-6	NA	78	-6	378	39.6500	-79.9167
USW00013736	MORGANTOWNHART	20020110	9999	89	61	NA	89	61	378	39.6500	-79.9167
USW00013736	MORGANTOWNHART	20020111	9999	72	17	NA	72	17	378	39.6500	-79.9167
USW00013736	MORGANTOWNHART	20020112	9999	83	6	NA	83	6	378	39.6500	-79.9167
USW00013736	MORGANTOWNHART	20020113	9999	50	-11	NA	50	-11	378	39.6500	-79.9167
USW00013736	MORGANTOWNHART	20020114	9999	122	-17	NA	122	-17	378	39.6500	-79.9167
USW00013736	MORGANTOWNHART	20020115	9999	89	0	NA	89	0	378	39.6500	-79.9167
USW00013736	MORGANTOWNHART	20020116	9999	39	-6	NA	39	-6	378	39.6500	-79.9167
USW00013736	MORGANTOWNHART	20020117	9999	67	0	NA	67	0	378	39.6500	-79.9167
USW00013736	MORGANTOWNHART	20020118	9999	17	-28	NA	17	-28	378	39.6500	-79.9167
USW00013736	MORGANTOWNHART	20020119	9999	6	-33	NA	6	-33	378	39.6500	-79.9167
USW00013736	MORGANTOWNHART	20020120	9999	-6	-56	NA	-6	-56	378	39.6500	-79.9167
USW00013736	MORGANTOWNHART	20020121	9999	56	-50	NA	56	-50	378	39.6500	-79.9167
USW00013736	MORGANTOWNHART	20020122	9999	100	-22	NA	100	-22	378	39.6500	-79.9167
USW00013736	MORGANTOWNHART	20020123	9999	144	56	NA	144	56	378	39.6500	-79.9167
USW00013736	MORGANTOWNHART	20020124	9999	144	22	NA	144	22	378	39.6500	-79.9167
USW00013736	MORGANTOWNHART	20020125	9999	72	-28	NA	72	-28	378	39.6500	-79.9167
USW00013736	MORGANTOWNHART	20020126	9999	106	-6	NA	106	-6	378	39.6500	-79.9167
USW00013736	MORGANTOWNHART	20020127	9999	150	22	NA	150	22	378	39.6500	-79.9167
USW00013736	MORGANTOWNHART	20020128	9999	178	6	NA	178	6	378	39.6500	-79.9167
USW00013736	MORGANTOWNHART	20020129	9999	189	139	NA	189	139	378	39.6500	-79.9167
USW00013736	MORGANTOWNHART	20020130	9999	183	72	NA	183	72	378	39.6500	-79.9167
USW00013736	MORGANTOWNHART	20020131	9999	239	56	NA	239	56	378	39.6500	-79.9167
USW00013736	MORGANTOWNHART	20030101	9999	100	22	NA	100	22	378	39.6500	-79.9167
USW00013736	MORGANTOWNHART	20030102	9999	50	6	NA	50	6	378	39.6500	-79.9167
USW00013736	MORGANTOWNHART	20030103	9999	44	-33	NA	44	-33	378	39.6500	-79.9167
USW00013736	MORGANTOWNHART	20030104	9999	-22	-39	NA	-22	-39	378	39.6500	-79.9167
USW00013736	MORGANTOWNHART	20030105	9999	6	-28	NA	6	-28	378	39.6500	-79.9167
USW00013736	MORGANTOWNHART	20030106	9999	0	-61	NA	0	-61	378	39.6500	-79.9167
USW00013736	MORGANTOWNHART	20030107	9999	17	-111	NA	17	-111	378	39.6500	-79.9167
USW00013736	MORGANTOWNHART	20030108	9999	78	17	NA	78	17	378	39.6500	-79.9167
USW00013736	MORGANTOWNHART	20030109	9999	106	44	NA	106	44	378	39.6500	-79.9167
USW00013736	MORGANTOWNHART	20030110	9999	44	-67	NA	44	-67	378	39.6500	-79.9167
USW00013736	MORGANTOWNHART	20030111	9999	-39	-83	NA	-39	-83	378	39.6500	-79.9167
USW00013736	MORGANTOWNHART	20030112	9999	-33	-89	NA	-33	-89	378	39.6500	-79.9167
USW00013736	MORGANTOWNHART	20030113	9999	11	-56	NA	11	-56	378	39.6500	-79.9167
USW00013736	MORGANTOWNHART	20030114	9999	-44	-67	NA	-44	-67	378	39.6500	-79.9167
USW00013736	MORGANTOWNHART	20030115	9999	-61	-117	NA	-61	-117	378	39.6500	-79.9167
USW00013736	MORGANTOWNHART	20030116	9999	-39	-156	NA	-39	-156	378	39.6500	-79.9167
USW00013736	MORGANTOWNHART	20030117	9999	-50	-122	NA	-50	-122	378	39.6500	-79.9167
USW00013736	MORGANTOWNHART	20030118	9999	-67	-172	NA	-67	-172	378	39.6500	-79.9167
USW00013736	MORGANTOWNHART	20030119	9999	-22	-89	NA	-22	-89	378	39.6500	-79.9167
USW00013736	MORGANTOWNHART	20030120	9999	-17	-72	NA	-17	-72	378	39.6500	-79.9167
USW00013736	MORGANTOWNHART	20030121	9999	-50	-150	NA	-50	-150	378	39.6500	-79.9167
USW00013736	MORGANTOWNHART	20030122	9999	-78	-194	NA	-78	-194	378	39.6500	-79.9167
USW00013736	MORGANTOWNHART	20030123	9999	-111	-150	NA	-111	-150	378	39.6500	-79.9167
USW00013736	MORGANTOWNHART	20030124	9999	-78	-117	NA	-78	-117	378	39.6500	-79.9167
USW00013736	MORGANTOWNHART	20030125	9999	-22	-106	NA	-22	-106	378	39.6500	-79.9167
USW00013736	MORGANTOWNHART	20030126	9999	-22	-117	NA	-22	-117	378	39.6500	-79.9167
USW00013736	MORGANTOWNHART	20030127	9999	-100	-183	NA	-100	-183	378	39.6500	-79.9167
USW00013736	MORGANTOWNHART	20030128	9999	28	-106	NA	28	-106	378	39.6500	-79.9167
USW00013736	MORGANTOWNHART	20030129	9999	22	-28	NA	22	-28	378	39.6500	-79.9167
USW00013736	MORGANTOWNHART	20030130	9999	39	-44	NA	39	-44	378	39.6500	-79.9167
USW00013736	MORGANTOWNHART	20030131	9999	50	-6	NA	50	-6	378	39.6500	-79.9167
USW00013736	MORGANTOWNHART	20040101	9999	122	-28	NA	122	-28	378	39.6500	-79.9167
USW00013736	MORGANTOWNHART	20040102	9999	144	61	NA	144	61	378	39.6500	-79.9167
USW00013736	MORGANTOWNHART	20040103	9999	189	139	NA	189	139	378	39.6500	-79.9167
USW00013736	MORGANTOWNHART	20040104	9999	144	44	NA	144	44	378	39.6500	-79.9167
USW00013736	MORGANTOWNHART	20040105	9999	106	-6	NA	106	-6	378	39.6500	-79.9167
USW00013736	MORGANTOWNHART	20040106	9999	-6	-106	NA	-6	-106	378	39.6500	-79.9167
USW00013736	MORGANTOWNHART	20040107	9999	-61	-106	NA	-61	-106	378	39.6500	-79.9167
USW00013736	MORGANTOWNHART	20040108	9999	-17	-78	NA	-17	-78	378	39.6500	-79.9167
USW00013736	MORGANTOWNHART	20040109	9999	-33	-111	NA	-33	-111	378	39.6500	-79.9167
USW00013736	MORGANTOWNHART	20040110	9999	-89	-156	NA	-89	-156	378	39.6500	-79.9167
USW00013736	MORGANTOWNHART	20040111	9999	39	-150	NA	39	-150	378	39.6500	-79.9167
USW00013736	MORGANTOWNHART	20040112	9999	44	22	NA	44	22	378	39.6500	-79.9167
USW00013736	MORGANTOWNHART	20040113	9999	22	-33	NA	22	-33	378	39.6500	-79.9167
USW00013736	MORGANTOWNHART	20040114	9999	44	-50	NA	44	-50	378	39.6500	-79.9167
USW00013736	MORGANTOWNHART	20040115	9999	17	-117	NA	17	-117	378	39.6500	-79.9167
USW00013736	MORGANTOWNHART	20040116	9999	-61	-144	NA	-61	-144	378	39.6500	-79.9167
USW00013736	MORGANTOWNHART	20040117	9999	28	-128	NA	28	-128	378	39.6500	-79.9167
USW00013736	MORGANTOWNHART	20040118	9999	44	-89	NA	44	-89	378	39.6500	-79.9167
USW00013736	MORGANTOWNHART	20040119	9999	-67	-94	NA	-67	-94	378	39.6500	-79.9167
USW00013736	MORGANTOWNHART	20040120	9999	-61	-128	NA	-61	-128	378	39.6500	-79.9167
USW00013736	MORGANTOWNHART	20040121	9999	-22	-156	NA	-22	-156	378	39.6500	-79.9167
USW00013736	MORGANTOWNHART	20040122	9999	11	-111	NA	11	-111	378	39.6500	-79.9167
USW00013736	MORGANTOWNHART	20040123	9999	-89	-150	NA	-89	-150	378	39.6500	-79.9167
USW00013736	MORGANTOWNHART	20040124	9999	-56	-150	NA	-56	-150	378	39.6500	-79.9167
USW00013736	MORGANTOWNHART	20040125	9999	-72	-172	NA	-72	-172	378	39.6500	-79.9167
USW00013736	MORGANTOWNHART	20040126	9999	6	-83	NA	6	-83	378	39.6500	-79.9167
USW00013736	MORGANTOWNHART	20040127	9999	22	-61	NA	22	-61	378	39.6500	-79.9167
USW00013736	MORGANTOWNHART	20040128	9999	-50	-89	NA	-50	-89	378	39.6500	-79.9167
USW00013736	MORGANTOWNHART	20040129	9999	-39	-78	NA	-39	-78	378	39.6500	-79.9167
USW00013736	MORGANTOWNHART	20040130	9999	-78	-144	NA	-78	-144	378	39.6500	-79.9167
USW00013736	MORGANTOWNHART	20040131	9999	-83	-167	NA	-83	-167	378	39.6500	-79.9167
USW00013736	MORGANTOWNHART	20050101	9999	161	72	NA	161	72	378	39.6500	-79.9167
USW00013736	MORGANTOWNHART	20050102	9999	178	72	NA	178	72	378	39.6500	-79.9167
USW00013736	MORGANTOWNHART	20050103	9999	167	128	NA	167	128	378	39.6500	-79.9167
USW00013736	MORGANTOWNHART	20050104	9999	133	72	NA	133	72	378	39.6500	-79.9167
USW00013736	MORGANTOWNHART	20050105	9999	72	44	NA	72	44	378	39.6500	-79.9167
USW00013736	MORGANTOWNHART	20050106	9999	150	28	NA	150	28	378	39.6500	-79.9167
USW00013736	MORGANTOWNHART	20050107	9999	67	0	NA	67	0	378	39.6500	-79.9167
USW00013736	MORGANTOWNHART	20050108	9999	122	33	NA	122	33	378	39.6500	-79.9167
USW00013736	MORGANTOWNHART	20050109	9999	83	0	NA	83	0	378	39.6500	-79.9167
USW00013736	MORGANTOWNHART	20050110	9999	94	11	NA	94	11	378	39.6500	-79.9167
USW00013736	MORGANTOWNHART	20050111	9999	122	6	NA	122	6	378	39.6500	-79.9167
USW00013736	MORGANTOWNHART	20050112	9999	189	122	NA	189	122	378	39.6500	-79.9167
USW00013736	MORGANTOWNHART	20050113	9999	222	122	NA	222	122	378	39.6500	-79.9167
USW00013736	MORGANTOWNHART	20050114	9999	122	-39	NA	122	-39	378	39.6500	-79.9167
USW00013736	MORGANTOWNHART	20050115	9999	17	-61	NA	17	-61	378	39.6500	-79.9167
USW00013736	MORGANTOWNHART	20050116	9999	-17	-83	NA	-17	-83	378	39.6500	-79.9167
USW00013736	MORGANTOWNHART	20050117	9999	-83	-133	NA	-83	-133	378	39.6500	-79.9167
USW00013736	MORGANTOWNHART	20050118	9999	-94	-161	NA	-94	-161	378	39.6500	-79.9167
USW00013736	MORGANTOWNHART	20050119	9999	-11	-117	NA	-11	-117	378	39.6500	-79.9167
USW00013736	MORGANTOWNHART	20050120	9999	-17	-67	NA	-17	-67	378	39.6500	-79.9167
USW00013736	MORGANTOWNHART	20050121	9999	-61	-117	NA	-61	-117	378	39.6500	-79.9167
USW00013736	MORGANTOWNHART	20050122	9999	28	-117	NA	28	-117	378	39.6500	-79.9167
USW00013736	MORGANTOWNHART	20050123	9999	-78	-150	NA	-78	-150	378	39.6500	-79.9167
USW00013736	MORGANTOWNHART	20050124	9999	-44	-167	NA	-44	-167	378	39.6500	-79.9167
USW00013736	MORGANTOWNHART	20050125	9999	50	-44	NA	50	-44	378	39.6500	-79.9167
USW00013736	MORGANTOWNHART	20050126	9999	67	-67	NA	67	-67	378	39.6500	-79.9167
USW00013736	MORGANTOWNHART	20050127	9999	-50	-122	NA	-50	-122	378	39.6500	-79.9167
USW00013736	MORGANTOWNHART	20050128	9999	17	-150	NA	17	-150	378	39.6500	-79.9167
USW00013736	MORGANTOWNHART	20050129	9999	39	-50	NA	39	-50	378	39.6500	-79.9167
USW00013736	MORGANTOWNHART	20050130	9999	17	-44	NA	17	-44	378	39.6500	-79.9167
USW00013736	MORGANTOWNHART	20050131	9999	44	-72	NA	44	-72	378	39.6500	-79.9167
