STATION	NAME	DATE	SNWD	TMAX	TMIN	SNWD2	TMAX2	TMIN2	ELEV	LAT	LONG
USC00466212	MORGANTOWNLOCK	19950101	9999	106	-56	NA	106	-56	251.5	39.61667	-79.96667
USC00466212	MORGANTOWNLOCK	19950102	9999	89	-56	NA	89	-56	251.5	39.61667	-79.96667
USC00466212	MORGANTOWNLOCK	19950103	9999	-22	-83	NA	-22	-83	251.5	39.61667	-79.96667
USC00466212	MORGANTOWNLOCK	19950104	9999	-22	-111	NA	-22	-111	251.5	39.61667	-79.96667
USC00466212	MORGANTOWNLOCK	19950105	9999	-78	-161	NA	-78	-161	251.5	39.61667	-79.96667
USC00466212	MORGANTOWNLOCK	19950106	9999	39	-133	NA	39	-133	251.5	39.61667	-79.96667
USC00466212	MORGANTOWNLOCK	19950107	9999	72	-17	NA	72	-17	251.5	39.61667	-79.96667
USC00466212	MORGANTOWNLOCK	19950108	9999	0	-33	NA	0	-33	251.5	39.61667	-79.96667
USC00466212	MORGANTOWNLOCK	19950109	9999	22	-44	NA	22	-44	251.5	39.61667	-79.96667
USC00466212	MORGANTOWNLOCK	19950110	9999	0	-44	NA	0	-44	251.5	39.61667	-79.96667
USC00466212	MORGANTOWNLOCK	19950111	9999	39	-17	NA	39	-17	251.5	39.61667	-79.96667
USC00466212	MORGANTOWNLOCK	19950112	9999	161	22	NA	161	22	251.5	39.61667	-79.96667
USC00466212	MORGANTOWNLOCK	19950113	9999	183	39	NA	183	39	251.5	39.61667	-79.96667
USC00466212	MORGANTOWNLOCK	19950114	9999	211	28	NA	211	28	251.5	39.61667	-79.96667
USC00466212	MORGANTOWNLOCK	19950115	9999	183	89	NA	183	89	251.5	39.61667	-79.96667
USC00466212	MORGANTOWNLOCK	19950116	9999	128	17	NA	128	17	251.5	39.61667	-79.96667
USC00466212	MORGANTOWNLOCK	19950117	9999	28	6	NA	28	6	251.5	39.61667	-79.96667
USC00466212	MORGANTOWNLOCK	19950118	9999	117	-11	NA	117	-11	251.5	39.61667	-79.96667
USC00466212	MORGANTOWNLOCK	19950119	9999	156	-11	NA	156	-11	251.5	39.61667	-79.96667
USC00466212	MORGANTOWNLOCK	19950120	9999	89	11	NA	89	11	251.5	39.61667	-79.96667
USC00466212	MORGANTOWNLOCK	19950121	9999	11	-33	NA	11	-33	251.5	39.61667	-79.96667
USC00466212	MORGANTOWNLOCK	19950122	9999	-28	-56	NA	-28	-56	251.5	39.61667	-79.96667
USC00466212	MORGANTOWNLOCK	19950123	9999	-22	-72	NA	-22	-72	251.5	39.61667	-79.96667
USC00466212	MORGANTOWNLOCK	19950124	9999	-22	-56	NA	-22	-56	251.5	39.61667	-79.96667
USC00466212	MORGANTOWNLOCK	19950125	9999	0	-78	NA	0	-78	251.5	39.61667	-79.96667
USC00466212	MORGANTOWNLOCK	19950126	9999	-33	-94	NA	-33	-94	251.5	39.61667	-79.96667
USC00466212	MORGANTOWNLOCK	19950127	9999	0	-111	NA	0	-111	251.5	39.61667	-79.96667
USC00466212	MORGANTOWNLOCK	19950128	9999	17	-28	NA	17	-28	251.5	39.61667	-79.96667
USC00466212	MORGANTOWNLOCK	19950129	9999	44	-78	NA	44	-78	251.5	39.61667	-79.96667
USC00466212	MORGANTOWNLOCK	19950130	9999	22	0	NA	22	0	251.5	39.61667	-79.96667
USC00466212	MORGANTOWNLOCK	19950131	9999	17	-56	NA	17	-56	251.5	39.61667	-79.96667
USC00466212	MORGANTOWNLOCK	19960101	9999	50	11	NA	50	11	251.5	39.61667	-79.96667
USC00466212	MORGANTOWNLOCK	19960102	9999	33	22	NA	33	22	251.5	39.61667	-79.96667
USC00466212	MORGANTOWNLOCK	19960103	9999	50	-61	NA	50	-61	251.5	39.61667	-79.96667
USC00466212	MORGANTOWNLOCK	19960104	9999	-44	-100	NA	-44	-100	251.5	39.61667	-79.96667
USC00466212	MORGANTOWNLOCK	19960105	9999	-33	-67	NA	-33	-67	251.5	39.61667	-79.96667
USC00466212	MORGANTOWNLOCK	19960106	9999	-22	-83	NA	-22	-83	251.5	39.61667	-79.96667
USC00466212	MORGANTOWNLOCK	19960107	9999	-44	-100	NA	-44	-100	251.5	39.61667	-79.96667
USC00466212	MORGANTOWNLOCK	19960108	9999	-67	-111	NA	-67	-111	251.5	39.61667	-79.96667
USC00466212	MORGANTOWNLOCK	19960109	9999	-44	-111	NA	-44	-111	251.5	39.61667	-79.96667
USC00466212	MORGANTOWNLOCK	19960110	9999	-33	-117	NA	-33	-117	251.5	39.61667	-79.96667
USC00466212	MORGANTOWNLOCK	19960111	9999	-50	-172	NA	-50	-172	251.5	39.61667	-79.96667
USC00466212	MORGANTOWNLOCK	19960112	9999	-22	-56	NA	-22	-56	251.5	39.61667	-79.96667
USC00466212	MORGANTOWNLOCK	19960113	9999	-17	-50	NA	-17	-50	251.5	39.61667	-79.96667
USC00466212	MORGANTOWNLOCK	19960114	9999	111	-11	NA	111	-11	251.5	39.61667	-79.96667
USC00466212	MORGANTOWNLOCK	19960115	9999	6	-67	NA	6	-67	251.5	39.61667	-79.96667
USC00466212	MORGANTOWNLOCK	19960116	9999	106	-78	NA	106	-78	251.5	39.61667	-79.96667
USC00466212	MORGANTOWNLOCK	19960117	9999	72	11	NA	72	11	251.5	39.61667	-79.96667
USC00466212	MORGANTOWNLOCK	19960118	9999	183	0	NA	183	0	251.5	39.61667	-79.96667
USC00466212	MORGANTOWNLOCK	19960119	9999	194	-100	NA	194	-100	251.5	39.61667	-79.96667
USC00466212	MORGANTOWNLOCK	19960120	9999	-33	-117	NA	-33	-117	251.5	39.61667	-79.96667
USC00466212	MORGANTOWNLOCK	19960121	9999	17	-72	NA	17	-72	251.5	39.61667	-79.96667
USC00466212	MORGANTOWNLOCK	19960122	9999	72	-72	NA	72	-72	251.5	39.61667	-79.96667
USC00466212	MORGANTOWNLOCK	19960123	9999	61	-17	NA	61	-17	251.5	39.61667	-79.96667
USC00466212	MORGANTOWNLOCK	19960124	9999	111	-17	NA	111	-17	251.5	39.61667	-79.96667
USC00466212	MORGANTOWNLOCK	19960125	9999	-11	-50	NA	-11	-50	251.5	39.61667	-79.96667
USC00466212	MORGANTOWNLOCK	19960126	9999	89	-72	NA	89	-72	251.5	39.61667	-79.96667
USC00466212	MORGANTOWNLOCK	19960127	9999	133	-22	NA	133	-22	251.5	39.61667	-79.96667
USC00466212	MORGANTOWNLOCK	19960128	9999	-6	-67	NA	-6	-67	251.5	39.61667	-79.96667
USC00466212	MORGANTOWNLOCK	19960129	9999	61	-39	NA	61	-39	251.5	39.61667	-79.96667
USC00466212	MORGANTOWNLOCK	19960130	9999	39	-11	NA	39	-11	251.5	39.61667	-79.96667
USC00466212	MORGANTOWNLOCK	19960131	9999	6	-94	NA	6	-94	251.5	39.61667	-79.96667
USC00466212	MORGANTOWNLOCK	19970101	9999	94	6	NA	94	6	251.5	39.61667	-79.96667
USC00466212	MORGANTOWNLOCK	19970102	9999	128	67	NA	128	67	251.5	39.61667	-79.96667
USC00466212	MORGANTOWNLOCK	19970103	9999	139	100	NA	139	100	251.5	39.61667	-79.96667
USC00466212	MORGANTOWNLOCK	19970104	9999	200	50	NA	200	50	251.5	39.61667	-79.96667
USC00466212	MORGANTOWNLOCK	19970105	9999	194	111	NA	194	111	251.5	39.61667	-79.96667
USC00466212	MORGANTOWNLOCK	19970106	9999	111	11	NA	111	11	251.5	39.61667	-79.96667
USC00466212	MORGANTOWNLOCK	19970107	9999	11	-33	NA	11	-33	251.5	39.61667	-79.96667
USC00466212	MORGANTOWNLOCK	19970108	9999	-17	-94	NA	-17	-94	251.5	39.61667	-79.96667
USC00466212	MORGANTOWNLOCK	19970109	9999	67	-33	NA	67	-33	251.5	39.61667	-79.96667
USC00466212	MORGANTOWNLOCK	19970110	9999	39	-39	NA	39	-39	251.5	39.61667	-79.96667
USC00466212	MORGANTOWNLOCK	19970111	9999	-39	-133	NA	-39	-133	251.5	39.61667	-79.96667
USC00466212	MORGANTOWNLOCK	19970112	9999	-89	-122	NA	-89	-122	251.5	39.61667	-79.96667
USC00466212	MORGANTOWNLOCK	19970113	9999	-72	-139	NA	-72	-139	251.5	39.61667	-79.96667
USC00466212	MORGANTOWNLOCK	19970114	9999	-33	-100	NA	-33	-100	251.5	39.61667	-79.96667
USC00466212	MORGANTOWNLOCK	19970115	9999	83	-117	NA	83	-117	251.5	39.61667	-79.96667
USC00466212	MORGANTOWNLOCK	19970116	9999	94	-83	NA	94	-83	251.5	39.61667	-79.96667
USC00466212	MORGANTOWNLOCK	19970117	9999	-83	-172	NA	-83	-172	251.5	39.61667	-79.96667
USC00466212	MORGANTOWNLOCK	19970118	9999	-122	-156	NA	-122	-156	251.5	39.61667	-79.96667
USC00466212	MORGANTOWNLOCK	19970119	9999	-28	-172	NA	-28	-172	251.5	39.61667	-79.96667
USC00466212	MORGANTOWNLOCK	19970120	9999	28	-61	NA	28	-61	251.5	39.61667	-79.96667
USC00466212	MORGANTOWNLOCK	19970121	9999	78	-67	NA	78	-67	251.5	39.61667	-79.96667
USC00466212	MORGANTOWNLOCK	19970122	9999	133	-17	NA	133	-17	251.5	39.61667	-79.96667
USC00466212	MORGANTOWNLOCK	19970123	9999	83	-11	NA	83	-11	251.5	39.61667	-79.96667
USC00466212	MORGANTOWNLOCK	19970124	9999	100	-28	NA	100	-28	251.5	39.61667	-79.96667
USC00466212	MORGANTOWNLOCK	19970125	9999	128	-11	NA	128	-11	251.5	39.61667	-79.96667
USC00466212	MORGANTOWNLOCK	19970126	9999	-11	-72	NA	-11	-72	251.5	39.61667	-79.96667
USC00466212	MORGANTOWNLOCK	19970127	9999	56	-33	NA	56	-33	251.5	39.61667	-79.96667
USC00466212	MORGANTOWNLOCK	19970128	9999	72	-17	NA	72	-17	251.5	39.61667	-79.96667
USC00466212	MORGANTOWNLOCK	19970129	9999	-6	-83	NA	-6	-83	251.5	39.61667	-79.96667
USC00466212	MORGANTOWNLOCK	19970130	9999	67	-78	NA	67	-78	251.5	39.61667	-79.96667
USC00466212	MORGANTOWNLOCK	19970131	9999	89	-28	NA	89	-28	251.5	39.61667	-79.96667
USC00466212	MORGANTOWNLOCK	19980101	9999	6	-144	NA	6	-144	251.5	39.61667	-79.96667
USC00466212	MORGANTOWNLOCK	19980102	9999	100	0	NA	100	0	251.5	39.61667	-79.96667
USC00466212	MORGANTOWNLOCK	19980103	9999	150	17	NA	150	17	251.5	39.61667	-79.96667
USC00466212	MORGANTOWNLOCK	19980104	9999	167	61	NA	167	61	251.5	39.61667	-79.96667
USC00466212	MORGANTOWNLOCK	19980105	9999	189	6	NA	189	6	251.5	39.61667	-79.96667
USC00466212	MORGANTOWNLOCK	19980106	9999	156	72	NA	156	72	251.5	39.61667	-79.96667
USC00466212	MORGANTOWNLOCK	19980107	9999	133	56	NA	133	56	251.5	39.61667	-79.96667
USC00466212	MORGANTOWNLOCK	19980108	9999	156	78	NA	156	78	251.5	39.61667	-79.96667
USC00466212	MORGANTOWNLOCK	19980109	9999	122	39	NA	122	39	251.5	39.61667	-79.96667
USC00466212	MORGANTOWNLOCK	19980110	9999	56	17	NA	56	17	251.5	39.61667	-79.96667
USC00466212	MORGANTOWNLOCK	19980111	9999	67	-17	NA	67	-17	251.5	39.61667	-79.96667
USC00466212	MORGANTOWNLOCK	19980112	9999	78	0	NA	78	0	251.5	39.61667	-79.96667
USC00466212	MORGANTOWNLOCK	19980113	9999	106	-17	NA	106	-17	251.5	39.61667	-79.96667
USC00466212	MORGANTOWNLOCK	19980114	9999	28	-78	NA	28	-78	251.5	39.61667	-79.96667
USC00466212	MORGANTOWNLOCK	19980115	9999	72	-22	NA	72	-22	251.5	39.61667	-79.96667
USC00466212	MORGANTOWNLOCK	19980116	9999	56	17	NA	56	17	251.5	39.61667	-79.96667
USC00466212	MORGANTOWNLOCK	19980117	9999	39	6	NA	39	6	251.5	39.61667	-79.96667
USC00466212	MORGANTOWNLOCK	19980118	9999	17	-11	NA	17	-11	251.5	39.61667	-79.96667
USC00466212	MORGANTOWNLOCK	19980119	9999	17	-17	NA	17	-17	251.5	39.61667	-79.96667
USC00466212	MORGANTOWNLOCK	19980120	9999	6	-39	NA	6	-39	251.5	39.61667	-79.96667
USC00466212	MORGANTOWNLOCK	19980121	9999	28	-61	NA	28	-61	251.5	39.61667	-79.96667
USC00466212	MORGANTOWNLOCK	19980122	9999	89	-22	NA	89	-22	251.5	39.61667	-79.96667
USC00466212	MORGANTOWNLOCK	19980123	9999	72	33	NA	72	33	251.5	39.61667	-79.96667
USC00466212	MORGANTOWNLOCK	19980124	9999	56	0	NA	56	0	251.5	39.61667	-79.96667
USC00466212	MORGANTOWNLOCK	19980125	9999	11	-17	NA	11	-17	251.5	39.61667	-79.96667
USC00466212	MORGANTOWNLOCK	19980126	9999	78	-39	NA	78	-39	251.5	39.61667	-79.96667
USC00466212	MORGANTOWNLOCK	19980127	9999	56	6	NA	56	6	251.5	39.61667	-79.96667
USC00466212	MORGANTOWNLOCK	19980128	9999	33	11	NA	33	11	251.5	39.61667	-79.96667
USC00466212	MORGANTOWNLOCK	19980129	9999	122	6	NA	122	6	251.5	39.61667	-79.96667
USC00466212	MORGANTOWNLOCK	19980130	9999	100	0	NA	100	0	251.5	39.61667	-79.96667
USC00466212	MORGANTOWNLOCK	19980131	9999	17	-6	NA	17	-6	251.5	39.61667	-79.96667
USC00466212	MORGANTOWNLOCK	19990101	9999	9999	9999	NA	NA	NA	251.5	39.61667	-79.96667
USC00466212	MORGANTOWNLOCK	19990102	9999	9999	9999	NA	NA	NA	251.5	39.61667	-79.96667
USC00466212	MORGANTOWNLOCK	19990103	9999	9999	9999	NA	NA	NA	251.5	39.61667	-79.96667
USC00466212	MORGANTOWNLOCK	19990104	9999	9999	9999	NA	NA	NA	251.5	39.61667	-79.96667
USC00466212	MORGANTOWNLOCK	19990105	9999	9999	9999	NA	NA	NA	251.5	39.61667	-79.96667
USC00466212	MORGANTOWNLOCK	19990106	9999	9999	9999	NA	NA	NA	251.5	39.61667	-79.96667
USC00466212	MORGANTOWNLOCK	19990107	9999	9999	9999	NA	NA	NA	251.5	39.61667	-79.96667
USC00466212	MORGANTOWNLOCK	19990108	9999	9999	9999	NA	NA	NA	251.5	39.61667	-79.96667
USC00466212	MORGANTOWNLOCK	19990109	9999	9999	9999	NA	NA	NA	251.5	39.61667	-79.96667
USC00466212	MORGANTOWNLOCK	19990110	9999	9999	9999	NA	NA	NA	251.5	39.61667	-79.96667
USC00466212	MORGANTOWNLOCK	19990111	9999	9999	9999	NA	NA	NA	251.5	39.61667	-79.96667
USC00466212	MORGANTOWNLOCK	19990112	9999	9999	9999	NA	NA	NA	251.5	39.61667	-79.96667
USC00466212	MORGANTOWNLOCK	19990114	9999	9999	9999	NA	NA	NA	251.5	39.61667	-79.96667
USC00466212	MORGANTOWNLOCK	19990115	9999	9999	9999	NA	NA	NA	251.5	39.61667	-79.96667
USC00466212	MORGANTOWNLOCK	19990116	9999	94	-61	NA	94	-61	251.5	39.61667	-79.96667
USC00466212	MORGANTOWNLOCK	19990117	9999	150	-22	NA	150	-22	251.5	39.61667	-79.96667
USC00466212	MORGANTOWNLOCK	19990118	9999	144	6	NA	144	6	251.5	39.61667	-79.96667
USC00466212	MORGANTOWNLOCK	19990119	9999	78	39	NA	78	39	251.5	39.61667	-79.96667
USC00466212	MORGANTOWNLOCK	19990120	9999	78	0	NA	78	0	251.5	39.61667	-79.96667
USC00466212	MORGANTOWNLOCK	19990121	9999	78	-6	NA	78	-6	251.5	39.61667	-79.96667
USC00466212	MORGANTOWNLOCK	19990122	9999	217	28	NA	217	28	251.5	39.61667	-79.96667
USC00466212	MORGANTOWNLOCK	19990123	9999	228	78	NA	228	78	251.5	39.61667	-79.96667
USC00466212	MORGANTOWNLOCK	19990124	9999	111	28	NA	111	28	251.5	39.61667	-79.96667
USC00466212	MORGANTOWNLOCK	19990125	9999	44	22	NA	44	22	251.5	39.61667	-79.96667
USC00466212	MORGANTOWNLOCK	19990126	9999	67	0	NA	67	0	251.5	39.61667	-79.96667
USC00466212	MORGANTOWNLOCK	19990127	9999	178	-28	NA	178	-28	251.5	39.61667	-79.96667
USC00466212	MORGANTOWNLOCK	19990128	9999	139	89	NA	139	89	251.5	39.61667	-79.96667
USC00466212	MORGANTOWNLOCK	19990129	9999	111	11	NA	111	11	251.5	39.61667	-79.96667
USC00466212	MORGANTOWNLOCK	19990130	9999	67	-50	NA	67	-50	251.5	39.61667	-79.96667
USC00466212	MORGANTOWNLOCK	19990131	9999	67	-33	NA	67	-33	251.5	39.61667	-79.96667
USC00466212	MORGANTOWNLOCK	20000101	9999	89	-56	NA	89	-56	251.5	39.61667	-79.96667
USC00466212	MORGANTOWNLOCK	20000102	9999	206	22	NA	206	22	251.5	39.61667	-79.96667
USC00466212	MORGANTOWNLOCK	20000103	9999	183	78	NA	183	78	251.5	39.61667	-79.96667
USC00466212	MORGANTOWNLOCK	20000104	9999	194	44	NA	194	44	251.5	39.61667	-79.96667
USC00466212	MORGANTOWNLOCK	20000105	9999	44	-11	NA	44	-11	251.5	39.61667	-79.96667
USC00466212	MORGANTOWNLOCK	20000106	9999	78	-67	NA	78	-67	251.5	39.61667	-79.96667
USC00466212	MORGANTOWNLOCK	20000107	9999	67	-28	NA	67	-28	251.5	39.61667	-79.96667
USC00466212	MORGANTOWNLOCK	20000108	9999	50	-72	NA	50	-72	251.5	39.61667	-79.96667
USC00466212	MORGANTOWNLOCK	20000109	9999	106	0	NA	106	0	251.5	39.61667	-79.96667
USC00466212	MORGANTOWNLOCK	20000110	9999	139	94	NA	139	94	251.5	39.61667	-79.96667
USC00466212	MORGANTOWNLOCK	20000111	9999	67	-50	NA	67	-50	251.5	39.61667	-79.96667
USC00466212	MORGANTOWNLOCK	20000112	9999	89	-28	NA	89	-28	251.5	39.61667	-79.96667
USC00466212	MORGANTOWNLOCK	20000113	9999	117	-22	NA	117	-22	251.5	39.61667	-79.96667
USC00466212	MORGANTOWNLOCK	20000114	9999	-22	-83	NA	-22	-83	251.5	39.61667	-79.96667
USC00466212	MORGANTOWNLOCK	20000115	9999	56	-94	NA	56	-94	251.5	39.61667	-79.96667
USC00466212	MORGANTOWNLOCK	20000116	9999	106	0	NA	106	0	251.5	39.61667	-79.96667
USC00466212	MORGANTOWNLOCK	20000117	9999	0	-111	NA	0	-111	251.5	39.61667	-79.96667
USC00466212	MORGANTOWNLOCK	20000118	9999	-33	-67	NA	-33	-67	251.5	39.61667	-79.96667
USC00466212	MORGANTOWNLOCK	20000119	9999	-6	-39	NA	-6	-39	251.5	39.61667	-79.96667
USC00466212	MORGANTOWNLOCK	20000120	9999	-17	-61	NA	-17	-61	251.5	39.61667	-79.96667
USC00466212	MORGANTOWNLOCK	20000121	9999	-56	-133	NA	-56	-133	251.5	39.61667	-79.96667
USC00466212	MORGANTOWNLOCK	20000122	9999	-67	-156	NA	-67	-156	251.5	39.61667	-79.96667
USC00466212	MORGANTOWNLOCK	20000123	9999	11	-156	NA	11	-156	251.5	39.61667	-79.96667
USC00466212	MORGANTOWNLOCK	20000124	9999	6	-44	NA	6	-44	251.5	39.61667	-79.96667
USC00466212	MORGANTOWNLOCK	20000125	9999	-44	-94	NA	-44	-94	251.5	39.61667	-79.96667
USC00466212	MORGANTOWNLOCK	20000126	9999	-39	-89	NA	-39	-89	251.5	39.61667	-79.96667
USC00466212	MORGANTOWNLOCK	20000127	9999	-61	-122	NA	-61	-122	251.5	39.61667	-79.96667
USC00466212	MORGANTOWNLOCK	20000128	9999	-50	-178	NA	-50	-178	251.5	39.61667	-79.96667
USC00466212	MORGANTOWNLOCK	20000129	9999	39	-156	NA	39	-156	251.5	39.61667	-79.96667
USC00466212	MORGANTOWNLOCK	20000130	9999	22	-6	NA	22	-6	251.5	39.61667	-79.96667
USC00466212	MORGANTOWNLOCK	20000131	9999	6	-50	NA	6	-50	251.5	39.61667	-79.96667
USC00466212	MORGANTOWNLOCK	20010101	9999	-33	-61	NA	-33	-61	251.5	39.61667	-79.96667
USC00466212	MORGANTOWNLOCK	20010102	9999	-39	-111	NA	-39	-111	251.5	39.61667	-79.96667
USC00466212	MORGANTOWNLOCK	20010103	9999	-44	-144	NA	-44	-144	251.5	39.61667	-79.96667
USC00466212	MORGANTOWNLOCK	20010104	9999	-28	-50	NA	-28	-50	251.5	39.61667	-79.96667
USC00466212	MORGANTOWNLOCK	20010105	9999	17	-33	NA	17	-33	251.5	39.61667	-79.96667
USC00466212	MORGANTOWNLOCK	20010106	9999	28	-11	NA	28	-11	251.5	39.61667	-79.96667
USC00466212	MORGANTOWNLOCK	20010107	9999	78	-33	NA	78	-33	251.5	39.61667	-79.96667
USC00466212	MORGANTOWNLOCK	20010108	9999	17	-39	NA	17	-39	251.5	39.61667	-79.96667
USC00466212	MORGANTOWNLOCK	20010109	9999	-17	-83	NA	-17	-83	251.5	39.61667	-79.96667
USC00466212	MORGANTOWNLOCK	20010110	9999	22	-72	NA	22	-72	251.5	39.61667	-79.96667
USC00466212	MORGANTOWNLOCK	20010111	9999	61	-72	NA	61	-72	251.5	39.61667	-79.96667
USC00466212	MORGANTOWNLOCK	20010112	9999	83	-50	NA	83	-50	251.5	39.61667	-79.96667
USC00466212	MORGANTOWNLOCK	20010113	9999	94	-61	NA	94	-61	251.5	39.61667	-79.96667
USC00466212	MORGANTOWNLOCK	20010114	9999	67	-44	NA	67	-44	251.5	39.61667	-79.96667
USC00466212	MORGANTOWNLOCK	20010115	9999	94	6	NA	94	6	251.5	39.61667	-79.96667
USC00466212	MORGANTOWNLOCK	20010116	9999	67	11	NA	67	11	251.5	39.61667	-79.96667
USC00466212	MORGANTOWNLOCK	20010117	9999	17	0	NA	17	0	251.5	39.61667	-79.96667
USC00466212	MORGANTOWNLOCK	20010118	9999	22	-17	NA	22	-17	251.5	39.61667	-79.96667
USC00466212	MORGANTOWNLOCK	20010119	9999	28	0	NA	28	0	251.5	39.61667	-79.96667
USC00466212	MORGANTOWNLOCK	20010120	9999	6	-33	NA	6	-33	251.5	39.61667	-79.96667
USC00466212	MORGANTOWNLOCK	20010121	9999	-33	-83	NA	-33	-83	251.5	39.61667	-79.96667
USC00466212	MORGANTOWNLOCK	20010122	9999	17	-117	NA	17	-117	251.5	39.61667	-79.96667
USC00466212	MORGANTOWNLOCK	20010123	9999	39	-122	NA	39	-122	251.5	39.61667	-79.96667
USC00466212	MORGANTOWNLOCK	20010124	9999	39	-72	NA	39	-72	251.5	39.61667	-79.96667
USC00466212	MORGANTOWNLOCK	20010125	9999	-6	-50	NA	-6	-50	251.5	39.61667	-79.96667
USC00466212	MORGANTOWNLOCK	20010126	9999	39	-128	NA	39	-128	251.5	39.61667	-79.96667
USC00466212	MORGANTOWNLOCK	20010127	9999	50	-22	NA	50	-22	251.5	39.61667	-79.96667
USC00466212	MORGANTOWNLOCK	20010128	9999	17	-78	NA	17	-78	251.5	39.61667	-79.96667
USC00466212	MORGANTOWNLOCK	20010129	9999	89	-39	NA	89	-39	251.5	39.61667	-79.96667
USC00466212	MORGANTOWNLOCK	20010130	9999	100	11	NA	100	11	251.5	39.61667	-79.96667
USC00466212	MORGANTOWNLOCK	20010131	9999	50	17	NA	50	17	251.5	39.61667	-79.96667
USC00466212	MORGANTOWNLOCK	20020101	9999	-39	-106	NA	-39	-106	251.5	39.61667	-79.96667
USC00466212	MORGANTOWNLOCK	20020102	9999	-11	-139	NA	-11	-139	251.5	39.61667	-79.96667
USC00466212	MORGANTOWNLOCK	20020103	9999	-6	-106	NA	-6	-106	251.5	39.61667	-79.96667
USC00466212	MORGANTOWNLOCK	20020104	9999	-6	9999	NA	-6	NA	251.5	39.61667	-79.96667
USC00466212	MORGANTOWNLOCK	20020105	9999	39	-50	NA	39	-50	251.5	39.61667	-79.96667
USC00466212	MORGANTOWNLOCK	20020106	9999	17	-33	NA	17	-33	251.5	39.61667	-79.96667
USC00466212	MORGANTOWNLOCK	20020107	9999	6	-50	NA	6	-50	251.5	39.61667	-79.96667
USC00466212	MORGANTOWNLOCK	20020108	9999	-28	-56	NA	-28	-56	251.5	39.61667	-79.96667
USC00466212	MORGANTOWNLOCK	20020109	9999	72	-61	NA	72	-61	251.5	39.61667	-79.96667
USC00466212	MORGANTOWNLOCK	20020110	9999	89	22	NA	89	22	251.5	39.61667	-79.96667
USC00466212	MORGANTOWNLOCK	20020111	9999	50	22	NA	50	22	251.5	39.61667	-79.96667
USC00466212	MORGANTOWNLOCK	20020112	9999	83	-11	NA	83	-11	251.5	39.61667	-79.96667
USC00466212	MORGANTOWNLOCK	20020113	9999	50	0	NA	50	0	251.5	39.61667	-79.96667
USC00466212	MORGANTOWNLOCK	20020114	9999	117	-33	NA	117	-33	251.5	39.61667	-79.96667
USC00466212	MORGANTOWNLOCK	20020115	9999	94	17	NA	94	17	251.5	39.61667	-79.96667
USC00466212	MORGANTOWNLOCK	20020116	9999	28	-6	NA	28	-6	251.5	39.61667	-79.96667
USC00466212	MORGANTOWNLOCK	20020117	9999	67	-6	NA	67	-6	251.5	39.61667	-79.96667
USC00466212	MORGANTOWNLOCK	20020118	9999	22	-28	NA	22	-28	251.5	39.61667	-79.96667
USC00466212	MORGANTOWNLOCK	20020119	9999	22	-39	NA	22	-39	251.5	39.61667	-79.96667
USC00466212	MORGANTOWNLOCK	20020120	9999	6	-56	NA	6	-56	251.5	39.61667	-79.96667
USC00466212	MORGANTOWNLOCK	20020121	9999	61	-56	NA	61	-56	251.5	39.61667	-79.96667
USC00466212	MORGANTOWNLOCK	20020122	9999	100	-33	NA	100	-33	251.5	39.61667	-79.96667
USC00466212	MORGANTOWNLOCK	20020123	9999	139	6	NA	139	6	251.5	39.61667	-79.96667
USC00466212	MORGANTOWNLOCK	20020124	9999	128	67	NA	128	67	251.5	39.61667	-79.96667
USC00466212	MORGANTOWNLOCK	20020125	9999	67	-28	NA	67	-28	251.5	39.61667	-79.96667
USC00466212	MORGANTOWNLOCK	20020126	9999	106	-28	NA	106	-28	251.5	39.61667	-79.96667
USC00466212	MORGANTOWNLOCK	20020127	9999	144	-22	NA	144	-22	251.5	39.61667	-79.96667
USC00466212	MORGANTOWNLOCK	20020128	9999	172	-11	NA	172	-11	251.5	39.61667	-79.96667
USC00466212	MORGANTOWNLOCK	20020129	9999	183	39	NA	183	39	251.5	39.61667	-79.96667
USC00466212	MORGANTOWNLOCK	20020130	9999	172	78	NA	172	78	251.5	39.61667	-79.96667
USC00466212	MORGANTOWNLOCK	20020131	9999	228	56	NA	228	56	251.5	39.61667	-79.96667
USC00466212	MORGANTOWNLOCK	20030101	9999	100	61	NA	100	61	251.5	39.61667	-79.96667
USC00466212	MORGANTOWNLOCK	20030102	9999	67	17	NA	67	17	251.5	39.61667	-79.96667
USC00466212	MORGANTOWNLOCK	20030103	9999	44	-6	NA	44	-6	251.5	39.61667	-79.96667
USC00466212	MORGANTOWNLOCK	20030104	9999	-6	-33	NA	-6	-33	251.5	39.61667	-79.96667
USC00466212	MORGANTOWNLOCK	20030105	9999	0	-22	NA	0	-22	251.5	39.61667	-79.96667
USC00466212	MORGANTOWNLOCK	20030106	9999	0	-33	NA	0	-33	251.5	39.61667	-79.96667
USC00466212	MORGANTOWNLOCK	20030107	9999	0	-100	NA	0	-100	251.5	39.61667	-79.96667
USC00466212	MORGANTOWNLOCK	20030108	9999	44	-6	NA	44	-6	251.5	39.61667	-79.96667
USC00466212	MORGANTOWNLOCK	20030109	9999	106	17	NA	106	17	251.5	39.61667	-79.96667
USC00466212	MORGANTOWNLOCK	20030110	9999	67	-17	NA	67	-17	251.5	39.61667	-79.96667
USC00466212	MORGANTOWNLOCK	20030111	9999	-6	-83	NA	-6	-83	251.5	39.61667	-79.96667
USC00466212	MORGANTOWNLOCK	20030112	9999	-28	-94	NA	-28	-94	251.5	39.61667	-79.96667
USC00466212	MORGANTOWNLOCK	20030113	9999	11	-72	NA	11	-72	251.5	39.61667	-79.96667
USC00466212	MORGANTOWNLOCK	20030114	9999	-6	-72	NA	-6	-72	251.5	39.61667	-79.96667
USC00466212	MORGANTOWNLOCK	20030115	9999	-44	-89	NA	-44	-89	251.5	39.61667	-79.96667
USC00466212	MORGANTOWNLOCK	20030116	9999	-39	-144	NA	-39	-144	251.5	39.61667	-79.96667
USC00466212	MORGANTOWNLOCK	20030117	9999	-44	-83	NA	-44	-83	251.5	39.61667	-79.96667
USC00466212	MORGANTOWNLOCK	20030118	9999	-56	-172	NA	-56	-172	251.5	39.61667	-79.96667
USC00466212	MORGANTOWNLOCK	20030119	9999	-44	-106	NA	-44	-106	251.5	39.61667	-79.96667
USC00466212	MORGANTOWNLOCK	20030120	9999	-11	-50	NA	-11	-50	251.5	39.61667	-79.96667
USC00466212	MORGANTOWNLOCK	20030121	9999	-56	-78	NA	-56	-78	251.5	39.61667	-79.96667
USC00466212	MORGANTOWNLOCK	20030122	9999	-72	-189	NA	-72	-189	251.5	39.61667	-79.96667
USC00466212	MORGANTOWNLOCK	20030123	9999	-94	-144	NA	-94	-144	251.5	39.61667	-79.96667
USC00466212	MORGANTOWNLOCK	20030124	9999	-78	-122	NA	-78	-122	251.5	39.61667	-79.96667
USC00466212	MORGANTOWNLOCK	20030125	9999	-28	-117	NA	-28	-117	251.5	39.61667	-79.96667
USC00466212	MORGANTOWNLOCK	20030126	9999	-17	-72	NA	-17	-72	251.5	39.61667	-79.96667
USC00466212	MORGANTOWNLOCK	20030127	9999	-67	-183	NA	-67	-183	251.5	39.61667	-79.96667
USC00466212	MORGANTOWNLOCK	20030128	9999	22	-144	NA	22	-144	251.5	39.61667	-79.96667
USC00466212	MORGANTOWNLOCK	20030129	9999	11	-6	NA	11	-6	251.5	39.61667	-79.96667
USC00466212	MORGANTOWNLOCK	20030130	9999	39	-39	NA	39	-39	251.5	39.61667	-79.96667
USC00466212	MORGANTOWNLOCK	20030131	9999	50	-11	NA	50	-11	251.5	39.61667	-79.96667
USC00466212	MORGANTOWNLOCK	20040101	9999	106	-33	NA	106	-33	251.5	39.61667	-79.96667
USC00466212	MORGANTOWNLOCK	20040102	9999	128	44	NA	128	44	251.5	39.61667	-79.96667
USC00466212	MORGANTOWNLOCK	20040103	9999	189	72	NA	189	72	251.5	39.61667	-79.96667
USC00466212	MORGANTOWNLOCK	20040104	9999	178	50	NA	178	50	251.5	39.61667	-79.96667
USC00466212	MORGANTOWNLOCK	20040105	9999	111	11	NA	111	11	251.5	39.61667	-79.96667
USC00466212	MORGANTOWNLOCK	20040106	9999	11	-78	NA	11	-78	251.5	39.61667	-79.96667
USC00466212	MORGANTOWNLOCK	20040107	9999	-50	-94	NA	-50	-94	251.5	39.61667	-79.96667
USC00466212	MORGANTOWNLOCK	20040108	9999	-11	-78	NA	-11	-78	251.5	39.61667	-79.96667
USC00466212	MORGANTOWNLOCK	20040109	9999	-22	-56	NA	-22	-56	251.5	39.61667	-79.96667
USC00466212	MORGANTOWNLOCK	20040110	9999	-56	-150	NA	-56	-150	251.5	39.61667	-79.96667
USC00466212	MORGANTOWNLOCK	20040111	9999	6	-144	NA	6	-144	251.5	39.61667	-79.96667
USC00466212	MORGANTOWNLOCK	20040112	9999	50	6	NA	50	6	251.5	39.61667	-79.96667
USC00466212	MORGANTOWNLOCK	20040113	9999	28	-39	NA	28	-39	251.5	39.61667	-79.96667
USC00466212	MORGANTOWNLOCK	20040114	9999	22	-44	NA	22	-44	251.5	39.61667	-79.96667
USC00466212	MORGANTOWNLOCK	20040115	9999	44	-67	NA	44	-67	251.5	39.61667	-79.96667
USC00466212	MORGANTOWNLOCK	20040116	9999	-50	-133	NA	-50	-133	251.5	39.61667	-79.96667
USC00466212	MORGANTOWNLOCK	20040117	9999	-17	-117	NA	-17	-117	251.5	39.61667	-79.96667
USC00466212	MORGANTOWNLOCK	20040118	9999	33	-33	NA	33	-33	251.5	39.61667	-79.96667
USC00466212	MORGANTOWNLOCK	20040119	9999	-33	-89	NA	-33	-89	251.5	39.61667	-79.96667
USC00466212	MORGANTOWNLOCK	20040120	9999	-56	-100	NA	-56	-100	251.5	39.61667	-79.96667
USC00466212	MORGANTOWNLOCK	20040121	9999	-50	-144	NA	-50	-144	251.5	39.61667	-79.96667
USC00466212	MORGANTOWNLOCK	20040122	9999	11	-61	NA	11	-61	251.5	39.61667	-79.96667
USC00466212	MORGANTOWNLOCK	20040123	9999	-67	-144	NA	-67	-144	251.5	39.61667	-79.96667
USC00466212	MORGANTOWNLOCK	20040124	9999	-50	-144	NA	-50	-144	251.5	39.61667	-79.96667
USC00466212	MORGANTOWNLOCK	20040125	9999	-67	-178	NA	-67	-178	251.5	39.61667	-79.96667
USC00466212	MORGANTOWNLOCK	20040126	9999	6	-89	NA	6	-89	251.5	39.61667	-79.96667
USC00466212	MORGANTOWNLOCK	20040127	9999	22	-89	NA	22	-89	251.5	39.61667	-79.96667
USC00466212	MORGANTOWNLOCK	20040128	9999	-17	-83	NA	-17	-83	251.5	39.61667	-79.96667
USC00466212	MORGANTOWNLOCK	20040129	9999	-33	-72	NA	-33	-72	251.5	39.61667	-79.96667
USC00466212	MORGANTOWNLOCK	20040130	9999	-78	-106	NA	-78	-106	251.5	39.61667	-79.96667
USC00466212	MORGANTOWNLOCK	20040131	9999	-78	-178	NA	-78	-178	251.5	39.61667	-79.96667
