STATION	NAME	DATE	SNWD	TMAX	TMIN	SNWD2	TMAX2	TMIN2	ELEV	LAT	LONG
USC00366151	NATRONA	19950101	0	9999	9999	0	NA	NA	231.6	40.6141	-79.7193
USC00366151	NATRONA	19950102	0	9999	9999	0	NA	NA	231.6	40.6141	-79.7193
USC00366151	NATRONA	19950103	0	9999	9999	0	NA	NA	231.6	40.6141	-79.7193
USC00366151	NATRONA	19950104	0	9999	9999	0	NA	NA	231.6	40.6141	-79.7193
USC00366151	NATRONA	19950105	0	9999	9999	0	NA	NA	231.6	40.6141	-79.7193
USC00366151	NATRONA	19950106	0	9999	9999	0	NA	NA	231.6	40.6141	-79.7193
USC00366151	NATRONA	19950107	0	9999	9999	0	NA	NA	231.6	40.6141	-79.7193
USC00366151	NATRONA	19950108	0	9999	9999	0	NA	NA	231.6	40.6141	-79.7193
USC00366151	NATRONA	19950109	0	9999	9999	0	NA	NA	231.6	40.6141	-79.7193
USC00366151	NATRONA	19950110	0	9999	9999	0	NA	NA	231.6	40.6141	-79.7193
USC00366151	NATRONA	19950111	0	9999	9999	0	NA	NA	231.6	40.6141	-79.7193
USC00366151	NATRONA	19950112	0	9999	9999	0	NA	NA	231.6	40.6141	-79.7193
USC00366151	NATRONA	19950113	0	9999	9999	0	NA	NA	231.6	40.6141	-79.7193
USC00366151	NATRONA	19950114	0	9999	9999	0	NA	NA	231.6	40.6141	-79.7193
USC00366151	NATRONA	19950115	0	9999	9999	0	NA	NA	231.6	40.6141	-79.7193
USC00366151	NATRONA	19950116	0	9999	9999	0	NA	NA	231.6	40.6141	-79.7193
USC00366151	NATRONA	19950117	0	9999	9999	0	NA	NA	231.6	40.6141	-79.7193
USC00366151	NATRONA	19950118	0	9999	9999	0	NA	NA	231.6	40.6141	-79.7193
USC00366151	NATRONA	19950119	0	9999	9999	0	NA	NA	231.6	40.6141	-79.7193
USC00366151	NATRONA	19950120	0	9999	9999	0	NA	NA	231.6	40.6141	-79.7193
USC00366151	NATRONA	19950121	0	9999	9999	0	NA	NA	231.6	40.6141	-79.7193
USC00366151	NATRONA	19950122	51	9999	9999	51	NA	NA	231.6	40.6141	-79.7193
USC00366151	NATRONA	19950123	51	9999	9999	51	NA	NA	231.6	40.6141	-79.7193
USC00366151	NATRONA	19950124	51	9999	9999	51	NA	NA	231.6	40.6141	-79.7193
USC00366151	NATRONA	19950125	51	9999	9999	51	NA	NA	231.6	40.6141	-79.7193
USC00366151	NATRONA	19950126	51	9999	9999	51	NA	NA	231.6	40.6141	-79.7193
USC00366151	NATRONA	19950127	51	9999	9999	51	NA	NA	231.6	40.6141	-79.7193
USC00366151	NATRONA	19950128	0	9999	9999	0	NA	NA	231.6	40.6141	-79.7193
USC00366151	NATRONA	19950129	0	9999	9999	0	NA	NA	231.6	40.6141	-79.7193
USC00366151	NATRONA	19950130	0	9999	9999	0	NA	NA	231.6	40.6141	-79.7193
USC00366151	NATRONA	19950131	0	9999	9999	0	NA	NA	231.6	40.6141	-79.7193
USC00366151	NATRONA	19960101	76	9999	9999	76	NA	NA	231.6	40.6141	-79.7193
USC00366151	NATRONA	19960102	76	9999	9999	76	NA	NA	231.6	40.6141	-79.7193
USC00366151	NATRONA	19960103	76	9999	9999	76	NA	NA	231.6	40.6141	-79.7193
USC00366151	NATRONA	19960104	76	9999	9999	76	NA	NA	231.6	40.6141	-79.7193
USC00366151	NATRONA	19960105	76	9999	9999	76	NA	NA	231.6	40.6141	-79.7193
USC00366151	NATRONA	19960106	76	9999	9999	76	NA	NA	231.6	40.6141	-79.7193
USC00366151	NATRONA	19960107	152	9999	9999	152	NA	NA	231.6	40.6141	-79.7193
USC00366151	NATRONA	19960108	254	9999	9999	254	NA	NA	231.6	40.6141	-79.7193
USC00366151	NATRONA	19960109	254	9999	9999	254	NA	NA	231.6	40.6141	-79.7193
USC00366151	NATRONA	19960110	279	9999	9999	279	NA	NA	231.6	40.6141	-79.7193
USC00366151	NATRONA	19960111	279	9999	9999	279	NA	NA	231.6	40.6141	-79.7193
USC00366151	NATRONA	19960112	279	9999	9999	279	NA	NA	231.6	40.6141	-79.7193
USC00366151	NATRONA	19960113	279	9999	9999	279	NA	NA	231.6	40.6141	-79.7193
USC00366151	NATRONA	19960114	229	9999	9999	229	NA	NA	231.6	40.6141	-79.7193
USC00366151	NATRONA	19960115	178	9999	9999	178	NA	NA	231.6	40.6141	-79.7193
USC00366151	NATRONA	19960116	152	9999	9999	152	NA	NA	231.6	40.6141	-79.7193
USC00366151	NATRONA	19960117	102	9999	9999	102	NA	NA	231.6	40.6141	-79.7193
USC00366151	NATRONA	19960118	76	9999	9999	76	NA	NA	231.6	40.6141	-79.7193
USC00366151	NATRONA	19960119	25	9999	9999	25	NA	NA	231.6	40.6141	-79.7193
USC00366151	NATRONA	19960120	0	9999	9999	0	NA	NA	231.6	40.6141	-79.7193
USC00366151	NATRONA	19960121	0	9999	9999	0	NA	NA	231.6	40.6141	-79.7193
USC00366151	NATRONA	19960122	0	9999	9999	0	NA	NA	231.6	40.6141	-79.7193
USC00366151	NATRONA	19960123	0	9999	9999	0	NA	NA	231.6	40.6141	-79.7193
USC00366151	NATRONA	19960124	0	9999	9999	0	NA	NA	231.6	40.6141	-79.7193
USC00366151	NATRONA	19960125	25	9999	9999	25	NA	NA	231.6	40.6141	-79.7193
USC00366151	NATRONA	19960126	51	9999	9999	51	NA	NA	231.6	40.6141	-79.7193
USC00366151	NATRONA	19960127	9999	9999	9999	NA	NA	NA	231.6	40.6141	-79.7193
USC00366151	NATRONA	19960128	0	9999	9999	0	NA	NA	231.6	40.6141	-79.7193
USC00366151	NATRONA	19960129	0	9999	9999	0	NA	NA	231.6	40.6141	-79.7193
USC00366151	NATRONA	19960130	0	9999	9999	0	NA	NA	231.6	40.6141	-79.7193
USC00366151	NATRONA	19960131	25	9999	9999	25	NA	NA	231.6	40.6141	-79.7193
USC00366151	NATRONA	19970101	0	9999	9999	0	NA	NA	231.6	40.6141	-79.7193
USC00366151	NATRONA	19970102	0	9999	9999	0	NA	NA	231.6	40.6141	-79.7193
USC00366151	NATRONA	19970103	0	9999	9999	0	NA	NA	231.6	40.6141	-79.7193
USC00366151	NATRONA	19970104	0	9999	9999	0	NA	NA	231.6	40.6141	-79.7193
USC00366151	NATRONA	19970105	0	9999	9999	0	NA	NA	231.6	40.6141	-79.7193
USC00366151	NATRONA	19970106	0	9999	9999	0	NA	NA	231.6	40.6141	-79.7193
USC00366151	NATRONA	19970107	0	9999	9999	0	NA	NA	231.6	40.6141	-79.7193
USC00366151	NATRONA	19970108	0	9999	9999	0	NA	NA	231.6	40.6141	-79.7193
USC00366151	NATRONA	19970109	0	9999	9999	0	NA	NA	231.6	40.6141	-79.7193
USC00366151	NATRONA	19970110	51	9999	9999	51	NA	NA	231.6	40.6141	-79.7193
USC00366151	NATRONA	19970111	51	9999	9999	51	NA	NA	231.6	40.6141	-79.7193
USC00366151	NATRONA	19970112	51	9999	9999	51	NA	NA	231.6	40.6141	-79.7193
USC00366151	NATRONA	19970113	51	9999	9999	51	NA	NA	231.6	40.6141	-79.7193
USC00366151	NATRONA	19970114	51	9999	9999	51	NA	NA	231.6	40.6141	-79.7193
USC00366151	NATRONA	19970115	25	9999	9999	25	NA	NA	231.6	40.6141	-79.7193
USC00366151	NATRONA	19970116	25	9999	9999	25	NA	NA	231.6	40.6141	-79.7193
USC00366151	NATRONA	19970117	25	9999	9999	25	NA	NA	231.6	40.6141	-79.7193
USC00366151	NATRONA	19970118	25	9999	9999	25	NA	NA	231.6	40.6141	-79.7193
USC00366151	NATRONA	19970119	25	9999	9999	25	NA	NA	231.6	40.6141	-79.7193
USC00366151	NATRONA	19970120	25	9999	9999	25	NA	NA	231.6	40.6141	-79.7193
USC00366151	NATRONA	19970121	25	9999	9999	25	NA	NA	231.6	40.6141	-79.7193
USC00366151	NATRONA	19970122	0	9999	9999	0	NA	NA	231.6	40.6141	-79.7193
USC00366151	NATRONA	19970123	0	9999	9999	0	NA	NA	231.6	40.6141	-79.7193
USC00366151	NATRONA	19970124	0	9999	9999	0	NA	NA	231.6	40.6141	-79.7193
USC00366151	NATRONA	19970125	0	9999	9999	0	NA	NA	231.6	40.6141	-79.7193
USC00366151	NATRONA	19970126	25	9999	9999	25	NA	NA	231.6	40.6141	-79.7193
USC00366151	NATRONA	19970127	0	9999	9999	0	NA	NA	231.6	40.6141	-79.7193
USC00366151	NATRONA	19970128	0	9999	9999	0	NA	NA	231.6	40.6141	-79.7193
USC00366151	NATRONA	19970129	0	9999	9999	0	NA	NA	231.6	40.6141	-79.7193
USC00366151	NATRONA	19970130	0	9999	9999	0	NA	NA	231.6	40.6141	-79.7193
USC00366151	NATRONA	19970131	0	9999	9999	0	NA	NA	231.6	40.6141	-79.7193
USC00366151	NATRONA	19980101	76	9999	9999	76	NA	NA	231.6	40.6141	-79.7193
USC00366151	NATRONA	19980102	9999	9999	9999	NA	NA	NA	231.6	40.6141	-79.7193
USC00366151	NATRONA	19980103	9999	9999	9999	NA	NA	NA	231.6	40.6141	-79.7193
USC00366151	NATRONA	19980104	9999	9999	9999	NA	NA	NA	231.6	40.6141	-79.7193
USC00366151	NATRONA	19980105	0	9999	9999	0	NA	NA	231.6	40.6141	-79.7193
USC00366151	NATRONA	19980106	0	9999	9999	0	NA	NA	231.6	40.6141	-79.7193
USC00366151	NATRONA	19980107	0	9999	9999	0	NA	NA	231.6	40.6141	-79.7193
USC00366151	NATRONA	19980108	0	9999	9999	0	NA	NA	231.6	40.6141	-79.7193
USC00366151	NATRONA	19980109	0	9999	9999	0	NA	NA	231.6	40.6141	-79.7193
USC00366151	NATRONA	19980110	0	9999	9999	0	NA	NA	231.6	40.6141	-79.7193
USC00366151	NATRONA	19980111	0	9999	9999	0	NA	NA	231.6	40.6141	-79.7193
USC00366151	NATRONA	19980112	0	9999	9999	0	NA	NA	231.6	40.6141	-79.7193
USC00366151	NATRONA	19980113	0	9999	9999	0	NA	NA	231.6	40.6141	-79.7193
USC00366151	NATRONA	19980114	0	9999	9999	0	NA	NA	231.6	40.6141	-79.7193
USC00366151	NATRONA	19980115	0	9999	9999	0	NA	NA	231.6	40.6141	-79.7193
USC00366151	NATRONA	19980116	0	9999	9999	0	NA	NA	231.6	40.6141	-79.7193
USC00366151	NATRONA	19980117	0	9999	9999	0	NA	NA	231.6	40.6141	-79.7193
USC00366151	NATRONA	19980118	0	9999	9999	0	NA	NA	231.6	40.6141	-79.7193
USC00366151	NATRONA	19980119	0	9999	9999	0	NA	NA	231.6	40.6141	-79.7193
USC00366151	NATRONA	19980120	0	9999	9999	0	NA	NA	231.6	40.6141	-79.7193
USC00366151	NATRONA	19980121	0	9999	9999	0	NA	NA	231.6	40.6141	-79.7193
USC00366151	NATRONA	19980122	0	9999	9999	0	NA	NA	231.6	40.6141	-79.7193
USC00366151	NATRONA	19980123	0	9999	9999	0	NA	NA	231.6	40.6141	-79.7193
USC00366151	NATRONA	19980124	0	9999	9999	0	NA	NA	231.6	40.6141	-79.7193
USC00366151	NATRONA	19980125	0	9999	9999	0	NA	NA	231.6	40.6141	-79.7193
USC00366151	NATRONA	19980126	0	9999	9999	0	NA	NA	231.6	40.6141	-79.7193
USC00366151	NATRONA	19980127	0	9999	9999	0	NA	NA	231.6	40.6141	-79.7193
USC00366151	NATRONA	19980128	0	9999	9999	0	NA	NA	231.6	40.6141	-79.7193
USC00366151	NATRONA	19980129	0	9999	9999	0	NA	NA	231.6	40.6141	-79.7193
USC00366151	NATRONA	19980130	0	9999	9999	0	NA	NA	231.6	40.6141	-79.7193
USC00366151	NATRONA	19980131	0	9999	9999	0	NA	NA	231.6	40.6141	-79.7193
USC00366151	NATRONA	19990101	25	9999	9999	25	NA	NA	231.6	40.6141	-79.7193
USC00366151	NATRONA	19990102	25	9999	9999	25	NA	NA	231.6	40.6141	-79.7193
USC00366151	NATRONA	19990103	76	9999	9999	76	NA	NA	231.6	40.6141	-79.7193
USC00366151	NATRONA	19990104	76	9999	9999	76	NA	NA	231.6	40.6141	-79.7193
USC00366151	NATRONA	19990105	76	9999	9999	76	NA	NA	231.6	40.6141	-79.7193
USC00366151	NATRONA	19990106	76	9999	9999	76	NA	NA	231.6	40.6141	-79.7193
USC00366151	NATRONA	19990107	127	9999	9999	127	NA	NA	231.6	40.6141	-79.7193
USC00366151	NATRONA	19990108	127	9999	9999	127	NA	NA	231.6	40.6141	-79.7193
USC00366151	NATRONA	19990109	76	9999	9999	76	NA	NA	231.6	40.6141	-79.7193
USC00366151	NATRONA	19990110	102	9999	9999	102	NA	NA	231.6	40.6141	-79.7193
USC00366151	NATRONA	19990111	102	9999	9999	102	NA	NA	231.6	40.6141	-79.7193
USC00366151	NATRONA	19990112	102	9999	9999	102	NA	NA	231.6	40.6141	-79.7193
USC00366151	NATRONA	19990113	51	9999	9999	51	NA	NA	231.6	40.6141	-79.7193
USC00366151	NATRONA	19990114	51	9999	9999	51	NA	NA	231.6	40.6141	-79.7193
USC00366151	NATRONA	19990115	76	9999	9999	76	NA	NA	231.6	40.6141	-79.7193
USC00366151	NATRONA	19990116	102	9999	9999	102	NA	NA	231.6	40.6141	-79.7193
USC00366151	NATRONA	19990117	76	9999	9999	76	NA	NA	231.6	40.6141	-79.7193
USC00366151	NATRONA	19990118	51	9999	9999	51	NA	NA	231.6	40.6141	-79.7193
USC00366151	NATRONA	19990119	51	9999	9999	51	NA	NA	231.6	40.6141	-79.7193
USC00366151	NATRONA	19990120	25	9999	9999	25	NA	NA	231.6	40.6141	-79.7193
USC00366151	NATRONA	19990121	25	9999	9999	25	NA	NA	231.6	40.6141	-79.7193
USC00366151	NATRONA	19990122	9999	9999	9999	NA	NA	NA	231.6	40.6141	-79.7193
USC00366151	NATRONA	19990123	9999	9999	9999	NA	NA	NA	231.6	40.6141	-79.7193
USC00366151	NATRONA	19990124	0	9999	9999	0	NA	NA	231.6	40.6141	-79.7193
USC00366151	NATRONA	19990125	0	9999	9999	0	NA	NA	231.6	40.6141	-79.7193
USC00366151	NATRONA	19990126	0	9999	9999	0	NA	NA	231.6	40.6141	-79.7193
USC00366151	NATRONA	19990127	0	9999	9999	0	NA	NA	231.6	40.6141	-79.7193
USC00366151	NATRONA	19990128	0	9999	9999	0	NA	NA	231.6	40.6141	-79.7193
USC00366151	NATRONA	19990129	0	9999	9999	0	NA	NA	231.6	40.6141	-79.7193
USC00366151	NATRONA	19990130	0	9999	9999	0	NA	NA	231.6	40.6141	-79.7193
USC00366151	NATRONA	19990131	0	9999	9999	0	NA	NA	231.6	40.6141	-79.7193
USC00366151	NATRONA	20000101	0	9999	9999	0	NA	NA	231.6	40.6141	-79.7193
USC00366151	NATRONA	20000102	0	9999	9999	0	NA	NA	231.6	40.6141	-79.7193
USC00366151	NATRONA	20000103	0	9999	9999	0	NA	NA	231.6	40.6141	-79.7193
USC00366151	NATRONA	20000104	0	9999	9999	0	NA	NA	231.6	40.6141	-79.7193
USC00366151	NATRONA	20000105	0	9999	9999	0	NA	NA	231.6	40.6141	-79.7193
USC00366151	NATRONA	20000106	0	9999	9999	0	NA	NA	231.6	40.6141	-79.7193
USC00366151	NATRONA	20000107	0	9999	9999	0	NA	NA	231.6	40.6141	-79.7193
USC00366151	NATRONA	20000108	0	9999	9999	0	NA	NA	231.6	40.6141	-79.7193
USC00366151	NATRONA	20000109	0	9999	9999	0	NA	NA	231.6	40.6141	-79.7193
USC00366151	NATRONA	20000110	0	9999	9999	0	NA	NA	231.6	40.6141	-79.7193
USC00366151	NATRONA	20000111	0	9999	9999	0	NA	NA	231.6	40.6141	-79.7193
USC00366151	NATRONA	20000112	0	9999	9999	0	NA	NA	231.6	40.6141	-79.7193
USC00366151	NATRONA	20000113	0	9999	9999	0	NA	NA	231.6	40.6141	-79.7193
USC00366151	NATRONA	20000114	0	9999	9999	0	NA	NA	231.6	40.6141	-79.7193
USC00366151	NATRONA	20000115	0	9999	9999	0	NA	NA	231.6	40.6141	-79.7193
USC00366151	NATRONA	20000116	0	9999	9999	0	NA	NA	231.6	40.6141	-79.7193
USC00366151	NATRONA	20000117	0	9999	9999	0	NA	NA	231.6	40.6141	-79.7193
USC00366151	NATRONA	20000118	0	9999	9999	0	NA	NA	231.6	40.6141	-79.7193
USC00366151	NATRONA	20000119	25	9999	9999	25	NA	NA	231.6	40.6141	-79.7193
USC00366151	NATRONA	20000120	76	9999	9999	76	NA	NA	231.6	40.6141	-79.7193
USC00366151	NATRONA	20000121	102	9999	9999	102	NA	NA	231.6	40.6141	-79.7193
USC00366151	NATRONA	20000122	102	9999	9999	102	NA	NA	231.6	40.6141	-79.7193
USC00366151	NATRONA	20000123	102	9999	9999	102	NA	NA	231.6	40.6141	-79.7193
USC00366151	NATRONA	20000124	76	9999	9999	76	NA	NA	231.6	40.6141	-79.7193
USC00366151	NATRONA	20000125	76	9999	9999	76	NA	NA	231.6	40.6141	-79.7193
USC00366151	NATRONA	20000126	76	9999	9999	76	NA	NA	231.6	40.6141	-79.7193
USC00366151	NATRONA	20000127	76	9999	9999	76	NA	NA	231.6	40.6141	-79.7193
USC00366151	NATRONA	20000128	76	9999	9999	76	NA	NA	231.6	40.6141	-79.7193
USC00366151	NATRONA	20000129	76	9999	9999	76	NA	NA	231.6	40.6141	-79.7193
USC00366151	NATRONA	20000130	76	9999	9999	76	NA	NA	231.6	40.6141	-79.7193
USC00366151	NATRONA	20000131	102	9999	9999	102	NA	NA	231.6	40.6141	-79.7193
USC00366151	NATRONA	20010101	51	9999	9999	51	NA	NA	231.6	40.6141	-79.7193
USC00366151	NATRONA	20010102	51	9999	9999	51	NA	NA	231.6	40.6141	-79.7193
USC00366151	NATRONA	20010103	51	9999	9999	51	NA	NA	231.6	40.6141	-79.7193
USC00366151	NATRONA	20010104	76	9999	9999	76	NA	NA	231.6	40.6141	-79.7193
USC00366151	NATRONA	20010105	76	9999	9999	76	NA	NA	231.6	40.6141	-79.7193
USC00366151	NATRONA	20010106	102	9999	9999	102	NA	NA	231.6	40.6141	-79.7193
USC00366151	NATRONA	20010107	102	9999	9999	102	NA	NA	231.6	40.6141	-79.7193
USC00366151	NATRONA	20010108	76	9999	9999	76	NA	NA	231.6	40.6141	-79.7193
USC00366151	NATRONA	20010109	51	9999	9999	51	NA	NA	231.6	40.6141	-79.7193
USC00366151	NATRONA	20010110	51	9999	9999	51	NA	NA	231.6	40.6141	-79.7193
USC00366151	NATRONA	20010111	51	9999	9999	51	NA	NA	231.6	40.6141	-79.7193
USC00366151	NATRONA	20010112	25	9999	9999	25	NA	NA	231.6	40.6141	-79.7193
USC00366151	NATRONA	20010113	25	9999	9999	25	NA	NA	231.6	40.6141	-79.7193
USC00366151	NATRONA	20010114	25	9999	9999	25	NA	NA	231.6	40.6141	-79.7193
USC00366151	NATRONA	20010115	25	9999	9999	25	NA	NA	231.6	40.6141	-79.7193
USC00366151	NATRONA	20010116	25	9999	9999	25	NA	NA	231.6	40.6141	-79.7193
USC00366151	NATRONA	20010117	0	9999	9999	0	NA	NA	231.6	40.6141	-79.7193
USC00366151	NATRONA	20010118	0	9999	9999	0	NA	NA	231.6	40.6141	-79.7193
USC00366151	NATRONA	20010119	0	9999	9999	0	NA	NA	231.6	40.6141	-79.7193
USC00366151	NATRONA	20010120	25	9999	9999	25	NA	NA	231.6	40.6141	-79.7193
USC00366151	NATRONA	20010121	152	9999	9999	152	NA	NA	231.6	40.6141	-79.7193
USC00366151	NATRONA	20010122	152	9999	9999	152	NA	NA	231.6	40.6141	-79.7193
USC00366151	NATRONA	20010123	127	9999	9999	127	NA	NA	231.6	40.6141	-79.7193
USC00366151	NATRONA	20010124	76	9999	9999	76	NA	NA	231.6	40.6141	-79.7193
USC00366151	NATRONA	20010125	76	9999	9999	76	NA	NA	231.6	40.6141	-79.7193
USC00366151	NATRONA	20010126	76	9999	9999	76	NA	NA	231.6	40.6141	-79.7193
USC00366151	NATRONA	20010127	51	9999	9999	51	NA	NA	231.6	40.6141	-79.7193
USC00366151	NATRONA	20010128	51	9999	9999	51	NA	NA	231.6	40.6141	-79.7193
USC00366151	NATRONA	20010129	25	9999	9999	25	NA	NA	231.6	40.6141	-79.7193
USC00366151	NATRONA	20010130	25	9999	9999	25	NA	NA	231.6	40.6141	-79.7193
USC00366151	NATRONA	20010131	0	9999	9999	0	NA	NA	231.6	40.6141	-79.7193
USC00366151	NATRONA	20020101	0	9999	9999	0	NA	NA	231.6	40.6141	-79.7193
USC00366151	NATRONA	20020102	0	9999	9999	0	NA	NA	231.6	40.6141	-79.7193
USC00366151	NATRONA	20020103	0	9999	9999	0	NA	NA	231.6	40.6141	-79.7193
USC00366151	NATRONA	20020104	0	9999	9999	0	NA	NA	231.6	40.6141	-79.7193
USC00366151	NATRONA	20020105	0	9999	9999	0	NA	NA	231.6	40.6141	-79.7193
USC00366151	NATRONA	20020106	0	9999	9999	0	NA	NA	231.6	40.6141	-79.7193
USC00366151	NATRONA	20020107	152	9999	9999	152	NA	NA	231.6	40.6141	-79.7193
USC00366151	NATRONA	20020108	152	9999	9999	152	NA	NA	231.6	40.6141	-79.7193
USC00366151	NATRONA	20020109	152	9999	9999	152	NA	NA	231.6	40.6141	-79.7193
USC00366151	NATRONA	20020110	51	9999	9999	51	NA	NA	231.6	40.6141	-79.7193
USC00366151	NATRONA	20020111	9999	9999	9999	NA	NA	NA	231.6	40.6141	-79.7193
USC00366151	NATRONA	20020112	9999	9999	9999	NA	NA	NA	231.6	40.6141	-79.7193
USC00366151	NATRONA	20020113	0	9999	9999	0	NA	NA	231.6	40.6141	-79.7193
USC00366151	NATRONA	20020114	0	9999	9999	0	NA	NA	231.6	40.6141	-79.7193
USC00366151	NATRONA	20020115	0	9999	9999	0	NA	NA	231.6	40.6141	-79.7193
USC00366151	NATRONA	20020116	0	9999	9999	0	NA	NA	231.6	40.6141	-79.7193
USC00366151	NATRONA	20020117	0	9999	9999	0	NA	NA	231.6	40.6141	-79.7193
USC00366151	NATRONA	20020118	0	9999	9999	0	NA	NA	231.6	40.6141	-79.7193
USC00366151	NATRONA	20020119	0	9999	9999	0	NA	NA	231.6	40.6141	-79.7193
USC00366151	NATRONA	20020120	51	9999	9999	51	NA	NA	231.6	40.6141	-79.7193
USC00366151	NATRONA	20020121	25	9999	9999	25	NA	NA	231.6	40.6141	-79.7193
USC00366151	NATRONA	20020122	0	9999	9999	0	NA	NA	231.6	40.6141	-79.7193
USC00366151	NATRONA	20020123	0	9999	9999	0	NA	NA	231.6	40.6141	-79.7193
USC00366151	NATRONA	20020124	0	9999	9999	0	NA	NA	231.6	40.6141	-79.7193
USC00366151	NATRONA	20020125	0	9999	9999	0	NA	NA	231.6	40.6141	-79.7193
USC00366151	NATRONA	20020126	0	9999	9999	0	NA	NA	231.6	40.6141	-79.7193
USC00366151	NATRONA	20020127	0	9999	9999	0	NA	NA	231.6	40.6141	-79.7193
USC00366151	NATRONA	20020128	0	9999	9999	0	NA	NA	231.6	40.6141	-79.7193
USC00366151	NATRONA	20020129	0	9999	9999	0	NA	NA	231.6	40.6141	-79.7193
USC00366151	NATRONA	20020130	0	9999	9999	0	NA	NA	231.6	40.6141	-79.7193
USC00366151	NATRONA	20020131	0	9999	9999	0	NA	NA	231.6	40.6141	-79.7193
USC00366151	NATRONA	20030101	0	9999	9999	0	NA	NA	231.6	40.6141	-79.7193
USC00366151	NATRONA	20030102	0	9999	9999	0	NA	NA	231.6	40.6141	-79.7193
USC00366151	NATRONA	20030103	0	9999	9999	0	NA	NA	231.6	40.6141	-79.7193
USC00366151	NATRONA	20030104	0	9999	9999	0	NA	NA	231.6	40.6141	-79.7193
USC00366151	NATRONA	20030105	0	9999	9999	0	NA	NA	231.6	40.6141	-79.7193
USC00366151	NATRONA	20030106	51	9999	9999	51	NA	NA	231.6	40.6141	-79.7193
USC00366151	NATRONA	20030107	76	9999	9999	76	NA	NA	231.6	40.6141	-79.7193
USC00366151	NATRONA	20030108	25	9999	9999	25	NA	NA	231.6	40.6141	-79.7193
USC00366151	NATRONA	20030109	25	9999	9999	25	NA	NA	231.6	40.6141	-79.7193
USC00366151	NATRONA	20030110	0	9999	9999	0	NA	NA	231.6	40.6141	-79.7193
USC00366151	NATRONA	20030111	0	9999	9999	0	NA	NA	231.6	40.6141	-79.7193
USC00366151	NATRONA	20030112	0	9999	9999	0	NA	NA	231.6	40.6141	-79.7193
USC00366151	NATRONA	20030113	0	9999	9999	0	NA	NA	231.6	40.6141	-79.7193
USC00366151	NATRONA	20030114	25	9999	9999	25	NA	NA	231.6	40.6141	-79.7193
USC00366151	NATRONA	20030115	25	9999	9999	25	NA	NA	231.6	40.6141	-79.7193
USC00366151	NATRONA	20030116	25	9999	9999	25	NA	NA	231.6	40.6141	-79.7193
USC00366151	NATRONA	20030117	25	9999	9999	25	NA	NA	231.6	40.6141	-79.7193
USC00366151	NATRONA	20030118	51	9999	9999	51	NA	NA	231.6	40.6141	-79.7193
USC00366151	NATRONA	20030119	51	9999	9999	51	NA	NA	231.6	40.6141	-79.7193
USC00366151	NATRONA	20030120	76	9999	9999	76	NA	NA	231.6	40.6141	-79.7193
USC00366151	NATRONA	20030121	76	9999	9999	76	NA	NA	231.6	40.6141	-79.7193
USC00366151	NATRONA	20030122	51	9999	9999	51	NA	NA	231.6	40.6141	-79.7193
USC00366151	NATRONA	20030123	51	9999	9999	51	NA	NA	231.6	40.6141	-79.7193
USC00366151	NATRONA	20030124	76	9999	9999	76	NA	NA	231.6	40.6141	-79.7193
USC00366151	NATRONA	20030125	76	9999	9999	76	NA	NA	231.6	40.6141	-79.7193
USC00366151	NATRONA	20030126	76	9999	9999	76	NA	NA	231.6	40.6141	-79.7193
USC00366151	NATRONA	20030127	102	9999	9999	102	NA	NA	231.6	40.6141	-79.7193
USC00366151	NATRONA	20030128	102	9999	9999	102	NA	NA	231.6	40.6141	-79.7193
USC00366151	NATRONA	20030129	127	9999	9999	127	NA	NA	231.6	40.6141	-79.7193
USC00366151	NATRONA	20030130	127	9999	9999	127	NA	NA	231.6	40.6141	-79.7193
USC00366151	NATRONA	20030131	102	9999	9999	102	NA	NA	231.6	40.6141	-79.7193
USC00366151	NATRONA	20040101	0	9999	9999	0	NA	NA	231.6	40.6141	-79.7193
USC00366151	NATRONA	20040102	0	9999	9999	0	NA	NA	231.6	40.6141	-79.7193
USC00366151	NATRONA	20040103	0	9999	9999	0	NA	NA	231.6	40.6141	-79.7193
USC00366151	NATRONA	20040104	0	9999	9999	0	NA	NA	231.6	40.6141	-79.7193
USC00366151	NATRONA	20040105	0	9999	9999	0	NA	NA	231.6	40.6141	-79.7193
USC00366151	NATRONA	20040106	0	9999	9999	0	NA	NA	231.6	40.6141	-79.7193
USC00366151	NATRONA	20040107	0	9999	9999	0	NA	NA	231.6	40.6141	-79.7193
USC00366151	NATRONA	20040108	0	9999	9999	0	NA	NA	231.6	40.6141	-79.7193
USC00366151	NATRONA	20040109	0	9999	9999	0	NA	NA	231.6	40.6141	-79.7193
USC00366151	NATRONA	20040110	0	9999	9999	0	NA	NA	231.6	40.6141	-79.7193
USC00366151	NATRONA	20040111	0	9999	9999	0	NA	NA	231.6	40.6141	-79.7193
USC00366151	NATRONA	20040112	0	9999	9999	0	NA	NA	231.6	40.6141	-79.7193
USC00366151	NATRONA	20040113	0	9999	9999	0	NA	NA	231.6	40.6141	-79.7193
USC00366151	NATRONA	20040114	0	9999	9999	0	NA	NA	231.6	40.6141	-79.7193
USC00366151	NATRONA	20040115	102	9999	9999	102	NA	NA	231.6	40.6141	-79.7193
USC00366151	NATRONA	20040116	102	9999	9999	102	NA	NA	231.6	40.6141	-79.7193
USC00366151	NATRONA	20040117	102	9999	9999	102	NA	NA	231.6	40.6141	-79.7193
USC00366151	NATRONA	20040118	51	9999	9999	51	NA	NA	231.6	40.6141	-79.7193
USC00366151	NATRONA	20040119	76	9999	9999	76	NA	NA	231.6	40.6141	-79.7193
USC00366151	NATRONA	20040120	102	9999	9999	102	NA	NA	231.6	40.6141	-79.7193
USC00366151	NATRONA	20040121	76	9999	9999	76	NA	NA	231.6	40.6141	-79.7193
USC00366151	NATRONA	20040122	51	9999	9999	51	NA	NA	231.6	40.6141	-79.7193
USC00366151	NATRONA	20040123	51	9999	9999	51	NA	NA	231.6	40.6141	-79.7193
USC00366151	NATRONA	20040124	127	9999	9999	127	NA	NA	231.6	40.6141	-79.7193
USC00366151	NATRONA	20040125	102	9999	9999	102	NA	NA	231.6	40.6141	-79.7193
USC00366151	NATRONA	20040126	203	9999	9999	203	NA	NA	231.6	40.6141	-79.7193
USC00366151	NATRONA	20040127	203	9999	9999	203	NA	NA	231.6	40.6141	-79.7193
USC00366151	NATRONA	20040128	178	9999	9999	178	NA	NA	231.6	40.6141	-79.7193
USC00366151	NATRONA	20040129	178	9999	9999	178	NA	NA	231.6	40.6141	-79.7193
USC00366151	NATRONA	20040130	203	9999	9999	203	NA	NA	231.6	40.6141	-79.7193
USC00366151	NATRONA	20040131	203	9999	9999	203	NA	NA	231.6	40.6141	-79.7193
USC00366151	NATRONA	20050101	0	9999	9999	0	NA	NA	231.6	40.6141	-79.7193
USC00366151	NATRONA	20050102	0	9999	9999	0	NA	NA	231.6	40.6141	-79.7193
USC00366151	NATRONA	20050103	0	9999	9999	0	NA	NA	231.6	40.6141	-79.7193
USC00366151	NATRONA	20050104	0	9999	9999	0	NA	NA	231.6	40.6141	-79.7193
USC00366151	NATRONA	20050105	0	9999	9999	0	NA	NA	231.6	40.6141	-79.7193
USC00366151	NATRONA	20050106	0	9999	9999	0	NA	NA	231.6	40.6141	-79.7193
USC00366151	NATRONA	20050107	0	9999	9999	0	NA	NA	231.6	40.6141	-79.7193
USC00366151	NATRONA	20050108	0	9999	9999	0	NA	NA	231.6	40.6141	-79.7193
USC00366151	NATRONA	20050109	0	9999	9999	0	NA	NA	231.6	40.6141	-79.7193
USC00366151	NATRONA	20050110	0	9999	9999	0	NA	NA	231.6	40.6141	-79.7193
USC00366151	NATRONA	20050111	0	9999	9999	0	NA	NA	231.6	40.6141	-79.7193
USC00366151	NATRONA	20050112	0	9999	9999	0	NA	NA	231.6	40.6141	-79.7193
USC00366151	NATRONA	20050113	0	9999	9999	0	NA	NA	231.6	40.6141	-79.7193
USC00366151	NATRONA	20050114	0	9999	9999	0	NA	NA	231.6	40.6141	-79.7193
USC00366151	NATRONA	20050115	0	9999	9999	0	NA	NA	231.6	40.6141	-79.7193
USC00366151	NATRONA	20050116	0	9999	9999	0	NA	NA	231.6	40.6141	-79.7193
USC00366151	NATRONA	20050117	51	9999	9999	51	NA	NA	231.6	40.6141	-79.7193
USC00366151	NATRONA	20050118	51	9999	9999	51	NA	NA	231.6	40.6141	-79.7193
USC00366151	NATRONA	20050119	51	9999	9999	51	NA	NA	231.6	40.6141	-79.7193
USC00366151	NATRONA	20050120	102	9999	9999	102	NA	NA	231.6	40.6141	-79.7193
USC00366151	NATRONA	20050121	102	9999	9999	102	NA	NA	231.6	40.6141	-79.7193
USC00366151	NATRONA	20050122	102	9999	9999	102	NA	NA	231.6	40.6141	-79.7193
USC00366151	NATRONA	20050123	152	9999	9999	152	NA	NA	231.6	40.6141	-79.7193
USC00366151	NATRONA	20050124	152	9999	9999	152	NA	NA	231.6	40.6141	-79.7193
USC00366151	NATRONA	20050125	152	9999	9999	152	NA	NA	231.6	40.6141	-79.7193
USC00366151	NATRONA	20050126	152	9999	9999	152	NA	NA	231.6	40.6141	-79.7193
USC00366151	NATRONA	20050127	127	9999	9999	127	NA	NA	231.6	40.6141	-79.7193
USC00366151	NATRONA	20050128	127	9999	9999	127	NA	NA	231.6	40.6141	-79.7193
USC00366151	NATRONA	20050129	102	9999	9999	102	NA	NA	231.6	40.6141	-79.7193
USC00366151	NATRONA	20050130	102	9999	9999	102	NA	NA	231.6	40.6141	-79.7193
USC00366151	NATRONA	20050131	102	9999	9999	102	NA	NA	231.6	40.6141	-79.7193
