STATION	NAME	DATE	SNWD	TMAX	TMIN	SNWD2	TMAX2	TMIN2	ELEV	LAT	LONG
USC00366649	OSWAYO	19950101	0	9999	9999	0	NA	NA	521.2	41.9167	-78.0000
USC00366649	OSWAYO	19950102	0	9999	9999	0	NA	NA	521.2	41.9167	-78.0000
USC00366649	OSWAYO	19950103	0	9999	9999	0	NA	NA	521.2	41.9167	-78.0000
USC00366649	OSWAYO	19950104	0	9999	9999	0	NA	NA	521.2	41.9167	-78.0000
USC00366649	OSWAYO	19950105	0	9999	9999	0	NA	NA	521.2	41.9167	-78.0000
USC00366649	OSWAYO	19950106	0	9999	9999	0	NA	NA	521.2	41.9167	-78.0000
USC00366649	OSWAYO	19950107	0	9999	9999	0	NA	NA	521.2	41.9167	-78.0000
USC00366649	OSWAYO	19950108	25	9999	9999	25	NA	NA	521.2	41.9167	-78.0000
USC00366649	OSWAYO	19950109	25	9999	9999	25	NA	NA	521.2	41.9167	-78.0000
USC00366649	OSWAYO	19950110	25	9999	9999	25	NA	NA	521.2	41.9167	-78.0000
USC00366649	OSWAYO	19950111	25	9999	9999	25	NA	NA	521.2	41.9167	-78.0000
USC00366649	OSWAYO	19950112	25	9999	9999	25	NA	NA	521.2	41.9167	-78.0000
USC00366649	OSWAYO	19950113	0	9999	9999	0	NA	NA	521.2	41.9167	-78.0000
USC00366649	OSWAYO	19950114	0	9999	9999	0	NA	NA	521.2	41.9167	-78.0000
USC00366649	OSWAYO	19950115	0	9999	9999	0	NA	NA	521.2	41.9167	-78.0000
USC00366649	OSWAYO	19950116	0	9999	9999	0	NA	NA	521.2	41.9167	-78.0000
USC00366649	OSWAYO	19950117	0	9999	9999	0	NA	NA	521.2	41.9167	-78.0000
USC00366649	OSWAYO	19950118	0	9999	9999	0	NA	NA	521.2	41.9167	-78.0000
USC00366649	OSWAYO	19950119	0	9999	9999	0	NA	NA	521.2	41.9167	-78.0000
USC00366649	OSWAYO	19950120	0	9999	9999	0	NA	NA	521.2	41.9167	-78.0000
USC00366649	OSWAYO	19950121	0	9999	9999	0	NA	NA	521.2	41.9167	-78.0000
USC00366649	OSWAYO	19950122	51	9999	9999	51	NA	NA	521.2	41.9167	-78.0000
USC00366649	OSWAYO	19950123	51	9999	9999	51	NA	NA	521.2	41.9167	-78.0000
USC00366649	OSWAYO	19950124	51	9999	9999	51	NA	NA	521.2	41.9167	-78.0000
USC00366649	OSWAYO	19950125	76	9999	9999	76	NA	NA	521.2	41.9167	-78.0000
USC00366649	OSWAYO	19950126	127	9999	9999	127	NA	NA	521.2	41.9167	-78.0000
USC00366649	OSWAYO	19950127	127	9999	9999	127	NA	NA	521.2	41.9167	-78.0000
USC00366649	OSWAYO	19950128	127	9999	9999	127	NA	NA	521.2	41.9167	-78.0000
USC00366649	OSWAYO	19950129	127	9999	9999	127	NA	NA	521.2	41.9167	-78.0000
USC00366649	OSWAYO	19950130	76	9999	9999	76	NA	NA	521.2	41.9167	-78.0000
USC00366649	OSWAYO	19950131	51	9999	9999	51	NA	NA	521.2	41.9167	-78.0000
USC00366649	OSWAYO	19960101	254	9999	9999	254	NA	NA	521.2	41.9167	-78.0000
USC00366649	OSWAYO	19960102	229	9999	9999	229	NA	NA	521.2	41.9167	-78.0000
USC00366649	OSWAYO	19960103	533	9999	9999	533	NA	NA	521.2	41.9167	-78.0000
USC00366649	OSWAYO	19960104	559	9999	9999	559	NA	NA	521.2	41.9167	-78.0000
USC00366649	OSWAYO	19960105	559	9999	9999	559	NA	NA	521.2	41.9167	-78.0000
USC00366649	OSWAYO	19960106	559	9999	9999	559	NA	NA	521.2	41.9167	-78.0000
USC00366649	OSWAYO	19960107	559	9999	9999	559	NA	NA	521.2	41.9167	-78.0000
USC00366649	OSWAYO	19960108	559	9999	9999	559	NA	NA	521.2	41.9167	-78.0000
USC00366649	OSWAYO	19960109	559	9999	9999	559	NA	NA	521.2	41.9167	-78.0000
USC00366649	OSWAYO	19960110	559	9999	9999	559	NA	NA	521.2	41.9167	-78.0000
USC00366649	OSWAYO	19960111	559	9999	9999	559	NA	NA	521.2	41.9167	-78.0000
USC00366649	OSWAYO	19960112	559	9999	9999	559	NA	NA	521.2	41.9167	-78.0000
USC00366649	OSWAYO	19960113	559	9999	9999	559	NA	NA	521.2	41.9167	-78.0000
USC00366649	OSWAYO	19960114	559	9999	9999	559	NA	NA	521.2	41.9167	-78.0000
USC00366649	OSWAYO	19960115	559	9999	9999	559	NA	NA	521.2	41.9167	-78.0000
USC00366649	OSWAYO	19960116	508	9999	9999	508	NA	NA	521.2	41.9167	-78.0000
USC00366649	OSWAYO	19960117	406	9999	9999	406	NA	NA	521.2	41.9167	-78.0000
USC00366649	OSWAYO	19960118	254	9999	9999	254	NA	NA	521.2	41.9167	-78.0000
USC00366649	OSWAYO	19960119	0	9999	9999	0	NA	NA	521.2	41.9167	-78.0000
USC00366649	OSWAYO	19960120	0	9999	9999	0	NA	NA	521.2	41.9167	-78.0000
USC00366649	OSWAYO	19960121	0	9999	9999	0	NA	NA	521.2	41.9167	-78.0000
USC00366649	OSWAYO	19960122	0	9999	9999	0	NA	NA	521.2	41.9167	-78.0000
USC00366649	OSWAYO	19960123	0	9999	9999	0	NA	NA	521.2	41.9167	-78.0000
USC00366649	OSWAYO	19960124	0	9999	9999	0	NA	NA	521.2	41.9167	-78.0000
USC00366649	OSWAYO	19960125	25	9999	9999	25	NA	NA	521.2	41.9167	-78.0000
USC00366649	OSWAYO	19960126	0	9999	9999	0	NA	NA	521.2	41.9167	-78.0000
USC00366649	OSWAYO	19960127	0	9999	9999	0	NA	NA	521.2	41.9167	-78.0000
USC00366649	OSWAYO	19960128	0	9999	9999	0	NA	NA	521.2	41.9167	-78.0000
USC00366649	OSWAYO	19960129	0	9999	9999	0	NA	NA	521.2	41.9167	-78.0000
USC00366649	OSWAYO	19960130	0	9999	9999	0	NA	NA	521.2	41.9167	-78.0000
USC00366649	OSWAYO	19960131	0	9999	9999	0	NA	NA	521.2	41.9167	-78.0000
USC00366649	OSWAYO	19970101	0	9999	9999	0	NA	NA	521.2	41.9167	-78.0000
USC00366649	OSWAYO	19970102	0	9999	9999	0	NA	NA	521.2	41.9167	-78.0000
USC00366649	OSWAYO	19970103	0	9999	9999	0	NA	NA	521.2	41.9167	-78.0000
USC00366649	OSWAYO	19970104	0	9999	9999	0	NA	NA	521.2	41.9167	-78.0000
USC00366649	OSWAYO	19970105	0	9999	9999	0	NA	NA	521.2	41.9167	-78.0000
USC00366649	OSWAYO	19970106	0	9999	9999	0	NA	NA	521.2	41.9167	-78.0000
USC00366649	OSWAYO	19970107	0	9999	9999	0	NA	NA	521.2	41.9167	-78.0000
USC00366649	OSWAYO	19970108	0	9999	9999	0	NA	NA	521.2	41.9167	-78.0000
USC00366649	OSWAYO	19970109	0	9999	9999	0	NA	NA	521.2	41.9167	-78.0000
USC00366649	OSWAYO	19970110	51	9999	9999	51	NA	NA	521.2	41.9167	-78.0000
USC00366649	OSWAYO	19970111	51	9999	9999	51	NA	NA	521.2	41.9167	-78.0000
USC00366649	OSWAYO	19970112	51	9999	9999	51	NA	NA	521.2	41.9167	-78.0000
USC00366649	OSWAYO	19970113	51	9999	9999	51	NA	NA	521.2	41.9167	-78.0000
USC00366649	OSWAYO	19970114	51	9999	9999	51	NA	NA	521.2	41.9167	-78.0000
USC00366649	OSWAYO	19970115	51	9999	9999	51	NA	NA	521.2	41.9167	-78.0000
USC00366649	OSWAYO	19970116	76	9999	9999	76	NA	NA	521.2	41.9167	-78.0000
USC00366649	OSWAYO	19970117	102	9999	9999	102	NA	NA	521.2	41.9167	-78.0000
USC00366649	OSWAYO	19970118	102	9999	9999	102	NA	NA	521.2	41.9167	-78.0000
USC00366649	OSWAYO	19970119	102	9999	9999	102	NA	NA	521.2	41.9167	-78.0000
USC00366649	OSWAYO	19970120	102	9999	9999	102	NA	NA	521.2	41.9167	-78.0000
USC00366649	OSWAYO	19970121	102	9999	9999	102	NA	NA	521.2	41.9167	-78.0000
USC00366649	OSWAYO	19970122	102	9999	9999	102	NA	NA	521.2	41.9167	-78.0000
USC00366649	OSWAYO	19970123	0	9999	9999	0	NA	NA	521.2	41.9167	-78.0000
USC00366649	OSWAYO	19970124	0	9999	9999	0	NA	NA	521.2	41.9167	-78.0000
USC00366649	OSWAYO	19970125	76	9999	9999	76	NA	NA	521.2	41.9167	-78.0000
USC00366649	OSWAYO	19970126	51	9999	9999	51	NA	NA	521.2	41.9167	-78.0000
USC00366649	OSWAYO	19970127	76	9999	9999	76	NA	NA	521.2	41.9167	-78.0000
USC00366649	OSWAYO	19970128	152	9999	9999	152	NA	NA	521.2	41.9167	-78.0000
USC00366649	OSWAYO	19970129	152	9999	9999	152	NA	NA	521.2	41.9167	-78.0000
USC00366649	OSWAYO	19970130	152	9999	9999	152	NA	NA	521.2	41.9167	-78.0000
USC00366649	OSWAYO	19970131	152	9999	9999	152	NA	NA	521.2	41.9167	-78.0000
USC00366649	OSWAYO	19980101	279	9999	9999	279	NA	NA	521.2	41.9167	-78.0000
USC00366649	OSWAYO	19980102	254	9999	9999	254	NA	NA	521.2	41.9167	-78.0000
USC00366649	OSWAYO	19980103	127	9999	9999	127	NA	NA	521.2	41.9167	-78.0000
USC00366649	OSWAYO	19980104	0	9999	9999	0	NA	NA	521.2	41.9167	-78.0000
USC00366649	OSWAYO	19980105	0	9999	9999	0	NA	NA	521.2	41.9167	-78.0000
USC00366649	OSWAYO	19980106	0	9999	9999	0	NA	NA	521.2	41.9167	-78.0000
USC00366649	OSWAYO	19980107	0	9999	9999	0	NA	NA	521.2	41.9167	-78.0000
USC00366649	OSWAYO	19980108	0	9999	9999	0	NA	NA	521.2	41.9167	-78.0000
USC00366649	OSWAYO	19980109	0	9999	9999	0	NA	NA	521.2	41.9167	-78.0000
USC00366649	OSWAYO	19980110	0	9999	9999	0	NA	NA	521.2	41.9167	-78.0000
USC00366649	OSWAYO	19980111	0	9999	9999	0	NA	NA	521.2	41.9167	-78.0000
USC00366649	OSWAYO	19980112	0	9999	9999	0	NA	NA	521.2	41.9167	-78.0000
USC00366649	OSWAYO	19980113	0	9999	9999	0	NA	NA	521.2	41.9167	-78.0000
USC00366649	OSWAYO	19980114	0	9999	9999	0	NA	NA	521.2	41.9167	-78.0000
USC00366649	OSWAYO	19980115	0	9999	9999	0	NA	NA	521.2	41.9167	-78.0000
USC00366649	OSWAYO	19980116	0	9999	9999	0	NA	NA	521.2	41.9167	-78.0000
USC00366649	OSWAYO	19980117	25	9999	9999	25	NA	NA	521.2	41.9167	-78.0000
USC00366649	OSWAYO	19980118	25	9999	9999	25	NA	NA	521.2	41.9167	-78.0000
USC00366649	OSWAYO	19980119	51	9999	9999	51	NA	NA	521.2	41.9167	-78.0000
USC00366649	OSWAYO	19980120	76	9999	9999	76	NA	NA	521.2	41.9167	-78.0000
USC00366649	OSWAYO	19980121	102	9999	9999	102	NA	NA	521.2	41.9167	-78.0000
USC00366649	OSWAYO	19980122	76	9999	9999	76	NA	NA	521.2	41.9167	-78.0000
USC00366649	OSWAYO	19980123	127	9999	9999	127	NA	NA	521.2	41.9167	-78.0000
USC00366649	OSWAYO	19980124	102	9999	9999	102	NA	NA	521.2	41.9167	-78.0000
USC00366649	OSWAYO	19980125	102	9999	9999	102	NA	NA	521.2	41.9167	-78.0000
USC00366649	OSWAYO	19980126	102	9999	9999	102	NA	NA	521.2	41.9167	-78.0000
USC00366649	OSWAYO	19980127	76	9999	9999	76	NA	NA	521.2	41.9167	-78.0000
USC00366649	OSWAYO	19980128	51	9999	9999	51	NA	NA	521.2	41.9167	-78.0000
USC00366649	OSWAYO	19980129	51	9999	9999	51	NA	NA	521.2	41.9167	-78.0000
USC00366649	OSWAYO	19980130	25	9999	9999	25	NA	NA	521.2	41.9167	-78.0000
USC00366649	OSWAYO	19980131	0	9999	9999	0	NA	NA	521.2	41.9167	-78.0000
USC00366649	OSWAYO	19990101	51	9999	9999	51	NA	NA	521.2	41.9167	-78.0000
USC00366649	OSWAYO	19990102	51	9999	9999	51	NA	NA	521.2	41.9167	-78.0000
USC00366649	OSWAYO	19990103	178	9999	9999	178	NA	NA	521.2	41.9167	-78.0000
USC00366649	OSWAYO	19990104	102	9999	9999	102	NA	NA	521.2	41.9167	-78.0000
USC00366649	OSWAYO	19990105	102	9999	9999	102	NA	NA	521.2	41.9167	-78.0000
USC00366649	OSWAYO	19990106	102	9999	9999	102	NA	NA	521.2	41.9167	-78.0000
USC00366649	OSWAYO	19990107	127	9999	9999	127	NA	NA	521.2	41.9167	-78.0000
USC00366649	OSWAYO	19990108	127	9999	9999	127	NA	NA	521.2	41.9167	-78.0000
USC00366649	OSWAYO	19990109	178	9999	9999	178	NA	NA	521.2	41.9167	-78.0000
USC00366649	OSWAYO	19990110	178	9999	9999	178	NA	NA	521.2	41.9167	-78.0000
USC00366649	OSWAYO	19990111	178	9999	9999	178	NA	NA	521.2	41.9167	-78.0000
USC00366649	OSWAYO	19990112	254	9999	9999	254	NA	NA	521.2	41.9167	-78.0000
USC00366649	OSWAYO	19990113	178	9999	9999	178	NA	NA	521.2	41.9167	-78.0000
USC00366649	OSWAYO	19990114	305	9999	9999	305	NA	NA	521.2	41.9167	-78.0000
USC00366649	OSWAYO	19990115	457	9999	9999	457	NA	NA	521.2	41.9167	-78.0000
USC00366649	OSWAYO	19990116	457	9999	9999	457	NA	NA	521.2	41.9167	-78.0000
USC00366649	OSWAYO	19990117	432	9999	9999	432	NA	NA	521.2	41.9167	-78.0000
USC00366649	OSWAYO	19990118	305	9999	9999	305	NA	NA	521.2	41.9167	-78.0000
USC00366649	OSWAYO	19990119	254	9999	9999	254	NA	NA	521.2	41.9167	-78.0000
USC00366649	OSWAYO	19990120	254	9999	9999	254	NA	NA	521.2	41.9167	-78.0000
USC00366649	OSWAYO	19990121	203	9999	9999	203	NA	NA	521.2	41.9167	-78.0000
USC00366649	OSWAYO	19990122	178	9999	9999	178	NA	NA	521.2	41.9167	-78.0000
USC00366649	OSWAYO	19990123	152	9999	9999	152	NA	NA	521.2	41.9167	-78.0000
USC00366649	OSWAYO	19990124	102	9999	9999	102	NA	NA	521.2	41.9167	-78.0000
USC00366649	OSWAYO	19990125	76	9999	9999	76	NA	NA	521.2	41.9167	-78.0000
USC00366649	OSWAYO	19990126	152	9999	9999	152	NA	NA	521.2	41.9167	-78.0000
USC00366649	OSWAYO	19990127	127	9999	9999	127	NA	NA	521.2	41.9167	-78.0000
USC00366649	OSWAYO	19990128	102	9999	9999	102	NA	NA	521.2	41.9167	-78.0000
USC00366649	OSWAYO	19990129	102	9999	9999	102	NA	NA	521.2	41.9167	-78.0000
USC00366649	OSWAYO	19990130	76	9999	9999	76	NA	NA	521.2	41.9167	-78.0000
USC00366649	OSWAYO	19990131	76	9999	9999	76	NA	NA	521.2	41.9167	-78.0000
USC00366649	OSWAYO	20000101	0	9999	9999	0	NA	NA	521.2	41.9167	-78.0000
USC00366649	OSWAYO	20000102	0	9999	9999	0	NA	NA	521.2	41.9167	-78.0000
USC00366649	OSWAYO	20000103	0	9999	9999	0	NA	NA	521.2	41.9167	-78.0000
USC00366649	OSWAYO	20000104	0	9999	9999	0	NA	NA	521.2	41.9167	-78.0000
USC00366649	OSWAYO	20000105	0	9999	9999	0	NA	NA	521.2	41.9167	-78.0000
USC00366649	OSWAYO	20000106	0	9999	9999	0	NA	NA	521.2	41.9167	-78.0000
USC00366649	OSWAYO	20000107	0	9999	9999	0	NA	NA	521.2	41.9167	-78.0000
USC00366649	OSWAYO	20000108	0	9999	9999	0	NA	NA	521.2	41.9167	-78.0000
USC00366649	OSWAYO	20000109	0	9999	9999	0	NA	NA	521.2	41.9167	-78.0000
USC00366649	OSWAYO	20000110	0	9999	9999	0	NA	NA	521.2	41.9167	-78.0000
USC00366649	OSWAYO	20000111	0	9999	9999	0	NA	NA	521.2	41.9167	-78.0000
USC00366649	OSWAYO	20000112	25	9999	9999	25	NA	NA	521.2	41.9167	-78.0000
USC00366649	OSWAYO	20000113	76	9999	9999	76	NA	NA	521.2	41.9167	-78.0000
USC00366649	OSWAYO	20000114	102	9999	9999	102	NA	NA	521.2	41.9167	-78.0000
USC00366649	OSWAYO	20000115	102	9999	9999	102	NA	NA	521.2	41.9167	-78.0000
USC00366649	OSWAYO	20000116	102	9999	9999	102	NA	NA	521.2	41.9167	-78.0000
USC00366649	OSWAYO	20000117	102	9999	9999	102	NA	NA	521.2	41.9167	-78.0000
USC00366649	OSWAYO	20000118	102	9999	9999	102	NA	NA	521.2	41.9167	-78.0000
USC00366649	OSWAYO	20000119	127	9999	9999	127	NA	NA	521.2	41.9167	-78.0000
USC00366649	OSWAYO	20000120	178	9999	9999	178	NA	NA	521.2	41.9167	-78.0000
USC00366649	OSWAYO	20000121	229	9999	9999	229	NA	NA	521.2	41.9167	-78.0000
USC00366649	OSWAYO	20000122	229	9999	9999	229	NA	NA	521.2	41.9167	-78.0000
USC00366649	OSWAYO	20000123	229	9999	9999	229	NA	NA	521.2	41.9167	-78.0000
USC00366649	OSWAYO	20000124	229	9999	9999	229	NA	NA	521.2	41.9167	-78.0000
USC00366649	OSWAYO	20000125	229	9999	9999	229	NA	NA	521.2	41.9167	-78.0000
USC00366649	OSWAYO	20000126	254	9999	9999	254	NA	NA	521.2	41.9167	-78.0000
USC00366649	OSWAYO	20000127	254	9999	9999	254	NA	NA	521.2	41.9167	-78.0000
USC00366649	OSWAYO	20000128	254	9999	9999	254	NA	NA	521.2	41.9167	-78.0000
USC00366649	OSWAYO	20000129	254	9999	9999	254	NA	NA	521.2	41.9167	-78.0000
USC00366649	OSWAYO	20000130	152	9999	9999	152	NA	NA	521.2	41.9167	-78.0000
USC00366649	OSWAYO	20000131	279	9999	9999	279	NA	NA	521.2	41.9167	-78.0000
USC00366649	OSWAYO	20010101	178	9999	9999	178	NA	NA	521.2	41.9167	-78.0000
USC00366649	OSWAYO	20010102	178	9999	9999	178	NA	NA	521.2	41.9167	-78.0000
USC00366649	OSWAYO	20010103	178	9999	9999	178	NA	NA	521.2	41.9167	-78.0000
USC00366649	OSWAYO	20010104	152	9999	9999	152	NA	NA	521.2	41.9167	-78.0000
USC00366649	OSWAYO	20010105	178	9999	9999	178	NA	NA	521.2	41.9167	-78.0000
USC00366649	OSWAYO	20010106	254	9999	9999	254	NA	NA	521.2	41.9167	-78.0000
USC00366649	OSWAYO	20010107	279	9999	9999	279	NA	NA	521.2	41.9167	-78.0000
USC00366649	OSWAYO	20010108	203	9999	9999	203	NA	NA	521.2	41.9167	-78.0000
USC00366649	OSWAYO	20010109	178	9999	9999	178	NA	NA	521.2	41.9167	-78.0000
USC00366649	OSWAYO	20010110	178	9999	9999	178	NA	NA	521.2	41.9167	-78.0000
USC00366649	OSWAYO	20010111	127	9999	9999	127	NA	NA	521.2	41.9167	-78.0000
USC00366649	OSWAYO	20010112	76	9999	9999	76	NA	NA	521.2	41.9167	-78.0000
USC00366649	OSWAYO	20010113	51	9999	9999	51	NA	NA	521.2	41.9167	-78.0000
USC00366649	OSWAYO	20010114	25	9999	9999	25	NA	NA	521.2	41.9167	-78.0000
USC00366649	OSWAYO	20010115	25	9999	9999	25	NA	NA	521.2	41.9167	-78.0000
USC00366649	OSWAYO	20010116	25	9999	9999	25	NA	NA	521.2	41.9167	-78.0000
USC00366649	OSWAYO	20010117	25	9999	9999	25	NA	NA	521.2	41.9167	-78.0000
USC00366649	OSWAYO	20010118	25	9999	9999	25	NA	NA	521.2	41.9167	-78.0000
USC00366649	OSWAYO	20010119	51	9999	9999	51	NA	NA	521.2	41.9167	-78.0000
USC00366649	OSWAYO	20010120	102	9999	9999	102	NA	NA	521.2	41.9167	-78.0000
USC00366649	OSWAYO	20010121	102	9999	9999	102	NA	NA	521.2	41.9167	-78.0000
USC00366649	OSWAYO	20010122	102	9999	9999	102	NA	NA	521.2	41.9167	-78.0000
USC00366649	OSWAYO	20010123	102	9999	9999	102	NA	NA	521.2	41.9167	-78.0000
USC00366649	OSWAYO	20010124	76	9999	9999	76	NA	NA	521.2	41.9167	-78.0000
USC00366649	OSWAYO	20010125	76	9999	9999	76	NA	NA	521.2	41.9167	-78.0000
USC00366649	OSWAYO	20010126	76	9999	9999	76	NA	NA	521.2	41.9167	-78.0000
USC00366649	OSWAYO	20010127	76	9999	9999	76	NA	NA	521.2	41.9167	-78.0000
USC00366649	OSWAYO	20010128	127	9999	9999	127	NA	NA	521.2	41.9167	-78.0000
USC00366649	OSWAYO	20010129	127	9999	9999	127	NA	NA	521.2	41.9167	-78.0000
USC00366649	OSWAYO	20010130	76	9999	9999	76	NA	NA	521.2	41.9167	-78.0000
USC00366649	OSWAYO	20010131	25	9999	9999	25	NA	NA	521.2	41.9167	-78.0000
USC00366649	OSWAYO	20020101	0	9999	9999	0	NA	NA	521.2	41.9167	-78.0000
USC00366649	OSWAYO	20020102	0	9999	9999	0	NA	NA	521.2	41.9167	-78.0000
USC00366649	OSWAYO	20020103	0	9999	9999	0	NA	NA	521.2	41.9167	-78.0000
USC00366649	OSWAYO	20020104	0	9999	9999	0	NA	NA	521.2	41.9167	-78.0000
USC00366649	OSWAYO	20020105	0	9999	9999	0	NA	NA	521.2	41.9167	-78.0000
USC00366649	OSWAYO	20020106	0	9999	9999	0	NA	NA	521.2	41.9167	-78.0000
USC00366649	OSWAYO	20020107	152	9999	9999	152	NA	NA	521.2	41.9167	-78.0000
USC00366649	OSWAYO	20020108	152	9999	9999	152	NA	NA	521.2	41.9167	-78.0000
USC00366649	OSWAYO	20020109	152	9999	9999	152	NA	NA	521.2	41.9167	-78.0000
USC00366649	OSWAYO	20020110	76	9999	9999	76	NA	NA	521.2	41.9167	-78.0000
USC00366649	OSWAYO	20020111	25	9999	9999	25	NA	NA	521.2	41.9167	-78.0000
USC00366649	OSWAYO	20020112	25	9999	9999	25	NA	NA	521.2	41.9167	-78.0000
USC00366649	OSWAYO	20020113	0	9999	9999	0	NA	NA	521.2	41.9167	-78.0000
USC00366649	OSWAYO	20020114	25	9999	9999	25	NA	NA	521.2	41.9167	-78.0000
USC00366649	OSWAYO	20020115	25	9999	9999	25	NA	NA	521.2	41.9167	-78.0000
USC00366649	OSWAYO	20020116	25	9999	9999	25	NA	NA	521.2	41.9167	-78.0000
USC00366649	OSWAYO	20020117	51	9999	9999	51	NA	NA	521.2	41.9167	-78.0000
USC00366649	OSWAYO	20020118	76	9999	9999	76	NA	NA	521.2	41.9167	-78.0000
USC00366649	OSWAYO	20020119	76	9999	9999	76	NA	NA	521.2	41.9167	-78.0000
USC00366649	OSWAYO	20020120	152	9999	9999	152	NA	NA	521.2	41.9167	-78.0000
USC00366649	OSWAYO	20020121	127	9999	9999	127	NA	NA	521.2	41.9167	-78.0000
USC00366649	OSWAYO	20020122	152	9999	9999	152	NA	NA	521.2	41.9167	-78.0000
USC00366649	OSWAYO	20020123	76	9999	9999	76	NA	NA	521.2	41.9167	-78.0000
USC00366649	OSWAYO	20020124	25	9999	9999	25	NA	NA	521.2	41.9167	-78.0000
USC00366649	OSWAYO	20020125	0	9999	9999	0	NA	NA	521.2	41.9167	-78.0000
USC00366649	OSWAYO	20020126	0	9999	9999	0	NA	NA	521.2	41.9167	-78.0000
USC00366649	OSWAYO	20020127	0	9999	9999	0	NA	NA	521.2	41.9167	-78.0000
USC00366649	OSWAYO	20020128	0	9999	9999	0	NA	NA	521.2	41.9167	-78.0000
USC00366649	OSWAYO	20020129	0	9999	9999	0	NA	NA	521.2	41.9167	-78.0000
USC00366649	OSWAYO	20020130	0	9999	9999	0	NA	NA	521.2	41.9167	-78.0000
USC00366649	OSWAYO	20020131	0	9999	9999	0	NA	NA	521.2	41.9167	-78.0000
USC00366649	OSWAYO	20030101	51	9999	9999	51	NA	NA	521.2	41.9167	-78.0000
USC00366649	OSWAYO	20030102	25	9999	9999	25	NA	NA	521.2	41.9167	-78.0000
USC00366649	OSWAYO	20030103	51	9999	9999	51	NA	NA	521.2	41.9167	-78.0000
USC00366649	OSWAYO	20030104	127	9999	9999	127	NA	NA	521.2	41.9167	-78.0000
USC00366649	OSWAYO	20030105	127	9999	9999	127	NA	NA	521.2	41.9167	-78.0000
USC00366649	OSWAYO	20030106	152	9999	9999	152	NA	NA	521.2	41.9167	-78.0000
USC00366649	OSWAYO	20030107	178	9999	9999	178	NA	NA	521.2	41.9167	-78.0000
USC00366649	OSWAYO	20030108	178	9999	9999	178	NA	NA	521.2	41.9167	-78.0000
USC00366649	OSWAYO	20030109	152	9999	9999	152	NA	NA	521.2	41.9167	-78.0000
USC00366649	OSWAYO	20030110	102	9999	9999	102	NA	NA	521.2	41.9167	-78.0000
USC00366649	OSWAYO	20030111	127	9999	9999	127	NA	NA	521.2	41.9167	-78.0000
USC00366649	OSWAYO	20030112	127	9999	9999	127	NA	NA	521.2	41.9167	-78.0000
USC00366649	OSWAYO	20030113	127	9999	9999	127	NA	NA	521.2	41.9167	-78.0000
USC00366649	OSWAYO	20030114	127	9999	9999	127	NA	NA	521.2	41.9167	-78.0000
USC00366649	OSWAYO	20030115	127	9999	9999	127	NA	NA	521.2	41.9167	-78.0000
USC00366649	OSWAYO	20030116	127	9999	9999	127	NA	NA	521.2	41.9167	-78.0000
USC00366649	OSWAYO	20030117	127	9999	9999	127	NA	NA	521.2	41.9167	-78.0000
USC00366649	OSWAYO	20030118	127	9999	9999	127	NA	NA	521.2	41.9167	-78.0000
USC00366649	OSWAYO	20030119	127	9999	9999	127	NA	NA	521.2	41.9167	-78.0000
USC00366649	OSWAYO	20030120	152	9999	9999	152	NA	NA	521.2	41.9167	-78.0000
USC00366649	OSWAYO	20030121	152	9999	9999	152	NA	NA	521.2	41.9167	-78.0000
USC00366649	OSWAYO	20030122	152	9999	9999	152	NA	NA	521.2	41.9167	-78.0000
USC00366649	OSWAYO	20030123	152	9999	9999	152	NA	NA	521.2	41.9167	-78.0000
USC00366649	OSWAYO	20030124	152	9999	9999	152	NA	NA	521.2	41.9167	-78.0000
USC00366649	OSWAYO	20030125	152	9999	9999	152	NA	NA	521.2	41.9167	-78.0000
USC00366649	OSWAYO	20030126	152	9999	9999	152	NA	NA	521.2	41.9167	-78.0000
USC00366649	OSWAYO	20030127	178	9999	9999	178	NA	NA	521.2	41.9167	-78.0000
USC00366649	OSWAYO	20030128	178	9999	9999	178	NA	NA	521.2	41.9167	-78.0000
USC00366649	OSWAYO	20030129	203	9999	9999	203	NA	NA	521.2	41.9167	-78.0000
USC00366649	OSWAYO	20030130	203	9999	9999	203	NA	NA	521.2	41.9167	-78.0000
USC00366649	OSWAYO	20030131	178	9999	9999	178	NA	NA	521.2	41.9167	-78.0000
USC00366649	OSWAYO	20040101	0	9999	9999	0	NA	NA	521.2	41.9167	-78.0000
USC00366649	OSWAYO	20040102	0	9999	9999	0	NA	NA	521.2	41.9167	-78.0000
USC00366649	OSWAYO	20040103	0	9999	9999	0	NA	NA	521.2	41.9167	-78.0000
USC00366649	OSWAYO	20040104	0	9999	9999	0	NA	NA	521.2	41.9167	-78.0000
USC00366649	OSWAYO	20040105	51	9999	9999	51	NA	NA	521.2	41.9167	-78.0000
USC00366649	OSWAYO	20040106	51	9999	9999	51	NA	NA	521.2	41.9167	-78.0000
USC00366649	OSWAYO	20040107	51	9999	9999	51	NA	NA	521.2	41.9167	-78.0000
USC00366649	OSWAYO	20040108	102	9999	9999	102	NA	NA	521.2	41.9167	-78.0000
USC00366649	OSWAYO	20040109	102	9999	9999	102	NA	NA	521.2	41.9167	-78.0000
USC00366649	OSWAYO	20040110	102	9999	9999	102	NA	NA	521.2	41.9167	-78.0000
USC00366649	OSWAYO	20040111	102	9999	9999	102	NA	NA	521.2	41.9167	-78.0000
USC00366649	OSWAYO	20040112	102	9999	9999	102	NA	NA	521.2	41.9167	-78.0000
USC00366649	OSWAYO	20040113	102	9999	9999	102	NA	NA	521.2	41.9167	-78.0000
USC00366649	OSWAYO	20040114	102	9999	9999	102	NA	NA	521.2	41.9167	-78.0000
USC00366649	OSWAYO	20040115	203	9999	9999	203	NA	NA	521.2	41.9167	-78.0000
USC00366649	OSWAYO	20040116	203	9999	9999	203	NA	NA	521.2	41.9167	-78.0000
USC00366649	OSWAYO	20040117	127	9999	9999	127	NA	NA	521.2	41.9167	-78.0000
USC00366649	OSWAYO	20040118	152	9999	9999	152	NA	NA	521.2	41.9167	-78.0000
USC00366649	OSWAYO	20040119	178	9999	9999	178	NA	NA	521.2	41.9167	-78.0000
USC00366649	OSWAYO	20040120	203	9999	9999	203	NA	NA	521.2	41.9167	-78.0000
USC00366649	OSWAYO	20040121	203	9999	9999	203	NA	NA	521.2	41.9167	-78.0000
USC00366649	OSWAYO	20040122	203	9999	9999	203	NA	NA	521.2	41.9167	-78.0000
USC00366649	OSWAYO	20040123	203	9999	9999	203	NA	NA	521.2	41.9167	-78.0000
USC00366649	OSWAYO	20040124	229	9999	9999	229	NA	NA	521.2	41.9167	-78.0000
USC00366649	OSWAYO	20040125	229	9999	9999	229	NA	NA	521.2	41.9167	-78.0000
USC00366649	OSWAYO	20040126	229	9999	9999	229	NA	NA	521.2	41.9167	-78.0000
USC00366649	OSWAYO	20040127	254	9999	9999	254	NA	NA	521.2	41.9167	-78.0000
USC00366649	OSWAYO	20040128	305	9999	9999	305	NA	NA	521.2	41.9167	-78.0000
USC00366649	OSWAYO	20040129	305	9999	9999	305	NA	NA	521.2	41.9167	-78.0000
USC00366649	OSWAYO	20040130	305	9999	9999	305	NA	NA	521.2	41.9167	-78.0000
USC00366649	OSWAYO	20040131	305	9999	9999	305	NA	NA	521.2	41.9167	-78.0000
USC00366649	OSWAYO	20050101	0	9999	9999	0	NA	NA	521.2	41.9167	-78.0000
USC00366649	OSWAYO	20050102	0	9999	9999	0	NA	NA	521.2	41.9167	-78.0000
USC00366649	OSWAYO	20050103	0	9999	9999	0	NA	NA	521.2	41.9167	-78.0000
USC00366649	OSWAYO	20050104	0	9999	9999	0	NA	NA	521.2	41.9167	-78.0000
USC00366649	OSWAYO	20050105	25	9999	9999	25	NA	NA	521.2	41.9167	-78.0000
USC00366649	OSWAYO	20050106	203	9999	9999	203	NA	NA	521.2	41.9167	-78.0000
USC00366649	OSWAYO	20050107	127	9999	9999	127	NA	NA	521.2	41.9167	-78.0000
USC00366649	OSWAYO	20050108	127	9999	9999	127	NA	NA	521.2	41.9167	-78.0000
USC00366649	OSWAYO	20050109	102	9999	9999	102	NA	NA	521.2	41.9167	-78.0000
USC00366649	OSWAYO	20050110	76	9999	9999	76	NA	NA	521.2	41.9167	-78.0000
USC00366649	OSWAYO	20050111	76	9999	9999	76	NA	NA	521.2	41.9167	-78.0000
USC00366649	OSWAYO	20050112	127	9999	9999	127	NA	NA	521.2	41.9167	-78.0000
USC00366649	OSWAYO	20050113	51	9999	9999	51	NA	NA	521.2	41.9167	-78.0000
USC00366649	OSWAYO	20050114	25	9999	9999	25	NA	NA	521.2	41.9167	-78.0000
USC00366649	OSWAYO	20050115	0	9999	9999	0	NA	NA	521.2	41.9167	-78.0000
USC00366649	OSWAYO	20050116	0	9999	9999	0	NA	NA	521.2	41.9167	-78.0000
USC00366649	OSWAYO	20050117	51	9999	9999	51	NA	NA	521.2	41.9167	-78.0000
USC00366649	OSWAYO	20050118	76	9999	9999	76	NA	NA	521.2	41.9167	-78.0000
USC00366649	OSWAYO	20050119	76	9999	9999	76	NA	NA	521.2	41.9167	-78.0000
USC00366649	OSWAYO	20050120	203	9999	9999	203	NA	NA	521.2	41.9167	-78.0000
USC00366649	OSWAYO	20050121	178	9999	9999	178	NA	NA	521.2	41.9167	-78.0000
USC00366649	OSWAYO	20050122	152	9999	9999	152	NA	NA	521.2	41.9167	-78.0000
USC00366649	OSWAYO	20050123	305	9999	9999	305	NA	NA	521.2	41.9167	-78.0000
USC00366649	OSWAYO	20050124	279	9999	9999	279	NA	NA	521.2	41.9167	-78.0000
USC00366649	OSWAYO	20050125	279	9999	9999	279	NA	NA	521.2	41.9167	-78.0000
USC00366649	OSWAYO	20050126	254	9999	9999	254	NA	NA	521.2	41.9167	-78.0000
USC00366649	OSWAYO	20050127	229	9999	9999	229	NA	NA	521.2	41.9167	-78.0000
USC00366649	OSWAYO	20050128	229	9999	9999	229	NA	NA	521.2	41.9167	-78.0000
USC00366649	OSWAYO	20050129	203	9999	9999	203	NA	NA	521.2	41.9167	-78.0000
USC00366649	OSWAYO	20050130	178	9999	9999	178	NA	NA	521.2	41.9167	-78.0000
USC00366649	OSWAYO	20050131	152	9999	9999	152	NA	NA	521.2	41.9167	-78.0000
