STATION	NAME	DATE	SNWD	TMAX	TMIN	SNWD2	TMAX2	TMIN2	ELEV	LAT	LONG
USC00366886	PHILADELPHIA	19950101	9999	56	-33	NA	56	-33	18.3	39.9576	-75.1727
USC00366886	PHILADELPHIA	19950102	9999	122	39	NA	122	39	18.3	39.9576	-75.1727
USC00366886	PHILADELPHIA	19950103	9999	39	-50	NA	39	-50	18.3	39.9576	-75.1727
USC00366886	PHILADELPHIA	19950104	9999	-6	-44	NA	-6	-44	18.3	39.9576	-75.1727
USC00366886	PHILADELPHIA	19950105	9999	6	-100	NA	6	-100	18.3	39.9576	-75.1727
USC00366886	PHILADELPHIA	19950106	9999	-39	-100	NA	-39	-100	18.3	39.9576	-75.1727
USC00366886	PHILADELPHIA	19950107	9999	33	-56	NA	33	-56	18.3	39.9576	-75.1727
USC00366886	PHILADELPHIA	19950108	9999	78	-17	NA	78	-17	18.3	39.9576	-75.1727
USC00366886	PHILADELPHIA	19950109	9999	22	-28	NA	22	-28	18.3	39.9576	-75.1727
USC00366886	PHILADELPHIA	19950110	9999	56	-44	NA	56	-44	18.3	39.9576	-75.1727
USC00366886	PHILADELPHIA	19950111	9999	11	-44	NA	11	-44	18.3	39.9576	-75.1727
USC00366886	PHILADELPHIA	19950112	9999	28	0	NA	28	0	18.3	39.9576	-75.1727
USC00366886	PHILADELPHIA	19950113	9999	122	22	NA	122	22	18.3	39.9576	-75.1727
USC00366886	PHILADELPHIA	19950114	9999	183	106	NA	183	106	18.3	39.9576	-75.1727
USC00366886	PHILADELPHIA	19950115	9999	222	144	NA	222	144	18.3	39.9576	-75.1727
USC00366886	PHILADELPHIA	19950116	9999	211	139	NA	211	139	18.3	39.9576	-75.1727
USC00366886	PHILADELPHIA	19950117	9999	156	67	NA	156	67	18.3	39.9576	-75.1727
USC00366886	PHILADELPHIA	19950118	9999	144	61	NA	144	61	18.3	39.9576	-75.1727
USC00366886	PHILADELPHIA	19950119	9999	78	39	NA	78	39	18.3	39.9576	-75.1727
USC00366886	PHILADELPHIA	19950120	9999	94	39	NA	94	39	18.3	39.9576	-75.1727
USC00366886	PHILADELPHIA	19950121	9999	117	39	NA	117	39	18.3	39.9576	-75.1727
USC00366886	PHILADELPHIA	19950122	9999	50	-6	NA	50	-6	18.3	39.9576	-75.1727
USC00366886	PHILADELPHIA	19950123	9999	28	-28	NA	28	-28	18.3	39.9576	-75.1727
USC00366886	PHILADELPHIA	19950124	9999	39	-28	NA	39	-28	18.3	39.9576	-75.1727
USC00366886	PHILADELPHIA	19950125	9999	39	-6	NA	39	-6	18.3	39.9576	-75.1727
USC00366886	PHILADELPHIA	19950126	9999	67	-22	NA	67	-22	18.3	39.9576	-75.1727
USC00366886	PHILADELPHIA	19950127	9999	28	-22	NA	28	-22	18.3	39.9576	-75.1727
USC00366886	PHILADELPHIA	19950128	9999	39	-28	NA	39	-28	18.3	39.9576	-75.1727
USC00366886	PHILADELPHIA	19950129	9999	6	-39	NA	6	-39	18.3	39.9576	-75.1727
USC00366886	PHILADELPHIA	19950130	9999	17	-72	NA	17	-72	18.3	39.9576	-75.1727
USC00366886	PHILADELPHIA	19950131	9999	61	-28	NA	61	-28	18.3	39.9576	-75.1727
USC00366886	PHILADELPHIA	19960101	9999	72	33	NA	72	33	18.3	39.9576	-75.1727
USC00366886	PHILADELPHIA	19960102	9999	44	6	NA	44	6	18.3	39.9576	-75.1727
USC00366886	PHILADELPHIA	19960103	9999	6	-50	NA	6	-50	18.3	39.9576	-75.1727
USC00366886	PHILADELPHIA	19960104	9999	-39	-94	NA	-39	-94	18.3	39.9576	-75.1727
USC00366886	PHILADELPHIA	19960105	9999	-11	-72	NA	-11	-72	18.3	39.9576	-75.1727
USC00366886	PHILADELPHIA	19960106	9999	-67	-122	NA	-67	-122	18.3	39.9576	-75.1727
USC00366886	PHILADELPHIA	19960107	9999	-56	-106	NA	-56	-106	18.3	39.9576	-75.1727
USC00366886	PHILADELPHIA	19960108	9999	-28	-67	NA	-28	-67	18.3	39.9576	-75.1727
USC00366886	PHILADELPHIA	19960109	9999	0	-67	NA	0	-67	18.3	39.9576	-75.1727
USC00366886	PHILADELPHIA	19960110	9999	6	-72	NA	6	-72	18.3	39.9576	-75.1727
USC00366886	PHILADELPHIA	19960111	9999	-6	-106	NA	-6	-106	18.3	39.9576	-75.1727
USC00366886	PHILADELPHIA	19960112	9999	28	-72	NA	28	-72	18.3	39.9576	-75.1727
USC00366886	PHILADELPHIA	19960113	9999	17	-22	NA	17	-22	18.3	39.9576	-75.1727
USC00366886	PHILADELPHIA	19960114	9999	44	-6	NA	44	-6	18.3	39.9576	-75.1727
USC00366886	PHILADELPHIA	19960115	9999	67	-44	NA	67	-44	18.3	39.9576	-75.1727
USC00366886	PHILADELPHIA	19960116	9999	11	-72	NA	11	-72	18.3	39.9576	-75.1727
USC00366886	PHILADELPHIA	19960117	9999	56	-11	NA	56	-11	18.3	39.9576	-75.1727
USC00366886	PHILADELPHIA	19960118	9999	139	6	NA	139	6	18.3	39.9576	-75.1727
USC00366886	PHILADELPHIA	19960119	9999	178	-56	NA	178	-56	18.3	39.9576	-75.1727
USC00366886	PHILADELPHIA	19960120	9999	11	-50	NA	11	-50	18.3	39.9576	-75.1727
USC00366886	PHILADELPHIA	19960121	9999	0	-39	NA	0	-39	18.3	39.9576	-75.1727
USC00366886	PHILADELPHIA	19960122	9999	39	-11	NA	39	-11	18.3	39.9576	-75.1727
USC00366886	PHILADELPHIA	19960123	9999	56	11	NA	56	11	18.3	39.9576	-75.1727
USC00366886	PHILADELPHIA	19960124	9999	133	44	NA	133	44	18.3	39.9576	-75.1727
USC00366886	PHILADELPHIA	19960125	9999	44	-22	NA	44	-22	18.3	39.9576	-75.1727
USC00366886	PHILADELPHIA	19960126	9999	94	-28	NA	94	-28	18.3	39.9576	-75.1727
USC00366886	PHILADELPHIA	19960127	9999	144	6	NA	144	6	18.3	39.9576	-75.1727
USC00366886	PHILADELPHIA	19960128	9999	22	-17	NA	22	-17	18.3	39.9576	-75.1727
USC00366886	PHILADELPHIA	19960129	9999	44	-17	NA	44	-17	18.3	39.9576	-75.1727
USC00366886	PHILADELPHIA	19960130	9999	78	11	NA	78	11	18.3	39.9576	-75.1727
USC00366886	PHILADELPHIA	19960131	9999	50	-67	NA	50	-67	18.3	39.9576	-75.1727
USC00366886	PHILADELPHIA	19970101	9999	-6	-39	NA	-6	-39	18.3	39.9576	-75.1727
USC00366886	PHILADELPHIA	19970102	9999	67	-6	NA	67	-6	18.3	39.9576	-75.1727
USC00366886	PHILADELPHIA	19970103	9999	156	83	NA	156	83	18.3	39.9576	-75.1727
USC00366886	PHILADELPHIA	19970104	9999	117	72	NA	117	72	18.3	39.9576	-75.1727
USC00366886	PHILADELPHIA	19970105	9999	167	67	NA	167	67	18.3	39.9576	-75.1727
USC00366886	PHILADELPHIA	19970106	9999	106	6	NA	106	6	18.3	39.9576	-75.1727
USC00366886	PHILADELPHIA	19970107	9999	17	-39	NA	17	-39	18.3	39.9576	-75.1727
USC00366886	PHILADELPHIA	19970108	9999	33	-44	NA	33	-44	18.3	39.9576	-75.1727
USC00366886	PHILADELPHIA	19970109	9999	6	-33	NA	6	-33	18.3	39.9576	-75.1727
USC00366886	PHILADELPHIA	19970110	9999	44	6	NA	44	6	18.3	39.9576	-75.1727
USC00366886	PHILADELPHIA	19970111	9999	-28	-83	NA	-28	-83	18.3	39.9576	-75.1727
USC00366886	PHILADELPHIA	19970112	9999	-50	-100	NA	-50	-100	18.3	39.9576	-75.1727
USC00366886	PHILADELPHIA	19970113	9999	-44	-100	NA	-44	-100	18.3	39.9576	-75.1727
USC00366886	PHILADELPHIA	19970114	9999	-39	-100	NA	-39	-100	18.3	39.9576	-75.1727
USC00366886	PHILADELPHIA	19970115	9999	28	-83	NA	28	-83	18.3	39.9576	-75.1727
USC00366886	PHILADELPHIA	19970116	9999	50	-67	NA	50	-67	18.3	39.9576	-75.1727
USC00366886	PHILADELPHIA	19970117	9999	-61	-133	NA	-61	-133	18.3	39.9576	-75.1727
USC00366886	PHILADELPHIA	19970118	9999	-106	-144	NA	-106	-144	18.3	39.9576	-75.1727
USC00366886	PHILADELPHIA	19970119	9999	-111	-161	NA	-111	-161	18.3	39.9576	-75.1727
USC00366886	PHILADELPHIA	19970120	9999	-11	-106	NA	-11	-106	18.3	39.9576	-75.1727
USC00366886	PHILADELPHIA	19970121	9999	44	-44	NA	44	-44	18.3	39.9576	-75.1727
USC00366886	PHILADELPHIA	19970122	9999	89	-28	NA	89	-28	18.3	39.9576	-75.1727
USC00366886	PHILADELPHIA	19970123	9999	111	-28	NA	111	-28	18.3	39.9576	-75.1727
USC00366886	PHILADELPHIA	19970124	9999	78	-44	NA	78	-44	18.3	39.9576	-75.1727
USC00366886	PHILADELPHIA	19970125	9999	72	-61	NA	72	-61	18.3	39.9576	-75.1727
USC00366886	PHILADELPHIA	19970126	9999	-6	-50	NA	-6	-50	18.3	39.9576	-75.1727
USC00366886	PHILADELPHIA	19970127	9999	28	-56	NA	28	-56	18.3	39.9576	-75.1727
USC00366886	PHILADELPHIA	19970128	9999	67	-28	NA	67	-28	18.3	39.9576	-75.1727
USC00366886	PHILADELPHIA	19970129	9999	-6	-67	NA	-6	-67	18.3	39.9576	-75.1727
USC00366886	PHILADELPHIA	19970130	9999	-6	-72	NA	-6	-72	18.3	39.9576	-75.1727
USC00366886	PHILADELPHIA	19970131	9999	28	-22	NA	28	-22	18.3	39.9576	-75.1727
USC00366886	PHILADELPHIA	19980101	9999	17	-78	NA	17	-78	18.3	39.9576	-75.1727
USC00366886	PHILADELPHIA	19980102	9999	128	-17	NA	128	-17	18.3	39.9576	-75.1727
USC00366886	PHILADELPHIA	19980103	9999	133	61	NA	133	61	18.3	39.9576	-75.1727
USC00366886	PHILADELPHIA	19980104	9999	183	61	NA	183	61	18.3	39.9576	-75.1727
USC00366886	PHILADELPHIA	19980105	9999	133	67	NA	133	67	18.3	39.9576	-75.1727
USC00366886	PHILADELPHIA	19980106	9999	167	122	NA	167	122	18.3	39.9576	-75.1727
USC00366886	PHILADELPHIA	19980107	9999	122	111	NA	122	111	18.3	39.9576	-75.1727
USC00366886	PHILADELPHIA	19980108	9999	211	178	NA	211	178	18.3	39.9576	-75.1727
USC00366886	PHILADELPHIA	19980109	9999	189	78	NA	189	78	18.3	39.9576	-75.1727
USC00366886	PHILADELPHIA	19980110	9999	117	44	NA	117	44	18.3	39.9576	-75.1727
USC00366886	PHILADELPHIA	19980111	9999	106	44	NA	106	44	18.3	39.9576	-75.1727
USC00366886	PHILADELPHIA	19980112	9999	56	0	NA	56	0	18.3	39.9576	-75.1727
USC00366886	PHILADELPHIA	19980113	9999	100	-17	NA	100	-17	18.3	39.9576	-75.1727
USC00366886	PHILADELPHIA	19980114	9999	22	-28	NA	22	-28	18.3	39.9576	-75.1727
USC00366886	PHILADELPHIA	19980115	9999	72	-17	NA	72	-17	18.3	39.9576	-75.1727
USC00366886	PHILADELPHIA	19980116	9999	67	17	NA	67	17	18.3	39.9576	-75.1727
USC00366886	PHILADELPHIA	19980117	9999	72	17	NA	72	17	18.3	39.9576	-75.1727
USC00366886	PHILADELPHIA	19980118	9999	39	17	NA	39	17	18.3	39.9576	-75.1727
USC00366886	PHILADELPHIA	19980119	9999	56	11	NA	56	11	18.3	39.9576	-75.1727
USC00366886	PHILADELPHIA	19980120	9999	0	-33	NA	0	-33	18.3	39.9576	-75.1727
USC00366886	PHILADELPHIA	19980121	9999	28	-44	NA	28	-44	18.3	39.9576	-75.1727
USC00366886	PHILADELPHIA	19980122	9999	33	6	NA	33	6	18.3	39.9576	-75.1727
USC00366886	PHILADELPHIA	19980123	9999	78	22	NA	78	22	18.3	39.9576	-75.1727
USC00366886	PHILADELPHIA	19980124	9999	89	6	NA	89	6	18.3	39.9576	-75.1727
USC00366886	PHILADELPHIA	19980125	9999	44	6	NA	44	6	18.3	39.9576	-75.1727
USC00366886	PHILADELPHIA	19980126	9999	67	11	NA	67	11	18.3	39.9576	-75.1727
USC00366886	PHILADELPHIA	19980127	9999	83	17	NA	83	17	18.3	39.9576	-75.1727
USC00366886	PHILADELPHIA	19980128	9999	44	6	NA	44	6	18.3	39.9576	-75.1727
USC00366886	PHILADELPHIA	19980129	9999	117	6	NA	117	6	18.3	39.9576	-75.1727
USC00366886	PHILADELPHIA	19980130	9999	78	33	NA	78	33	18.3	39.9576	-75.1727
USC00366886	PHILADELPHIA	19980131	9999	67	6	NA	67	6	18.3	39.9576	-75.1727
USC00366886	PHILADELPHIA	19990101	9999	-17	-94	NA	-17	-94	18.3	39.9576	-75.1727
USC00366886	PHILADELPHIA	19990102	9999	-33	-122	NA	-33	-122	18.3	39.9576	-75.1727
USC00366886	PHILADELPHIA	19990103	9999	128	-33	NA	128	-33	18.3	39.9576	-75.1727
USC00366886	PHILADELPHIA	19990104	9999	-22	-72	NA	-22	-72	18.3	39.9576	-75.1727
USC00366886	PHILADELPHIA	19990105	9999	-28	-94	NA	-28	-94	18.3	39.9576	-75.1727
USC00366886	PHILADELPHIA	19990106	9999	6	-89	NA	6	-89	18.3	39.9576	-75.1727
USC00366886	PHILADELPHIA	19990107	9999	17	-50	NA	17	-50	18.3	39.9576	-75.1727
USC00366886	PHILADELPHIA	19990108	9999	0	-61	NA	0	-61	18.3	39.9576	-75.1727
USC00366886	PHILADELPHIA	19990109	9999	67	-17	NA	67	-17	18.3	39.9576	-75.1727
USC00366886	PHILADELPHIA	19990110	9999	-11	-61	NA	-11	-61	18.3	39.9576	-75.1727
USC00366886	PHILADELPHIA	19990111	9999	-33	-67	NA	-33	-67	18.3	39.9576	-75.1727
USC00366886	PHILADELPHIA	19990112	9999	111	-50	NA	111	-50	18.3	39.9576	-75.1727
USC00366886	PHILADELPHIA	19990113	9999	122	-28	NA	122	-28	18.3	39.9576	-75.1727
USC00366886	PHILADELPHIA	19990114	9999	-28	-72	NA	-28	-72	18.3	39.9576	-75.1727
USC00366886	PHILADELPHIA	19990115	9999	33	-33	NA	33	-33	18.3	39.9576	-75.1727
USC00366886	PHILADELPHIA	19990116	9999	94	-44	NA	94	-44	18.3	39.9576	-75.1727
USC00366886	PHILADELPHIA	19990117	9999	139	33	NA	139	33	18.3	39.9576	-75.1727
USC00366886	PHILADELPHIA	19990118	9999	150	39	NA	150	39	18.3	39.9576	-75.1727
USC00366886	PHILADELPHIA	19990119	9999	100	39	NA	100	39	18.3	39.9576	-75.1727
USC00366886	PHILADELPHIA	19990120	9999	78	44	NA	78	44	18.3	39.9576	-75.1727
USC00366886	PHILADELPHIA	19990121	9999	106	28	NA	106	28	18.3	39.9576	-75.1727
USC00366886	PHILADELPHIA	19990122	9999	78	61	NA	78	61	18.3	39.9576	-75.1727
USC00366886	PHILADELPHIA	19990123	9999	178	67	NA	178	67	18.3	39.9576	-75.1727
USC00366886	PHILADELPHIA	19990124	9999	183	39	NA	183	39	18.3	39.9576	-75.1727
USC00366886	PHILADELPHIA	19990125	9999	61	17	NA	61	17	18.3	39.9576	-75.1727
USC00366886	PHILADELPHIA	19990126	9999	67	0	NA	67	0	18.3	39.9576	-75.1727
USC00366886	PHILADELPHIA	19990127	9999	94	6	NA	94	6	18.3	39.9576	-75.1727
USC00366886	PHILADELPHIA	19990128	9999	78	33	NA	78	33	18.3	39.9576	-75.1727
USC00366886	PHILADELPHIA	19990129	9999	56	0	NA	56	0	18.3	39.9576	-75.1727
USC00366886	PHILADELPHIA	19990130	9999	61	-28	NA	61	-28	18.3	39.9576	-75.1727
USC00366886	PHILADELPHIA	19990131	9999	-6	-78	NA	-6	-78	18.3	39.9576	-75.1727
USC00366886	PHILADELPHIA	20000101	9999	72	17	NA	72	17	18.3	39.9576	-75.1727
USC00366886	PHILADELPHIA	20000102	9999	183	61	NA	183	61	18.3	39.9576	-75.1727
USC00366886	PHILADELPHIA	20000103	9999	178	150	NA	178	150	18.3	39.9576	-75.1727
USC00366886	PHILADELPHIA	20000104	9999	200	94	NA	200	94	18.3	39.9576	-75.1727
USC00366886	PHILADELPHIA	20000105	9999	94	11	NA	94	11	18.3	39.9576	-75.1727
USC00366886	PHILADELPHIA	20000106	9999	78	-17	NA	78	-17	18.3	39.9576	-75.1727
USC00366886	PHILADELPHIA	20000107	9999	100	17	NA	100	17	18.3	39.9576	-75.1727
USC00366886	PHILADELPHIA	20000108	9999	50	-6	NA	50	-6	18.3	39.9576	-75.1727
USC00366886	PHILADELPHIA	20000109	9999	89	33	NA	89	33	18.3	39.9576	-75.1727
USC00366886	PHILADELPHIA	20000110	9999	144	67	NA	144	67	18.3	39.9576	-75.1727
USC00366886	PHILADELPHIA	20000111	9999	117	44	NA	117	44	18.3	39.9576	-75.1727
USC00366886	PHILADELPHIA	20000112	9999	78	39	NA	78	39	18.3	39.9576	-75.1727
USC00366886	PHILADELPHIA	20000113	9999	72	-67	NA	72	-67	18.3	39.9576	-75.1727
USC00366886	PHILADELPHIA	20000114	9999	-33	-89	NA	-33	-89	18.3	39.9576	-75.1727
USC00366886	PHILADELPHIA	20000115	9999	6	-61	NA	6	-61	18.3	39.9576	-75.1727
USC00366886	PHILADELPHIA	20000116	9999	117	-50	NA	117	-50	18.3	39.9576	-75.1727
USC00366886	PHILADELPHIA	20000117	9999	-50	-133	NA	-50	-133	18.3	39.9576	-75.1727
USC00366886	PHILADELPHIA	20000118	9999	-67	-139	NA	-67	-139	18.3	39.9576	-75.1727
USC00366886	PHILADELPHIA	20000119	9999	17	-94	NA	17	-94	18.3	39.9576	-75.1727
USC00366886	PHILADELPHIA	20000120	9999	-6	-39	NA	-6	-39	18.3	39.9576	-75.1727
USC00366886	PHILADELPHIA	20000121	9999	-39	-111	NA	-39	-111	18.3	39.9576	-75.1727
USC00366886	PHILADELPHIA	20000122	9999	-56	-117	NA	-56	-117	18.3	39.9576	-75.1727
USC00366886	PHILADELPHIA	20000123	9999	-17	-72	NA	-17	-72	18.3	39.9576	-75.1727
USC00366886	PHILADELPHIA	20000124	9999	50	-22	NA	50	-22	18.3	39.9576	-75.1727
USC00366886	PHILADELPHIA	20000125	9999	22	-33	NA	22	-33	18.3	39.9576	-75.1727
USC00366886	PHILADELPHIA	20000126	9999	6	-61	NA	6	-61	18.3	39.9576	-75.1727
USC00366886	PHILADELPHIA	20000127	9999	-61	-106	NA	-61	-106	18.3	39.9576	-75.1727
USC00366886	PHILADELPHIA	20000128	9999	-50	-117	NA	-50	-117	18.3	39.9576	-75.1727
USC00366886	PHILADELPHIA	20000129	9999	17	-83	NA	17	-83	18.3	39.9576	-75.1727
USC00366886	PHILADELPHIA	20000130	9999	22	-61	NA	22	-61	18.3	39.9576	-75.1727
USC00366886	PHILADELPHIA	20000131	9999	17	-11	NA	17	-11	18.3	39.9576	-75.1727
USC00366886	PHILADELPHIA	20010101	9999	22	-44	NA	22	-44	18.3	39.9576	-75.1727
USC00366886	PHILADELPHIA	20010102	9999	-22	-44	NA	-22	-44	18.3	39.9576	-75.1727
USC00366886	PHILADELPHIA	20010103	9999	6	-61	NA	6	-61	18.3	39.9576	-75.1727
USC00366886	PHILADELPHIA	20010104	9999	22	-28	NA	22	-28	18.3	39.9576	-75.1727
USC00366886	PHILADELPHIA	20010105	9999	0	-44	NA	0	-44	18.3	39.9576	-75.1727
USC00366886	PHILADELPHIA	20010106	9999	39	-11	NA	39	-11	18.3	39.9576	-75.1727
USC00366886	PHILADELPHIA	20010107	9999	67	-6	NA	67	-6	18.3	39.9576	-75.1727
USC00366886	PHILADELPHIA	20010108	9999	50	17	NA	50	17	18.3	39.9576	-75.1727
USC00366886	PHILADELPHIA	20010109	9999	17	-28	NA	17	-28	18.3	39.9576	-75.1727
USC00366886	PHILADELPHIA	20010110	9999	22	-28	NA	22	-28	18.3	39.9576	-75.1727
USC00366886	PHILADELPHIA	20010111	9999	100	0	NA	100	0	18.3	39.9576	-75.1727
USC00366886	PHILADELPHIA	20010112	9999	72	0	NA	72	0	18.3	39.9576	-75.1727
USC00366886	PHILADELPHIA	20010113	9999	67	-6	NA	67	-6	18.3	39.9576	-75.1727
USC00366886	PHILADELPHIA	20010114	9999	67	0	NA	67	0	18.3	39.9576	-75.1727
USC00366886	PHILADELPHIA	20010115	9999	67	33	NA	67	33	18.3	39.9576	-75.1727
USC00366886	PHILADELPHIA	20010116	9999	72	28	NA	72	28	18.3	39.9576	-75.1727
USC00366886	PHILADELPHIA	20010117	9999	67	22	NA	67	22	18.3	39.9576	-75.1727
USC00366886	PHILADELPHIA	20010118	9999	33	11	NA	33	11	18.3	39.9576	-75.1727
USC00366886	PHILADELPHIA	20010119	9999	56	28	NA	56	28	18.3	39.9576	-75.1727
USC00366886	PHILADELPHIA	20010120	9999	39	-6	NA	39	-6	18.3	39.9576	-75.1727
USC00366886	PHILADELPHIA	20010121	9999	0	-44	NA	0	-44	18.3	39.9576	-75.1727
USC00366886	PHILADELPHIA	20010122	9999	22	-56	NA	22	-56	18.3	39.9576	-75.1727
USC00366886	PHILADELPHIA	20010123	9999	33	-56	NA	33	-56	18.3	39.9576	-75.1727
USC00366886	PHILADELPHIA	20010124	9999	61	-17	NA	61	-17	18.3	39.9576	-75.1727
USC00366886	PHILADELPHIA	20010125	9999	44	-22	NA	44	-22	18.3	39.9576	-75.1727
USC00366886	PHILADELPHIA	20010126	9999	22	-44	NA	22	-44	18.3	39.9576	-75.1727
USC00366886	PHILADELPHIA	20010127	9999	56	-6	NA	56	-6	18.3	39.9576	-75.1727
USC00366886	PHILADELPHIA	20010128	9999	33	-11	NA	33	-11	18.3	39.9576	-75.1727
USC00366886	PHILADELPHIA	20010129	9999	39	-28	NA	39	-28	18.3	39.9576	-75.1727
USC00366886	PHILADELPHIA	20010130	9999	133	11	NA	133	11	18.3	39.9576	-75.1727
USC00366886	PHILADELPHIA	20010131	9999	106	39	NA	106	39	18.3	39.9576	-75.1727
USC00366886	PHILADELPHIA	20020101	9999	17	-56	NA	17	-56	18.3	39.9576	-75.1727
USC00366886	PHILADELPHIA	20020102	9999	33	-44	NA	33	-44	18.3	39.9576	-75.1727
USC00366886	PHILADELPHIA	20020103	9999	39	-17	NA	39	-17	18.3	39.9576	-75.1727
USC00366886	PHILADELPHIA	20020104	9999	44	-17	NA	44	-17	18.3	39.9576	-75.1727
USC00366886	PHILADELPHIA	20020105	9999	67	17	NA	67	17	18.3	39.9576	-75.1727
USC00366886	PHILADELPHIA	20020106	9999	50	11	NA	50	11	18.3	39.9576	-75.1727
USC00366886	PHILADELPHIA	20020107	9999	22	-6	NA	22	-6	18.3	39.9576	-75.1727
USC00366886	PHILADELPHIA	20020108	9999	28	-28	NA	28	-28	18.3	39.9576	-75.1727
USC00366886	PHILADELPHIA	20020109	9999	50	0	NA	50	0	18.3	39.9576	-75.1727
USC00366886	PHILADELPHIA	20020110	9999	139	39	NA	139	39	18.3	39.9576	-75.1727
USC00366886	PHILADELPHIA	20020111	9999	100	56	NA	100	56	18.3	39.9576	-75.1727
USC00366886	PHILADELPHIA	20020112	9999	89	33	NA	89	33	18.3	39.9576	-75.1727
USC00366886	PHILADELPHIA	20020113	9999	67	22	NA	67	22	18.3	39.9576	-75.1727
USC00366886	PHILADELPHIA	20020114	9999	100	17	NA	100	17	18.3	39.9576	-75.1727
USC00366886	PHILADELPHIA	20020115	9999	106	33	NA	106	33	18.3	39.9576	-75.1727
USC00366886	PHILADELPHIA	20020116	9999	72	39	NA	72	39	18.3	39.9576	-75.1727
USC00366886	PHILADELPHIA	20020117	9999	106	33	NA	106	33	18.3	39.9576	-75.1727
USC00366886	PHILADELPHIA	20020118	9999	44	0	NA	44	0	18.3	39.9576	-75.1727
USC00366886	PHILADELPHIA	20020119	9999	0	-17	NA	0	-17	18.3	39.9576	-75.1727
USC00366886	PHILADELPHIA	20020120	9999	44	-22	NA	44	-22	18.3	39.9576	-75.1727
USC00366886	PHILADELPHIA	20020121	9999	56	6	NA	56	6	18.3	39.9576	-75.1727
USC00366886	PHILADELPHIA	20020122	9999	89	33	NA	89	33	18.3	39.9576	-75.1727
USC00366886	PHILADELPHIA	20020123	9999	83	17	NA	83	17	18.3	39.9576	-75.1727
USC00366886	PHILADELPHIA	20020124	9999	117	83	NA	117	83	18.3	39.9576	-75.1727
USC00366886	PHILADELPHIA	20020125	9999	117	39	NA	117	39	18.3	39.9576	-75.1727
USC00366886	PHILADELPHIA	20020126	9999	128	22	NA	128	22	18.3	39.9576	-75.1727
USC00366886	PHILADELPHIA	20020127	9999	161	33	NA	161	33	18.3	39.9576	-75.1727
USC00366886	PHILADELPHIA	20020128	9999	172	61	NA	172	61	18.3	39.9576	-75.1727
USC00366886	PHILADELPHIA	20020129	9999	228	94	NA	228	94	18.3	39.9576	-75.1727
USC00366886	PHILADELPHIA	20020130	9999	194	83	NA	194	83	18.3	39.9576	-75.1727
USC00366886	PHILADELPHIA	20020131	9999	100	50	NA	100	50	18.3	39.9576	-75.1727
USC00366886	PHILADELPHIA	20030101	9999	89	44	NA	89	44	18.3	39.9576	-75.1727
USC00366886	PHILADELPHIA	20030102	9999	50	11	NA	50	11	18.3	39.9576	-75.1727
USC00366886	PHILADELPHIA	20030103	9999	50	11	NA	50	11	18.3	39.9576	-75.1727
USC00366886	PHILADELPHIA	20030104	9999	44	22	NA	44	22	18.3	39.9576	-75.1727
USC00366886	PHILADELPHIA	20030105	9999	44	11	NA	44	11	18.3	39.9576	-75.1727
USC00366886	PHILADELPHIA	20030106	9999	28	11	NA	28	11	18.3	39.9576	-75.1727
USC00366886	PHILADELPHIA	20030107	9999	6	-22	NA	6	-22	18.3	39.9576	-75.1727
USC00366886	PHILADELPHIA	20030108	9999	72	6	NA	72	6	18.3	39.9576	-75.1727
USC00366886	PHILADELPHIA	20030109	9999	122	39	NA	122	39	18.3	39.9576	-75.1727
USC00366886	PHILADELPHIA	20030110	9999	94	11	NA	94	11	18.3	39.9576	-75.1727
USC00366886	PHILADELPHIA	20030111	9999	11	-28	NA	11	-28	18.3	39.9576	-75.1727
USC00366886	PHILADELPHIA	20030112	9999	22	-33	NA	22	-33	18.3	39.9576	-75.1727
USC00366886	PHILADELPHIA	20030113	9999	61	-22	NA	61	-22	18.3	39.9576	-75.1727
USC00366886	PHILADELPHIA	20030114	9999	0	-39	NA	0	-39	18.3	39.9576	-75.1727
USC00366886	PHILADELPHIA	20030115	9999	-6	-56	NA	-6	-56	18.3	39.9576	-75.1727
USC00366886	PHILADELPHIA	20030116	9999	-11	-67	NA	-11	-67	18.3	39.9576	-75.1727
USC00366886	PHILADELPHIA	20030117	9999	6	-83	NA	6	-83	18.3	39.9576	-75.1727
USC00366886	PHILADELPHIA	20030118	9999	-33	-117	NA	-33	-117	18.3	39.9576	-75.1727
USC00366886	PHILADELPHIA	20030119	9999	0	-72	NA	0	-72	18.3	39.9576	-75.1727
USC00366886	PHILADELPHIA	20030120	9999	28	-39	NA	28	-39	18.3	39.9576	-75.1727
USC00366886	PHILADELPHIA	20030121	9999	-61	-61	NA	-61	-61	18.3	39.9576	-75.1727
USC00366886	PHILADELPHIA	20030122	9999	-33	-83	NA	-33	-83	18.3	39.9576	-75.1727
USC00366886	PHILADELPHIA	20030123	9999	-56	-100	NA	-56	-100	18.3	39.9576	-75.1727
USC00366886	PHILADELPHIA	20030124	9999	-6	-106	NA	-6	-106	18.3	39.9576	-75.1727
USC00366886	PHILADELPHIA	20030125	9999	11	-56	NA	11	-56	18.3	39.9576	-75.1727
USC00366886	PHILADELPHIA	20030126	9999	33	-22	NA	33	-22	18.3	39.9576	-75.1727
USC00366886	PHILADELPHIA	20030127	9999	0	-94	NA	0	-94	18.3	39.9576	-75.1727
USC00366886	PHILADELPHIA	20030128	9999	-17	-94	NA	-17	-94	18.3	39.9576	-75.1727
USC00366886	PHILADELPHIA	20030129	9999	-33	11	NA	-33	11	18.3	39.9576	-75.1727
USC00366886	PHILADELPHIA	20030130	9999	17	-22	NA	17	-22	18.3	39.9576	-75.1727
USC00366886	PHILADELPHIA	20030131	9999	33	11	NA	33	11	18.3	39.9576	-75.1727
USC00366886	PHILADELPHIA	20040101	9999	106	50	NA	106	50	18.3	39.9576	-75.1727
USC00366886	PHILADELPHIA	20040102	9999	100	61	NA	100	61	18.3	39.9576	-75.1727
USC00366886	PHILADELPHIA	20040103	9999	139	83	NA	139	83	18.3	39.9576	-75.1727
USC00366886	PHILADELPHIA	20040104	9999	144	50	NA	144	50	18.3	39.9576	-75.1727
USC00366886	PHILADELPHIA	20040105	9999	61	44	NA	61	44	18.3	39.9576	-75.1727
USC00366886	PHILADELPHIA	20040106	9999	50	-44	NA	50	-44	18.3	39.9576	-75.1727
USC00366886	PHILADELPHIA	20040107	9999	-22	-61	NA	-22	-61	18.3	39.9576	-75.1727
USC00366886	PHILADELPHIA	20040108	9999	6	-39	NA	6	-39	18.3	39.9576	-75.1727
USC00366886	PHILADELPHIA	20040109	9999	0	-111	NA	0	-111	18.3	39.9576	-75.1727
USC00366886	PHILADELPHIA	20040110	9999	-67	-133	NA	-67	-133	18.3	39.9576	-75.1727
USC00366886	PHILADELPHIA	20040111	9999	-6	-111	NA	-6	-111	18.3	39.9576	-75.1727
USC00366886	PHILADELPHIA	20040112	9999	72	-6	NA	72	-6	18.3	39.9576	-75.1727
USC00366886	PHILADELPHIA	20040113	9999	83	-39	NA	83	-39	18.3	39.9576	-75.1727
USC00366886	PHILADELPHIA	20040114	9999	-39	-72	NA	-39	-72	18.3	39.9576	-75.1727
USC00366886	PHILADELPHIA	20040115	9999	-44	-122	NA	-44	-122	18.3	39.9576	-75.1727
USC00366886	PHILADELPHIA	20040116	9999	-28	-128	NA	-28	-128	18.3	39.9576	-75.1727
USC00366886	PHILADELPHIA	20040117	9999	22	-61	NA	22	-61	18.3	39.9576	-75.1727
USC00366886	PHILADELPHIA	20040118	9999	33	0	NA	33	0	18.3	39.9576	-75.1727
USC00366886	PHILADELPHIA	20040119	9999	0	-28	NA	0	-28	18.3	39.9576	-75.1727
USC00366886	PHILADELPHIA	20040120	9999	-6	-50	NA	-6	-50	18.3	39.9576	-75.1727
USC00366886	PHILADELPHIA	20040121	9999	-11	-67	NA	-11	-67	18.3	39.9576	-75.1727
USC00366886	PHILADELPHIA	20040122	9999	61	-56	NA	61	-56	18.3	39.9576	-75.1727
USC00366886	PHILADELPHIA	20040123	9999	-56	-89	NA	-56	-89	18.3	39.9576	-75.1727
USC00366886	PHILADELPHIA	20040124	9999	-22	-83	NA	-22	-83	18.3	39.9576	-75.1727
USC00366886	PHILADELPHIA	20040125	9999	-50	-106	NA	-50	-106	18.3	39.9576	-75.1727
USC00366886	PHILADELPHIA	20040126	9999	-39	-72	NA	-39	-72	18.3	39.9576	-75.1727
USC00366886	PHILADELPHIA	20040127	9999	-22	-44	NA	-22	-44	18.3	39.9576	-75.1727
USC00366886	PHILADELPHIA	20040128	9999	-11	-44	NA	-11	-44	18.3	39.9576	-75.1727
USC00366886	PHILADELPHIA	20040129	9999	-11	-56	NA	-11	-56	18.3	39.9576	-75.1727
USC00366886	PHILADELPHIA	20040130	9999	-33	-83	NA	-33	-83	18.3	39.9576	-75.1727
USC00366886	PHILADELPHIA	20040131	9999	-28	-89	NA	-28	-89	18.3	39.9576	-75.1727
USC00366886	PHILADELPHIA	20050101	9999	172	56	NA	172	56	18.3	39.9576	-75.1727
USC00366886	PHILADELPHIA	20050102	9999	89	33	NA	89	33	18.3	39.9576	-75.1727
USC00366886	PHILADELPHIA	20050103	9999	122	72	NA	122	72	18.3	39.9576	-75.1727
USC00366886	PHILADELPHIA	20050104	9999	117	78	NA	117	78	18.3	39.9576	-75.1727
USC00366886	PHILADELPHIA	20050105	9999	78	17	NA	78	17	18.3	39.9576	-75.1727
USC00366886	PHILADELPHIA	20050106	9999	50	17	NA	50	17	18.3	39.9576	-75.1727
USC00366886	PHILADELPHIA	20050107	9999	56	22	NA	56	22	18.3	39.9576	-75.1727
USC00366886	PHILADELPHIA	20050108	9999	67	17	NA	67	17	18.3	39.9576	-75.1727
USC00366886	PHILADELPHIA	20050109	9999	39	22	NA	39	22	18.3	39.9576	-75.1727
USC00366886	PHILADELPHIA	20050110	9999	94	39	NA	94	39	18.3	39.9576	-75.1727
USC00366886	PHILADELPHIA	20050111	9999	50	28	NA	50	28	18.3	39.9576	-75.1727
USC00366886	PHILADELPHIA	20050112	9999	78	39	NA	78	39	18.3	39.9576	-75.1727
USC00366886	PHILADELPHIA	20050113	9999	189	61	NA	189	61	18.3	39.9576	-75.1727
USC00366886	PHILADELPHIA	20050114	9999	189	22	NA	189	22	18.3	39.9576	-75.1727
USC00366886	PHILADELPHIA	20050115	9999	0	-28	NA	0	-28	18.3	39.9576	-75.1727
USC00366886	PHILADELPHIA	20050116	9999	0	-22	NA	0	-22	18.3	39.9576	-75.1727
USC00366886	PHILADELPHIA	20050117	9999	-17	-61	NA	-17	-61	18.3	39.9576	-75.1727
USC00366886	PHILADELPHIA	20050118	9999	-72	-89	NA	-72	-89	18.3	39.9576	-75.1727
USC00366886	PHILADELPHIA	20050119	9999	-33	-89	NA	-33	-89	18.3	39.9576	-75.1727
USC00366886	PHILADELPHIA	20050120	9999	11	-39	NA	11	-39	18.3	39.9576	-75.1727
USC00366886	PHILADELPHIA	20050121	9999	-39	-100	NA	-39	-100	18.3	39.9576	-75.1727
USC00366886	PHILADELPHIA	20050122	9999	-44	-111	NA	-44	-111	18.3	39.9576	-75.1727
USC00366886	PHILADELPHIA	20050123	9999	-50	-100	NA	-50	-100	18.3	39.9576	-75.1727
USC00366886	PHILADELPHIA	20050124	9999	-61	-111	NA	-61	-111	18.3	39.9576	-75.1727
USC00366886	PHILADELPHIA	20050125	9999	0	-72	NA	0	-72	18.3	39.9576	-75.1727
USC00366886	PHILADELPHIA	20050126	9999	33	-61	NA	33	-61	18.3	39.9576	-75.1727
USC00366886	PHILADELPHIA	20050127	9999	-67	-128	NA	-67	-128	18.3	39.9576	-75.1727
USC00366886	PHILADELPHIA	20050128	9999	-39	-139	NA	-39	-139	18.3	39.9576	-75.1727
USC00366886	PHILADELPHIA	20050129	9999	-17	-100	NA	-17	-100	18.3	39.9576	-75.1727
USC00366886	PHILADELPHIA	20050130	9999	11	-39	NA	11	-39	18.3	39.9576	-75.1727
USC00366886	PHILADELPHIA	20050131	9999	44	-44	NA	44	-44	18.3	39.9576	-75.1727
