STATION	NAME	DATE	SNWD	TMAX	TMIN	SNWD2	TMAX2	TMIN2	ELEV	LAT	LONG
USC00467018	PIKEISLAND	19950101	0	83	-39	0	83	-39	195.1	40.15	-80.7
USC00467018	PIKEISLAND	19950102	0	83	-56	0	83	-56	195.1	40.15	-80.7
USC00467018	PIKEISLAND	19950103	0	-44	-72	0	-44	-72	195.1	40.15	-80.7
USC00467018	PIKEISLAND	19950104	0	-11	-100	0	-11	-100	195.1	40.15	-80.7
USC00467018	PIKEISLAND	19950105	0	-72	-144	0	-72	-144	195.1	40.15	-80.7
USC00467018	PIKEISLAND	19950106	0	-67	-150	0	-67	-150	195.1	40.15	-80.7
USC00467018	PIKEISLAND	19950107	0	44	-83	0	44	-83	195.1	40.15	-80.7
USC00467018	PIKEISLAND	19950108	0	22	-28	0	22	-28	195.1	40.15	-80.7
USC00467018	PIKEISLAND	19950109	0	6	-28	0	6	-28	195.1	40.15	-80.7
USC00467018	PIKEISLAND	19950110	0	17	-56	0	17	-56	195.1	40.15	-80.7
USC00467018	PIKEISLAND	19950111	0	0	-56	0	0	-56	195.1	40.15	-80.7
USC00467018	PIKEISLAND	19950112	0	89	0	0	89	0	195.1	40.15	-80.7
USC00467018	PIKEISLAND	19950113	0	150	89	0	150	89	195.1	40.15	-80.7
USC00467018	PIKEISLAND	19950114	0	183	39	0	183	39	195.1	40.15	-80.7
USC00467018	PIKEISLAND	19950115	0	217	56	0	217	56	195.1	40.15	-80.7
USC00467018	PIKEISLAND	19950116	0	128	17	0	128	17	195.1	40.15	-80.7
USC00467018	PIKEISLAND	19950117	0	17	-6	0	17	-6	195.1	40.15	-80.7
USC00467018	PIKEISLAND	19950118	0	22	-6	0	22	-6	195.1	40.15	-80.7
USC00467018	PIKEISLAND	19950119	0	72	-6	0	72	-6	195.1	40.15	-80.7
USC00467018	PIKEISLAND	19950120	0	89	-6	0	89	-6	195.1	40.15	-80.7
USC00467018	PIKEISLAND	19950121	0	33	-11	0	33	-11	195.1	40.15	-80.7
USC00467018	PIKEISLAND	19950122	51	-11	-56	51	-11	-56	195.1	40.15	-80.7
USC00467018	PIKEISLAND	19950123	51	-28	-83	51	-28	-83	195.1	40.15	-80.7
USC00467018	PIKEISLAND	19950124	51	-28	-83	51	-28	-83	195.1	40.15	-80.7
USC00467018	PIKEISLAND	19950125	76	-28	-78	76	-28	-78	195.1	40.15	-80.7
USC00467018	PIKEISLAND	19950126	51	-28	-89	51	-28	-89	195.1	40.15	-80.7
USC00467018	PIKEISLAND	19950127	9999	-33	-94	NA	-33	-94	195.1	40.15	-80.7
USC00467018	PIKEISLAND	19950128	0	0	-100	0	0	-100	195.1	40.15	-80.7
USC00467018	PIKEISLAND	19950129	0	6	-78	0	6	-78	195.1	40.15	-80.7
USC00467018	PIKEISLAND	19950130	0	39	-78	0	39	-78	195.1	40.15	-80.7
USC00467018	PIKEISLAND	19950131	0	33	-61	0	33	-61	195.1	40.15	-80.7
USC00467018	PIKEISLAND	19960101	0	28	-17	0	28	-17	195.1	40.15	-80.7
USC00467018	PIKEISLAND	19960102	0	39	11	0	39	11	195.1	40.15	-80.7
USC00467018	PIKEISLAND	19960103	0	28	-33	0	28	-33	195.1	40.15	-80.7
USC00467018	PIKEISLAND	19960104	0	-33	-106	0	-33	-106	195.1	40.15	-80.7
USC00467018	PIKEISLAND	19960105	0	-44	-106	0	-44	-106	195.1	40.15	-80.7
USC00467018	PIKEISLAND	19960106	0	-61	-94	0	-61	-94	195.1	40.15	-80.7
USC00467018	PIKEISLAND	19960107	76	-50	-94	76	-50	-94	195.1	40.15	-80.7
USC00467018	PIKEISLAND	19960108	229	-72	-106	229	-72	-106	195.1	40.15	-80.7
USC00467018	PIKEISLAND	19960109	229	-56	-106	229	-56	-106	195.1	40.15	-80.7
USC00467018	PIKEISLAND	19960110	229	-22	-72	229	-22	-72	195.1	40.15	-80.7
USC00467018	PIKEISLAND	19960111	203	-56	-161	203	-56	-161	195.1	40.15	-80.7
USC00467018	PIKEISLAND	19960112	51	-44	-161	51	-44	-161	195.1	40.15	-80.7
USC00467018	PIKEISLAND	19960113	102	-22	-50	102	-22	-50	195.1	40.15	-80.7
USC00467018	PIKEISLAND	19960114	76	6	-33	76	6	-33	195.1	40.15	-80.7
USC00467018	PIKEISLAND	19960115	51	111	-11	51	111	-11	195.1	40.15	-80.7
USC00467018	PIKEISLAND	19960116	25	6	-83	25	6	-83	195.1	40.15	-80.7
USC00467018	PIKEISLAND	19960117	25	89	-83	25	89	-83	195.1	40.15	-80.7
USC00467018	PIKEISLAND	19960118	0	122	11	0	122	11	195.1	40.15	-80.7
USC00467018	PIKEISLAND	19960119	0	183	17	0	183	17	195.1	40.15	-80.7
USC00467018	PIKEISLAND	19960120	0	100	-122	0	100	-122	195.1	40.15	-80.7
USC00467018	PIKEISLAND	19960121	0	-11	-122	0	-11	-122	195.1	40.15	-80.7
USC00467018	PIKEISLAND	19960122	0	22	-56	0	22	-56	195.1	40.15	-80.7
USC00467018	PIKEISLAND	19960123	0	61	-39	0	61	-39	195.1	40.15	-80.7
USC00467018	PIKEISLAND	19960124	0	67	17	0	67	17	195.1	40.15	-80.7
USC00467018	PIKEISLAND	19960125	25	89	-56	25	89	-56	195.1	40.15	-80.7
USC00467018	PIKEISLAND	19960126	0	-11	-61	0	-11	-61	195.1	40.15	-80.7
USC00467018	PIKEISLAND	19960127	0	111	-61	0	111	-61	195.1	40.15	-80.7
USC00467018	PIKEISLAND	19960128	0	44	-67	0	44	-67	195.1	40.15	-80.7
USC00467018	PIKEISLAND	19960129	0	0	-72	0	0	-72	195.1	40.15	-80.7
USC00467018	PIKEISLAND	19960130	0	61	-11	0	61	-11	195.1	40.15	-80.7
USC00467018	PIKEISLAND	19960131	51	0	-89	51	0	-89	195.1	40.15	-80.7
USC00467018	PIKEISLAND	19970101	0	83	0	0	83	0	195.1	40.15	-80.7
USC00467018	PIKEISLAND	19970102	0	100	6	0	100	6	195.1	40.15	-80.7
USC00467018	PIKEISLAND	19970103	0	139	94	0	139	94	195.1	40.15	-80.7
USC00467018	PIKEISLAND	19970104	0	144	100	0	144	100	195.1	40.15	-80.7
USC00467018	PIKEISLAND	19970105	0	183	94	0	183	94	195.1	40.15	-80.7
USC00467018	PIKEISLAND	19970106	0	139	0	0	139	0	195.1	40.15	-80.7
USC00467018	PIKEISLAND	19970107	0	6	-50	0	6	-50	195.1	40.15	-80.7
USC00467018	PIKEISLAND	19970108	0	-11	-83	0	-11	-83	195.1	40.15	-80.7
USC00467018	PIKEISLAND	19970109	0	-6	-89	0	-6	-89	195.1	40.15	-80.7
USC00467018	PIKEISLAND	19970110	0	33	-22	0	33	-22	195.1	40.15	-80.7
USC00467018	PIKEISLAND	19970111	0	-11	-139	0	-11	-139	195.1	40.15	-80.7
USC00467018	PIKEISLAND	19970112	0	-100	-139	0	-100	-139	195.1	40.15	-80.7
USC00467018	PIKEISLAND	19970113	0	-89	-150	0	-89	-150	195.1	40.15	-80.7
USC00467018	PIKEISLAND	19970114	0	-83	-144	0	-83	-144	195.1	40.15	-80.7
USC00467018	PIKEISLAND	19970115	0	-39	-111	0	-39	-111	195.1	40.15	-80.7
USC00467018	PIKEISLAND	19970116	0	67	-94	0	67	-94	195.1	40.15	-80.7
USC00467018	PIKEISLAND	19970117	0	-6	-167	0	-6	-167	195.1	40.15	-80.7
USC00467018	PIKEISLAND	19970118	0	-122	-167	0	-122	-167	195.1	40.15	-80.7
USC00467018	PIKEISLAND	19970119	0	-111	-172	0	-111	-172	195.1	40.15	-80.7
USC00467018	PIKEISLAND	19970120	0	-22	-172	0	-22	-172	195.1	40.15	-80.7
USC00467018	PIKEISLAND	19970121	0	44	-67	0	44	-67	195.1	40.15	-80.7
USC00467018	PIKEISLAND	19970122	0	83	-67	0	83	-67	195.1	40.15	-80.7
USC00467018	PIKEISLAND	19970123	0	106	22	0	106	22	195.1	40.15	-80.7
USC00467018	PIKEISLAND	19970124	0	78	-17	0	78	-17	195.1	40.15	-80.7
USC00467018	PIKEISLAND	19970125	0	89	-17	0	89	-17	195.1	40.15	-80.7
USC00467018	PIKEISLAND	19970126	0	94	-89	0	94	-89	195.1	40.15	-80.7
USC00467018	PIKEISLAND	19970127	0	-17	-89	0	-17	-89	195.1	40.15	-80.7
USC00467018	PIKEISLAND	19970128	0	50	-17	0	50	-17	195.1	40.15	-80.7
USC00467018	PIKEISLAND	19970129	0	17	-94	0	17	-94	195.1	40.15	-80.7
USC00467018	PIKEISLAND	19970130	0	-61	-94	0	-61	-94	195.1	40.15	-80.7
USC00467018	PIKEISLAND	19970131	0	44	-61	0	44	-61	195.1	40.15	-80.7
USC00467018	PIKEISLAND	19980101	0	-33	-117	0	-33	-117	195.1	40.15	-80.7
USC00467018	PIKEISLAND	19980102	0	50	-94	0	50	-94	195.1	40.15	-80.7
USC00467018	PIKEISLAND	19980103	0	106	50	0	106	50	195.1	40.15	-80.7
USC00467018	PIKEISLAND	19980104	0	139	106	0	139	106	195.1	40.15	-80.7
USC00467018	PIKEISLAND	19980105	0	161	28	0	161	28	195.1	40.15	-80.7
USC00467018	PIKEISLAND	19980106	0	161	22	0	161	22	195.1	40.15	-80.7
USC00467018	PIKEISLAND	19980107	0	139	89	0	139	89	195.1	40.15	-80.7
USC00467018	PIKEISLAND	19980108	0	167	78	0	167	78	195.1	40.15	-80.7
USC00467018	PIKEISLAND	19980109	0	139	78	0	139	78	195.1	40.15	-80.7
USC00467018	PIKEISLAND	19980110	0	78	33	0	78	33	195.1	40.15	-80.7
USC00467018	PIKEISLAND	19980111	0	61	-11	0	61	-11	195.1	40.15	-80.7
USC00467018	PIKEISLAND	19980112	0	39	-22	0	39	-22	195.1	40.15	-80.7
USC00467018	PIKEISLAND	19980113	0	100	6	0	100	6	195.1	40.15	-80.7
USC00467018	PIKEISLAND	19980114	0	56	-78	0	56	-78	195.1	40.15	-80.7
USC00467018	PIKEISLAND	19980115	0	11	-78	0	11	-78	195.1	40.15	-80.7
USC00467018	PIKEISLAND	19980116	0	56	11	0	56	11	195.1	40.15	-80.7
USC00467018	PIKEISLAND	19980117	0	17	6	0	17	6	195.1	40.15	-80.7
USC00467018	PIKEISLAND	19980118	0	28	0	0	28	0	195.1	40.15	-80.7
USC00467018	PIKEISLAND	19980119	0	6	-44	0	6	-44	195.1	40.15	-80.7
USC00467018	PIKEISLAND	19980120	0	22	-61	0	22	-61	195.1	40.15	-80.7
USC00467018	PIKEISLAND	19980121	0	6	-61	0	6	-61	195.1	40.15	-80.7
USC00467018	PIKEISLAND	19980122	0	0	-56	0	0	-56	195.1	40.15	-80.7
USC00467018	PIKEISLAND	19980123	0	67	0	0	67	0	195.1	40.15	-80.7
USC00467018	PIKEISLAND	19980124	0	72	11	0	72	11	195.1	40.15	-80.7
USC00467018	PIKEISLAND	19980125	0	11	-6	0	11	-6	195.1	40.15	-80.7
USC00467018	PIKEISLAND	19980126	0	6	-11	0	6	-11	195.1	40.15	-80.7
USC00467018	PIKEISLAND	19980127	0	61	-11	0	61	-11	195.1	40.15	-80.7
USC00467018	PIKEISLAND	19980128	0	61	0	0	61	0	195.1	40.15	-80.7
USC00467018	PIKEISLAND	19980129	0	89	0	0	89	0	195.1	40.15	-80.7
USC00467018	PIKEISLAND	19980130	0	94	11	0	94	11	195.1	40.15	-80.7
USC00467018	PIKEISLAND	19980131	0	17	6	0	17	6	195.1	40.15	-80.7
USC00467018	PIKEISLAND	19990101	0	-44	-94	0	-44	-94	195.1	40.15	-80.7
USC00467018	PIKEISLAND	19990102	0	-56	-100	0	-56	-100	195.1	40.15	-80.7
USC00467018	PIKEISLAND	19990103	51	33	-100	51	33	-100	195.1	40.15	-80.7
USC00467018	PIKEISLAND	19990104	51	-28	-89	51	-28	-89	195.1	40.15	-80.7
USC00467018	PIKEISLAND	19990105	51	-89	-156	51	-89	-156	195.1	40.15	-80.7
USC00467018	PIKEISLAND	19990106	51	-83	-156	51	-83	-156	195.1	40.15	-80.7
USC00467018	PIKEISLAND	19990107	76	6	-83	76	6	-83	195.1	40.15	-80.7
USC00467018	PIKEISLAND	19990108	76	-56	-83	76	-56	-83	195.1	40.15	-80.7
USC00467018	PIKEISLAND	19990109	76	61	-72	76	61	-72	195.1	40.15	-80.7
USC00467018	PIKEISLAND	19990110	102	-22	-128	102	-22	-128	195.1	40.15	-80.7
USC00467018	PIKEISLAND	19990111	51	-56	-133	51	-56	-133	195.1	40.15	-80.7
USC00467018	PIKEISLAND	19990112	51	61	-139	51	61	-139	195.1	40.15	-80.7
USC00467018	PIKEISLAND	19990113	0	94	33	0	94	33	195.1	40.15	-80.7
USC00467018	PIKEISLAND	19990114	0	94	-50	0	94	-50	195.1	40.15	-80.7
USC00467018	PIKEISLAND	19990115	76	6	-72	76	6	-72	195.1	40.15	-80.7
USC00467018	PIKEISLAND	19990116	102	0	-89	102	0	-89	195.1	40.15	-80.7
USC00467018	PIKEISLAND	19990117	76	61	-22	76	61	-22	195.1	40.15	-80.7
USC00467018	PIKEISLAND	19990118	25	100	-22	25	100	-22	195.1	40.15	-80.7
USC00467018	PIKEISLAND	19990119	0	83	17	0	83	17	195.1	40.15	-80.7
USC00467018	PIKEISLAND	19990120	0	67	11	0	67	11	195.1	40.15	-80.7
USC00467018	PIKEISLAND	19990121	0	78	-6	0	78	-6	195.1	40.15	-80.7
USC00467018	PIKEISLAND	19990122	0	56	6	0	56	6	195.1	40.15	-80.7
USC00467018	PIKEISLAND	19990123	0	206	39	0	206	39	195.1	40.15	-80.7
USC00467018	PIKEISLAND	19990124	0	111	11	0	111	11	195.1	40.15	-80.7
USC00467018	PIKEISLAND	19990125	0	61	22	0	61	22	195.1	40.15	-80.7
USC00467018	PIKEISLAND	19990126	0	39	11	0	39	11	195.1	40.15	-80.7
USC00467018	PIKEISLAND	19990127	0	67	-28	0	67	-28	195.1	40.15	-80.7
USC00467018	PIKEISLAND	19990128	0	161	-28	0	161	-28	195.1	40.15	-80.7
USC00467018	PIKEISLAND	19990129	0	122	22	0	122	22	195.1	40.15	-80.7
USC00467018	PIKEISLAND	19990130	0	50	-44	0	50	-44	195.1	40.15	-80.7
USC00467018	PIKEISLAND	19990131	0	61	-44	0	61	-44	195.1	40.15	-80.7
USC00467018	PIKEISLAND	20000101	0	89	-44	0	89	-44	195.1	40.15	-80.7
USC00467018	PIKEISLAND	20000102	0	122	-44	0	122	-44	195.1	40.15	-80.7
USC00467018	PIKEISLAND	20000103	0	189	44	0	189	44	195.1	40.15	-80.7
USC00467018	PIKEISLAND	20000104	0	144	111	0	144	111	195.1	40.15	-80.7
USC00467018	PIKEISLAND	20000105	0	128	0	0	128	0	195.1	40.15	-80.7
USC00467018	PIKEISLAND	20000106	0	6	-44	0	6	-44	195.1	40.15	-80.7
USC00467018	PIKEISLAND	20000107	0	67	-28	0	67	-28	195.1	40.15	-80.7
USC00467018	PIKEISLAND	20000108	0	44	-61	0	44	-61	195.1	40.15	-80.7
USC00467018	PIKEISLAND	20000109	0	61	-61	0	61	-61	195.1	40.15	-80.7
USC00467018	PIKEISLAND	20000110	0	72	17	0	72	17	195.1	40.15	-80.7
USC00467018	PIKEISLAND	20000111	0	122	67	0	122	67	195.1	40.15	-80.7
USC00467018	PIKEISLAND	20000112	0	67	-17	0	67	-17	195.1	40.15	-80.7
USC00467018	PIKEISLAND	20000113	0	67	-6	0	67	-6	195.1	40.15	-80.7
USC00467018	PIKEISLAND	20000114	0	44	-83	0	44	-83	195.1	40.15	-80.7
USC00467018	PIKEISLAND	20000115	0	-50	-83	0	-50	-83	195.1	40.15	-80.7
USC00467018	PIKEISLAND	20000116	0	89	-72	0	89	-72	195.1	40.15	-80.7
USC00467018	PIKEISLAND	20000117	0	100	-94	0	100	-94	195.1	40.15	-80.7
USC00467018	PIKEISLAND	20000118	0	-50	-106	0	-50	-106	195.1	40.15	-80.7
USC00467018	PIKEISLAND	20000119	0	-22	-72	0	-22	-72	195.1	40.15	-80.7
USC00467018	PIKEISLAND	20000120	76	0	-33	76	0	-33	195.1	40.15	-80.7
USC00467018	PIKEISLAND	20000121	51	-28	-106	51	-28	-106	195.1	40.15	-80.7
USC00467018	PIKEISLAND	20000122	51	-100	-167	51	-100	-167	195.1	40.15	-80.7
USC00467018	PIKEISLAND	20000123	51	-72	-167	51	-72	-167	195.1	40.15	-80.7
USC00467018	PIKEISLAND	20000124	25	6	-72	25	6	-72	195.1	40.15	-80.7
USC00467018	PIKEISLAND	20000125	25	-22	-111	25	-22	-111	195.1	40.15	-80.7
USC00467018	PIKEISLAND	20000126	25	-44	-106	25	-44	-106	195.1	40.15	-80.7
USC00467018	PIKEISLAND	20000127	25	-44	-133	25	-44	-133	195.1	40.15	-80.7
USC00467018	PIKEISLAND	20000128	25	-72	-144	25	-72	-144	195.1	40.15	-80.7
USC00467018	PIKEISLAND	20000129	25	-44	-150	25	-44	-150	195.1	40.15	-80.7
USC00467018	PIKEISLAND	20000130	51	17	-156	51	17	-156	195.1	40.15	-80.7
USC00467018	PIKEISLAND	20000131	51	22	-44	51	22	-44	195.1	40.15	-80.7
USC00467018	PIKEISLAND	20010101	25	-28	-61	25	-28	-61	195.1	40.15	-80.7
USC00467018	PIKEISLAND	20010102	25	-39	-100	25	-39	-100	195.1	40.15	-80.7
USC00467018	PIKEISLAND	20010103	25	-39	-111	25	-39	-111	195.1	40.15	-80.7
USC00467018	PIKEISLAND	20010104	25	-33	-106	25	-33	-106	195.1	40.15	-80.7
USC00467018	PIKEISLAND	20010105	25	-6	-39	25	-6	-39	195.1	40.15	-80.7
USC00467018	PIKEISLAND	20010106	25	22	-6	25	22	-6	195.1	40.15	-80.7
USC00467018	PIKEISLAND	20010107	25	33	-17	25	33	-17	195.1	40.15	-80.7
USC00467018	PIKEISLAND	20010108	25	72	-22	25	72	-22	195.1	40.15	-80.7
USC00467018	PIKEISLAND	20010109	0	0	-83	0	0	-83	195.1	40.15	-80.7
USC00467018	PIKEISLAND	20010110	0	-44	-94	0	-44	-94	195.1	40.15	-80.7
USC00467018	PIKEISLAND	20010111	0	33	-56	0	33	-56	195.1	40.15	-80.7
USC00467018	PIKEISLAND	20010112	0	67	-33	0	67	-33	195.1	40.15	-80.7
USC00467018	PIKEISLAND	20010113	0	83	-33	0	83	-33	195.1	40.15	-80.7
USC00467018	PIKEISLAND	20010114	0	94	-28	0	94	-28	195.1	40.15	-80.7
USC00467018	PIKEISLAND	20010115	0	50	-22	0	50	-22	195.1	40.15	-80.7
USC00467018	PIKEISLAND	20010116	0	83	17	0	83	17	195.1	40.15	-80.7
USC00467018	PIKEISLAND	20010117	0	17	0	0	17	0	195.1	40.15	-80.7
USC00467018	PIKEISLAND	20010118	0	0	-6	0	0	-6	195.1	40.15	-80.7
USC00467018	PIKEISLAND	20010119	0	33	-6	0	33	-6	195.1	40.15	-80.7
USC00467018	PIKEISLAND	20010120	76	11	-33	76	11	-33	195.1	40.15	-80.7
USC00467018	PIKEISLAND	20010121	152	-28	-72	152	-28	-72	195.1	40.15	-80.7
USC00467018	PIKEISLAND	20010122	102	-33	-89	102	-33	-89	195.1	40.15	-80.7
USC00467018	PIKEISLAND	20010123	102	6	-111	102	6	-111	195.1	40.15	-80.7
USC00467018	PIKEISLAND	20010124	76	39	-111	76	39	-111	195.1	40.15	-80.7
USC00467018	PIKEISLAND	20010125	51	11	-33	51	11	-33	195.1	40.15	-80.7
USC00467018	PIKEISLAND	20010126	25	-22	-122	25	-22	-122	195.1	40.15	-80.7
USC00467018	PIKEISLAND	20010127	0	33	-122	0	33	-122	195.1	40.15	-80.7
USC00467018	PIKEISLAND	20010128	0	0	-78	0	0	-78	195.1	40.15	-80.7
USC00467018	PIKEISLAND	20010129	0	11	-61	0	11	-61	195.1	40.15	-80.7
USC00467018	PIKEISLAND	20010130	0	67	-17	0	67	-17	195.1	40.15	-80.7
USC00467018	PIKEISLAND	20010131	0	89	22	0	89	22	195.1	40.15	-80.7
USC00467018	PIKEISLAND	20020101	0	-50	-106	0	-50	-106	195.1	40.15	-80.7
USC00467018	PIKEISLAND	20020102	0	-39	-106	0	-39	-106	195.1	40.15	-80.7
USC00467018	PIKEISLAND	20020103	0	-17	-111	0	-17	-111	195.1	40.15	-80.7
USC00467018	PIKEISLAND	20020104	0	6	-83	0	6	-83	195.1	40.15	-80.7
USC00467018	PIKEISLAND	20020105	0	11	-56	0	11	-56	195.1	40.15	-80.7
USC00467018	PIKEISLAND	20020106	0	39	-22	0	39	-22	195.1	40.15	-80.7
USC00467018	PIKEISLAND	20020107	102	11	0	102	11	0	195.1	40.15	-80.7
USC00467018	PIKEISLAND	20020108	51	11	-44	51	11	-44	195.1	40.15	-80.7
USC00467018	PIKEISLAND	20020109	0	17	-44	0	17	-44	195.1	40.15	-80.7
USC00467018	PIKEISLAND	20020110	0	72	17	0	72	17	195.1	40.15	-80.7
USC00467018	PIKEISLAND	20020111	0	89	44	0	89	44	195.1	40.15	-80.7
USC00467018	PIKEISLAND	20020112	0	44	-6	0	44	-6	195.1	40.15	-80.7
USC00467018	PIKEISLAND	20020113	0	89	-6	0	89	-6	195.1	40.15	-80.7
USC00467018	PIKEISLAND	20020114	0	50	-22	0	50	-22	195.1	40.15	-80.7
USC00467018	PIKEISLAND	20020115	0	100	-22	0	100	-22	195.1	40.15	-80.7
USC00467018	PIKEISLAND	20020116	0	33	6	0	33	6	195.1	40.15	-80.7
USC00467018	PIKEISLAND	20020117	0	44	6	0	44	6	195.1	40.15	-80.7
USC00467018	PIKEISLAND	20020118	0	50	-28	0	50	-28	195.1	40.15	-80.7
USC00467018	PIKEISLAND	20020119	0	22	-28	0	22	-28	195.1	40.15	-80.7
USC00467018	PIKEISLAND	20020120	76	-6	-67	76	-6	-67	195.1	40.15	-80.7
USC00467018	PIKEISLAND	20020121	76	11	-61	76	11	-61	195.1	40.15	-80.7
USC00467018	PIKEISLAND	20020122	0	39	-11	0	39	-11	195.1	40.15	-80.7
USC00467018	PIKEISLAND	20020123	0	94	-22	0	94	-22	195.1	40.15	-80.7
USC00467018	PIKEISLAND	20020124	0	111	78	0	111	78	195.1	40.15	-80.7
USC00467018	PIKEISLAND	20020125	0	128	-6	0	128	-6	195.1	40.15	-80.7
USC00467018	PIKEISLAND	20020126	0	72	-11	0	72	-11	195.1	40.15	-80.7
USC00467018	PIKEISLAND	20020127	0	100	-6	0	100	-6	195.1	40.15	-80.7
USC00467018	PIKEISLAND	20020128	0	139	-6	0	139	-6	195.1	40.15	-80.7
USC00467018	PIKEISLAND	20020129	0	167	6	0	167	6	195.1	40.15	-80.7
USC00467018	PIKEISLAND	20020130	0	183	100	0	183	100	195.1	40.15	-80.7
USC00467018	PIKEISLAND	20020131	0	111	50	0	111	50	195.1	40.15	-80.7
USC00467018	PIKEISLAND	20030101	0	133	44	0	133	44	195.1	40.15	-80.7
USC00467018	PIKEISLAND	20030102	0	50	6	0	50	6	195.1	40.15	-80.7
USC00467018	PIKEISLAND	20030103	0	28	6	0	28	6	195.1	40.15	-80.7
USC00467018	PIKEISLAND	20030104	0	28	-33	0	28	-33	195.1	40.15	-80.7
USC00467018	PIKEISLAND	20030105	0	-17	-33	0	-17	-33	195.1	40.15	-80.7
USC00467018	PIKEISLAND	20030106	25	0	-17	25	0	-17	195.1	40.15	-80.7
USC00467018	PIKEISLAND	20030107	25	-6	-83	25	-6	-83	195.1	40.15	-80.7
USC00467018	PIKEISLAND	20030108	0	33	-89	0	33	-89	195.1	40.15	-80.7
USC00467018	PIKEISLAND	20030109	0	94	33	0	94	33	195.1	40.15	-80.7
USC00467018	PIKEISLAND	20030110	0	100	6	0	100	6	195.1	40.15	-80.7
USC00467018	PIKEISLAND	20030111	0	6	-61	0	6	-61	195.1	40.15	-80.7
USC00467018	PIKEISLAND	20030112	0	-39	-83	0	-39	-83	195.1	40.15	-80.7
USC00467018	PIKEISLAND	20030113	0	-22	-89	0	-22	-89	195.1	40.15	-80.7
USC00467018	PIKEISLAND	20030114	0	0	-78	0	0	-78	195.1	40.15	-80.7
USC00467018	PIKEISLAND	20030115	0	-44	-83	0	-44	-83	195.1	40.15	-80.7
USC00467018	PIKEISLAND	20030116	0	-72	-117	0	-72	-117	195.1	40.15	-80.7
USC00467018	PIKEISLAND	20030117	25	-50	-117	25	-50	-117	195.1	40.15	-80.7
USC00467018	PIKEISLAND	20030118	25	-56	-150	25	-56	-150	195.1	40.15	-80.7
USC00467018	PIKEISLAND	20030119	25	-56	-167	25	-56	-167	195.1	40.15	-80.7
USC00467018	PIKEISLAND	20030120	51	-17	-78	51	-17	-78	195.1	40.15	-80.7
USC00467018	PIKEISLAND	20030121	25	-39	-72	25	-39	-72	195.1	40.15	-80.7
USC00467018	PIKEISLAND	20030122	25	-56	-156	25	-56	-156	195.1	40.15	-80.7
USC00467018	PIKEISLAND	20030123	25	-83	-144	25	-83	-144	195.1	40.15	-80.7
USC00467018	PIKEISLAND	20030124	25	-78	-144	25	-78	-144	195.1	40.15	-80.7
USC00467018	PIKEISLAND	20030125	25	-72	-89	25	-72	-89	195.1	40.15	-80.7
USC00467018	PIKEISLAND	20030126	25	-28	-83	25	-28	-83	195.1	40.15	-80.7
USC00467018	PIKEISLAND	20030127	51	-28	-172	51	-28	-172	195.1	40.15	-80.7
USC00467018	PIKEISLAND	20030128	51	-67	-183	51	-67	-183	195.1	40.15	-80.7
USC00467018	PIKEISLAND	20030129	102	0	-67	102	0	-67	195.1	40.15	-80.7
USC00467018	PIKEISLAND	20030130	76	6	-44	76	6	-44	195.1	40.15	-80.7
USC00467018	PIKEISLAND	20030131	25	11	-72	25	11	-72	195.1	40.15	-80.7
USC00467018	PIKEISLAND	20040101	0	100	-17	0	100	-17	195.1	40.15	-80.7
USC00467018	PIKEISLAND	20040102	0	94	-28	0	94	-28	195.1	40.15	-80.7
USC00467018	PIKEISLAND	20040103	0	150	67	0	150	67	195.1	40.15	-80.7
USC00467018	PIKEISLAND	20040104	0	161	61	0	161	61	195.1	40.15	-80.7
USC00467018	PIKEISLAND	20040105	0	100	39	0	100	39	195.1	40.15	-80.7
USC00467018	PIKEISLAND	20040106	0	83	-17	0	83	-17	195.1	40.15	-80.7
USC00467018	PIKEISLAND	20040107	0	-17	-94	0	-17	-94	195.1	40.15	-80.7
USC00467018	PIKEISLAND	20040108	0	-39	-89	0	-39	-89	195.1	40.15	-80.7
USC00467018	PIKEISLAND	20040109	0	-17	-61	0	-17	-61	195.1	40.15	-80.7
USC00467018	PIKEISLAND	20040110	0	-33	-133	0	-33	-133	195.1	40.15	-80.7
USC00467018	PIKEISLAND	20040111	0	-72	-133	0	-72	-133	195.1	40.15	-80.7
USC00467018	PIKEISLAND	20040112	0	39	-83	0	39	-83	195.1	40.15	-80.7
USC00467018	PIKEISLAND	20040113	0	39	17	0	39	17	195.1	40.15	-80.7
USC00467018	PIKEISLAND	20040114	0	22	-44	0	22	-44	195.1	40.15	-80.7
USC00467018	PIKEISLAND	20040115	0	28	-44	0	28	-44	195.1	40.15	-80.7
USC00467018	PIKEISLAND	20040116	0	-33	-122	0	-33	-122	195.1	40.15	-80.7
USC00467018	PIKEISLAND	20040117	0	-56	-122	0	-56	-122	195.1	40.15	-80.7
USC00467018	PIKEISLAND	20040118	25	33	-94	25	33	-94	195.1	40.15	-80.7
USC00467018	PIKEISLAND	20040119	25	17	-83	25	17	-83	195.1	40.15	-80.7
USC00467018	PIKEISLAND	20040120	25	-67	-83	25	-67	-83	195.1	40.15	-80.7
USC00467018	PIKEISLAND	20040121	25	-61	-133	25	-61	-133	195.1	40.15	-80.7
USC00467018	PIKEISLAND	20040122	0	6	-39	0	6	-39	195.1	40.15	-80.7
USC00467018	PIKEISLAND	20040123	0	6	-133	0	6	-133	195.1	40.15	-80.7
USC00467018	PIKEISLAND	20040124	76	-67	-133	76	-67	-133	195.1	40.15	-80.7
USC00467018	PIKEISLAND	20040125	76	-67	-156	76	-67	-156	195.1	40.15	-80.7
USC00467018	PIKEISLAND	20040126	102	-56	-156	102	-56	-156	195.1	40.15	-80.7
USC00467018	PIKEISLAND	20040127	102	0	-56	102	0	-56	195.1	40.15	-80.7
USC00467018	PIKEISLAND	20040128	102	28	-78	102	28	-78	195.1	40.15	-80.7
USC00467018	PIKEISLAND	20040129	76	-39	-89	76	-39	-89	195.1	40.15	-80.7
USC00467018	PIKEISLAND	20040130	76	-61	-106	76	-61	-106	195.1	40.15	-80.7
USC00467018	PIKEISLAND	20040131	76	-94	-156	76	-94	-156	195.1	40.15	-80.7
USC00467018	PIKEISLAND	20050101	0	128	89	0	128	89	195.1	40.15	-80.7
USC00467018	PIKEISLAND	20050102	0	144	67	0	144	67	195.1	40.15	-80.7
USC00467018	PIKEISLAND	20050103	0	156	61	0	156	61	195.1	40.15	-80.7
USC00467018	PIKEISLAND	20050104	0	144	67	0	144	67	195.1	40.15	-80.7
USC00467018	PIKEISLAND	20050105	0	67	56	0	67	56	195.1	40.15	-80.7
USC00467018	PIKEISLAND	20050106	0	56	33	0	56	33	195.1	40.15	-80.7
USC00467018	PIKEISLAND	20050107	0	111	0	0	111	0	195.1	40.15	-80.7
USC00467018	PIKEISLAND	20050108	0	50	0	0	50	0	195.1	40.15	-80.7
USC00467018	PIKEISLAND	20050109	0	67	17	0	67	17	195.1	40.15	-80.7
USC00467018	PIKEISLAND	20050110	0	67	17	0	67	17	195.1	40.15	-80.7
USC00467018	PIKEISLAND	20050111	0	72	17	0	72	17	195.1	40.15	-80.7
USC00467018	PIKEISLAND	20050112	0	133	33	0	133	33	195.1	40.15	-80.7
USC00467018	PIKEISLAND	20050113	0	150	89	0	150	89	195.1	40.15	-80.7
USC00467018	PIKEISLAND	20050114	0	217	22	0	217	22	195.1	40.15	-80.7
USC00467018	PIKEISLAND	20050115	0	22	-56	0	22	-56	195.1	40.15	-80.7
USC00467018	PIKEISLAND	20050116	0	6	-61	0	6	-61	195.1	40.15	-80.7
USC00467018	PIKEISLAND	20050117	25	-33	-111	25	-33	-111	195.1	40.15	-80.7
USC00467018	PIKEISLAND	20050118	0	-89	-156	0	-89	-156	195.1	40.15	-80.7
USC00467018	PIKEISLAND	20050119	0	-50	-156	0	-50	-156	195.1	40.15	-80.7
USC00467018	PIKEISLAND	20050120	51	-6	-56	51	-6	-56	195.1	40.15	-80.7
USC00467018	PIKEISLAND	20050121	51	-28	-89	51	-28	-89	195.1	40.15	-80.7
USC00467018	PIKEISLAND	20050122	51	-56	-111	51	-56	-111	195.1	40.15	-80.7
USC00467018	PIKEISLAND	20050123	51	-17	-128	51	-17	-128	195.1	40.15	-80.7
USC00467018	PIKEISLAND	20050124	51	-72	-156	51	-72	-156	195.1	40.15	-80.7
USC00467018	PIKEISLAND	20050125	51	-39	-150	51	-39	-150	195.1	40.15	-80.7
USC00467018	PIKEISLAND	20050126	51	50	-39	51	50	-39	195.1	40.15	-80.7
USC00467018	PIKEISLAND	20050127	25	44	-106	25	44	-106	195.1	40.15	-80.7
USC00467018	PIKEISLAND	20050128	25	-56	-139	25	-56	-139	195.1	40.15	-80.7
USC00467018	PIKEISLAND	20050129	25	-6	-144	25	-6	-144	195.1	40.15	-80.7
USC00467018	PIKEISLAND	20050130	76	17	-89	76	17	-89	195.1	40.15	-80.7
USC00467018	PIKEISLAND	20050131	51	39	-78	51	39	-78	195.1	40.15	-80.7
