STATION	NAME	DATE	SNWD	TMAX	TMIN	SNWD2	TMAX2	TMIN2	ELEV	LAT	LONG
USC00367029	PLEASANTMOUNT	19950101	9999	44	-83	NA	44	-83	548.6	41.7394	-75.4465
USC00367029	PLEASANTMOUNT	19950102	9999	50	-28	NA	50	-28	548.6	41.7394	-75.4465
USC00367029	PLEASANTMOUNT	19950103	9999	-28	-128	NA	-28	-128	548.6	41.7394	-75.4465
USC00367029	PLEASANTMOUNT	19950104	9999	-67	-128	NA	-67	-128	548.6	41.7394	-75.4465
USC00367029	PLEASANTMOUNT	19950105	9999	-83	-172	NA	-83	-172	548.6	41.7394	-75.4465
USC00367029	PLEASANTMOUNT	19950106	9999	-89	-167	NA	-89	-167	548.6	41.7394	-75.4465
USC00367029	PLEASANTMOUNT	19950107	9999	22	-111	NA	22	-111	548.6	41.7394	-75.4465
USC00367029	PLEASANTMOUNT	19950108	9999	6	-89	NA	6	-89	548.6	41.7394	-75.4465
USC00367029	PLEASANTMOUNT	19950109	9999	-28	-94	NA	-28	-94	548.6	41.7394	-75.4465
USC00367029	PLEASANTMOUNT	19950110	9999	-28	-156	NA	-28	-156	548.6	41.7394	-75.4465
USC00367029	PLEASANTMOUNT	19950111	9999	-44	-133	NA	-44	-133	548.6	41.7394	-75.4465
USC00367029	PLEASANTMOUNT	19950112	9999	-39	-83	NA	-39	-83	548.6	41.7394	-75.4465
USC00367029	PLEASANTMOUNT	19950113	9999	72	-39	NA	72	-39	548.6	41.7394	-75.4465
USC00367029	PLEASANTMOUNT	19950114	9999	150	6	NA	150	6	548.6	41.7394	-75.4465
USC00367029	PLEASANTMOUNT	19950115	9999	144	28	NA	144	28	548.6	41.7394	-75.4465
USC00367029	PLEASANTMOUNT	19950116	9999	144	94	NA	144	94	548.6	41.7394	-75.4465
USC00367029	PLEASANTMOUNT	19950117	9999	11	0	NA	11	0	548.6	41.7394	-75.4465
USC00367029	PLEASANTMOUNT	19950118	9999	17	0	NA	17	0	548.6	41.7394	-75.4465
USC00367029	PLEASANTMOUNT	19950119	9999	28	6	NA	28	6	548.6	41.7394	-75.4465
USC00367029	PLEASANTMOUNT	19950120	9999	39	28	NA	39	28	548.6	41.7394	-75.4465
USC00367029	PLEASANTMOUNT	19950121	9999	44	-6	NA	44	-6	548.6	41.7394	-75.4465
USC00367029	PLEASANTMOUNT	19950122	9999	0	-56	NA	0	-56	548.6	41.7394	-75.4465
USC00367029	PLEASANTMOUNT	19950123	9999	-39	-100	NA	-39	-100	548.6	41.7394	-75.4465
USC00367029	PLEASANTMOUNT	19950124	9999	-33	-89	NA	-33	-89	548.6	41.7394	-75.4465
USC00367029	PLEASANTMOUNT	19950125	9999	-22	-44	NA	-22	-44	548.6	41.7394	-75.4465
USC00367029	PLEASANTMOUNT	19950126	9999	-22	-56	NA	-22	-56	548.6	41.7394	-75.4465
USC00367029	PLEASANTMOUNT	19950127	9999	-39	-72	NA	-39	-72	548.6	41.7394	-75.4465
USC00367029	PLEASANTMOUNT	19950128	9999	-44	-183	NA	-44	-183	548.6	41.7394	-75.4465
USC00367029	PLEASANTMOUNT	19950129	9999	-67	-206	NA	-67	-206	548.6	41.7394	-75.4465
USC00367029	PLEASANTMOUNT	19950130	9999	11	-206	NA	11	-206	548.6	41.7394	-75.4465
USC00367029	PLEASANTMOUNT	19950131	9999	6	-133	NA	6	-133	548.6	41.7394	-75.4465
USC00367029	PLEASANTMOUNT	19960101	9999	33	-50	NA	33	-50	548.6	41.7394	-75.4465
USC00367029	PLEASANTMOUNT	19960102	9999	17	-28	NA	17	-28	548.6	41.7394	-75.4465
USC00367029	PLEASANTMOUNT	19960103	9999	-11	-72	NA	-11	-72	548.6	41.7394	-75.4465
USC00367029	PLEASANTMOUNT	19960104	9999	-67	-178	NA	-67	-178	548.6	41.7394	-75.4465
USC00367029	PLEASANTMOUNT	19960105	9999	-111	-194	NA	-111	-194	548.6	41.7394	-75.4465
USC00367029	PLEASANTMOUNT	19960106	9999	-100	-250	NA	-100	-250	548.6	41.7394	-75.4465
USC00367029	PLEASANTMOUNT	19960107	9999	-139	-250	NA	-139	-250	548.6	41.7394	-75.4465
USC00367029	PLEASANTMOUNT	19960108	9999	-111	-144	NA	-111	-144	548.6	41.7394	-75.4465
USC00367029	PLEASANTMOUNT	19960109	9999	-111	-156	NA	-111	-156	548.6	41.7394	-75.4465
USC00367029	PLEASANTMOUNT	19960110	9999	-94	-128	NA	-94	-128	548.6	41.7394	-75.4465
USC00367029	PLEASANTMOUNT	19960111	9999	-78	-194	NA	-78	-194	548.6	41.7394	-75.4465
USC00367029	PLEASANTMOUNT	19960112	9999	-83	-161	NA	-83	-161	548.6	41.7394	-75.4465
USC00367029	PLEASANTMOUNT	19960113	9999	-22	-111	NA	-22	-111	548.6	41.7394	-75.4465
USC00367029	PLEASANTMOUNT	19960114	9999	-39	-94	NA	-39	-94	548.6	41.7394	-75.4465
USC00367029	PLEASANTMOUNT	19960115	9999	22	-78	NA	22	-78	548.6	41.7394	-75.4465
USC00367029	PLEASANTMOUNT	19960116	9999	-56	-222	NA	-56	-222	548.6	41.7394	-75.4465
USC00367029	PLEASANTMOUNT	19960117	9999	28	-167	NA	28	-167	548.6	41.7394	-75.4465
USC00367029	PLEASANTMOUNT	19960118	9999	78	-6	NA	78	-6	548.6	41.7394	-75.4465
USC00367029	PLEASANTMOUNT	19960119	9999	111	11	NA	111	11	548.6	41.7394	-75.4465
USC00367029	PLEASANTMOUNT	19960120	9999	117	-111	NA	117	-111	548.6	41.7394	-75.4465
USC00367029	PLEASANTMOUNT	19960121	9999	-56	-150	NA	-56	-150	548.6	41.7394	-75.4465
USC00367029	PLEASANTMOUNT	19960122	9999	-56	-128	NA	-56	-128	548.6	41.7394	-75.4465
USC00367029	PLEASANTMOUNT	19960123	9999	22	-122	NA	22	-122	548.6	41.7394	-75.4465
USC00367029	PLEASANTMOUNT	19960124	9999	22	-61	NA	22	-61	548.6	41.7394	-75.4465
USC00367029	PLEASANTMOUNT	19960125	9999	67	-100	NA	67	-100	548.6	41.7394	-75.4465
USC00367029	PLEASANTMOUNT	19960126	9999	-72	-144	NA	-72	-144	548.6	41.7394	-75.4465
USC00367029	PLEASANTMOUNT	19960127	9999	56	-117	NA	56	-117	548.6	41.7394	-75.4465
USC00367029	PLEASANTMOUNT	19960128	9999	89	-89	NA	89	-89	548.6	41.7394	-75.4465
USC00367029	PLEASANTMOUNT	19960129	9999	-50	-128	NA	-50	-128	548.6	41.7394	-75.4465
USC00367029	PLEASANTMOUNT	19960130	9999	-33	-106	NA	-33	-106	548.6	41.7394	-75.4465
USC00367029	PLEASANTMOUNT	19960131	9999	11	-117	NA	11	-117	548.6	41.7394	-75.4465
USC00367029	PLEASANTMOUNT	19970101	9999	-56	-167	NA	-56	-167	548.6	41.7394	-75.4465
USC00367029	PLEASANTMOUNT	19970102	9999	-33	-161	NA	-33	-161	548.6	41.7394	-75.4465
USC00367029	PLEASANTMOUNT	19970103	9999	78	-33	NA	78	-33	548.6	41.7394	-75.4465
USC00367029	PLEASANTMOUNT	19970104	9999	111	6	NA	111	6	548.6	41.7394	-75.4465
USC00367029	PLEASANTMOUNT	19970105	9999	22	6	NA	22	6	548.6	41.7394	-75.4465
USC00367029	PLEASANTMOUNT	19970106	9999	94	-11	NA	94	-11	548.6	41.7394	-75.4465
USC00367029	PLEASANTMOUNT	19970107	9999	-11	-67	NA	-11	-67	548.6	41.7394	-75.4465
USC00367029	PLEASANTMOUNT	19970108	9999	-50	-106	NA	-50	-106	548.6	41.7394	-75.4465
USC00367029	PLEASANTMOUNT	19970109	9999	-50	-111	NA	-50	-111	548.6	41.7394	-75.4465
USC00367029	PLEASANTMOUNT	19970110	9999	-33	-94	NA	-33	-94	548.6	41.7394	-75.4465
USC00367029	PLEASANTMOUNT	19970111	9999	-33	-111	NA	-33	-111	548.6	41.7394	-75.4465
USC00367029	PLEASANTMOUNT	19970112	9999	-78	-139	NA	-78	-139	548.6	41.7394	-75.4465
USC00367029	PLEASANTMOUNT	19970113	9999	-94	-128	NA	-94	-128	548.6	41.7394	-75.4465
USC00367029	PLEASANTMOUNT	19970114	9999	-72	-111	NA	-72	-111	548.6	41.7394	-75.4465
USC00367029	PLEASANTMOUNT	19970115	9999	-56	-139	NA	-56	-139	548.6	41.7394	-75.4465
USC00367029	PLEASANTMOUNT	19970116	9999	22	-122	NA	22	-122	548.6	41.7394	-75.4465
USC00367029	PLEASANTMOUNT	19970117	9999	17	-178	NA	17	-178	548.6	41.7394	-75.4465
USC00367029	PLEASANTMOUNT	19970118	9999	-156	-206	NA	-156	-206	548.6	41.7394	-75.4465
USC00367029	PLEASANTMOUNT	19970119	9999	-144	-261	NA	-144	-261	548.6	41.7394	-75.4465
USC00367029	PLEASANTMOUNT	19970120	9999	-94	-222	NA	-94	-222	548.6	41.7394	-75.4465
USC00367029	PLEASANTMOUNT	19970121	9999	-39	-106	NA	-39	-106	548.6	41.7394	-75.4465
USC00367029	PLEASANTMOUNT	19970122	9999	-6	-117	NA	-6	-117	548.6	41.7394	-75.4465
USC00367029	PLEASANTMOUNT	19970123	9999	56	22	NA	56	22	548.6	41.7394	-75.4465
USC00367029	PLEASANTMOUNT	19970124	9999	22	-122	NA	22	-122	548.6	41.7394	-75.4465
USC00367029	PLEASANTMOUNT	19970125	9999	17	-111	NA	17	-111	548.6	41.7394	-75.4465
USC00367029	PLEASANTMOUNT	19970126	9999	44	-100	NA	44	-100	548.6	41.7394	-75.4465
USC00367029	PLEASANTMOUNT	19970127	9999	-72	-172	NA	-72	-172	548.6	41.7394	-75.4465
USC00367029	PLEASANTMOUNT	19970128	9999	17	-122	NA	17	-122	548.6	41.7394	-75.4465
USC00367029	PLEASANTMOUNT	19970129	9999	11	-139	NA	11	-139	548.6	41.7394	-75.4465
USC00367029	PLEASANTMOUNT	19970130	9999	-83	-172	NA	-83	-172	548.6	41.7394	-75.4465
USC00367029	PLEASANTMOUNT	19970131	9999	-67	-150	NA	-67	-150	548.6	41.7394	-75.4465
USC00367029	PLEASANTMOUNT	19980101	9999	-83	-217	NA	-83	-217	548.6	41.7394	-75.4465
USC00367029	PLEASANTMOUNT	19980102	9999	-17	-178	NA	-17	-178	548.6	41.7394	-75.4465
USC00367029	PLEASANTMOUNT	19980103	9999	72	-17	NA	72	-17	548.6	41.7394	-75.4465
USC00367029	PLEASANTMOUNT	19980104	9999	78	17	NA	78	17	548.6	41.7394	-75.4465
USC00367029	PLEASANTMOUNT	19980105	9999	78	6	NA	78	6	548.6	41.7394	-75.4465
USC00367029	PLEASANTMOUNT	19980106	9999	94	0	NA	94	0	548.6	41.7394	-75.4465
USC00367029	PLEASANTMOUNT	19980107	9999	100	22	NA	100	22	548.6	41.7394	-75.4465
USC00367029	PLEASANTMOUNT	19980108	9999	83	22	NA	83	22	548.6	41.7394	-75.4465
USC00367029	PLEASANTMOUNT	19980109	9999	156	39	NA	156	39	548.6	41.7394	-75.4465
USC00367029	PLEASANTMOUNT	19980110	9999	144	-17	NA	144	-17	548.6	41.7394	-75.4465
USC00367029	PLEASANTMOUNT	19980111	9999	39	-22	NA	39	-22	548.6	41.7394	-75.4465
USC00367029	PLEASANTMOUNT	19980112	9999	33	-89	NA	33	-89	548.6	41.7394	-75.4465
USC00367029	PLEASANTMOUNT	19980113	9999	17	-89	NA	17	-89	548.6	41.7394	-75.4465
USC00367029	PLEASANTMOUNT	19980114	9999	28	-122	NA	28	-122	548.6	41.7394	-75.4465
USC00367029	PLEASANTMOUNT	19980115	9999	-61	-122	NA	-61	-122	548.6	41.7394	-75.4465
USC00367029	PLEASANTMOUNT	19980116	9999	0	-94	NA	0	-94	548.6	41.7394	-75.4465
USC00367029	PLEASANTMOUNT	19980117	9999	6	-39	NA	6	-39	548.6	41.7394	-75.4465
USC00367029	PLEASANTMOUNT	19980118	9999	-6	-39	NA	-6	-39	548.6	41.7394	-75.4465
USC00367029	PLEASANTMOUNT	19980119	9999	-22	-56	NA	-22	-56	548.6	41.7394	-75.4465
USC00367029	PLEASANTMOUNT	19980120	9999	-11	-89	NA	-11	-89	548.6	41.7394	-75.4465
USC00367029	PLEASANTMOUNT	19980121	9999	-39	-72	NA	-39	-72	548.6	41.7394	-75.4465
USC00367029	PLEASANTMOUNT	19980122	9999	-56	-122	NA	-56	-122	548.6	41.7394	-75.4465
USC00367029	PLEASANTMOUNT	19980123	9999	-33	-122	NA	-33	-122	548.6	41.7394	-75.4465
USC00367029	PLEASANTMOUNT	19980124	9999	0	-56	NA	0	-56	548.6	41.7394	-75.4465
USC00367029	PLEASANTMOUNT	19980125	9999	-6	-50	NA	-6	-50	548.6	41.7394	-75.4465
USC00367029	PLEASANTMOUNT	19980126	9999	-39	-111	NA	-39	-111	548.6	41.7394	-75.4465
USC00367029	PLEASANTMOUNT	19980127	9999	-22	-111	NA	-22	-111	548.6	41.7394	-75.4465
USC00367029	PLEASANTMOUNT	19980128	9999	-33	-89	NA	-33	-89	548.6	41.7394	-75.4465
USC00367029	PLEASANTMOUNT	19980129	9999	-11	-94	NA	-11	-94	548.6	41.7394	-75.4465
USC00367029	PLEASANTMOUNT	19980130	9999	61	-89	NA	61	-89	548.6	41.7394	-75.4465
USC00367029	PLEASANTMOUNT	19980131	9999	11	-33	NA	11	-33	548.6	41.7394	-75.4465
USC00367029	PLEASANTMOUNT	19990101	9999	-83	-139	NA	-83	-139	548.6	41.7394	-75.4465
USC00367029	PLEASANTMOUNT	19990102	9999	-89	-222	NA	-89	-222	548.6	41.7394	-75.4465
USC00367029	PLEASANTMOUNT	19990103	9999	-50	-189	NA	-50	-189	548.6	41.7394	-75.4465
USC00367029	PLEASANTMOUNT	19990104	9999	22	-122	NA	22	-122	548.6	41.7394	-75.4465
USC00367029	PLEASANTMOUNT	19990105	9999	-83	-161	NA	-83	-161	548.6	41.7394	-75.4465
USC00367029	PLEASANTMOUNT	19990106	9999	-83	-183	NA	-83	-183	548.6	41.7394	-75.4465
USC00367029	PLEASANTMOUNT	19990107	9999	-61	-172	NA	-61	-172	548.6	41.7394	-75.4465
USC00367029	PLEASANTMOUNT	19990108	9999	-72	-183	NA	-72	-183	548.6	41.7394	-75.4465
USC00367029	PLEASANTMOUNT	19990109	9999	50	-156	NA	50	-156	548.6	41.7394	-75.4465
USC00367029	PLEASANTMOUNT	19990110	9999	50	-167	NA	50	-167	548.6	41.7394	-75.4465
USC00367029	PLEASANTMOUNT	19990111	9999	-83	-161	NA	-83	-161	548.6	41.7394	-75.4465
USC00367029	PLEASANTMOUNT	19990112	9999	-39	-139	NA	-39	-139	548.6	41.7394	-75.4465
USC00367029	PLEASANTMOUNT	19990113	9999	50	-39	NA	50	-39	548.6	41.7394	-75.4465
USC00367029	PLEASANTMOUNT	19990114	9999	39	-156	NA	39	-156	548.6	41.7394	-75.4465
USC00367029	PLEASANTMOUNT	19990115	9999	-33	-167	NA	-33	-167	548.6	41.7394	-75.4465
USC00367029	PLEASANTMOUNT	19990116	9999	-11	-144	NA	-11	-144	548.6	41.7394	-75.4465
USC00367029	PLEASANTMOUNT	19990117	9999	17	-100	NA	17	-100	548.6	41.7394	-75.4465
USC00367029	PLEASANTMOUNT	19990118	9999	67	-100	NA	67	-100	548.6	41.7394	-75.4465
USC00367029	PLEASANTMOUNT	19990119	9999	78	-11	NA	78	-11	548.6	41.7394	-75.4465
USC00367029	PLEASANTMOUNT	19990120	9999	22	-94	NA	22	-94	548.6	41.7394	-75.4465
USC00367029	PLEASANTMOUNT	19990121	9999	28	-100	NA	28	-100	548.6	41.7394	-75.4465
USC00367029	PLEASANTMOUNT	19990122	9999	11	-72	NA	11	-72	548.6	41.7394	-75.4465
USC00367029	PLEASANTMOUNT	19990123	9999	17	6	NA	17	6	548.6	41.7394	-75.4465
USC00367029	PLEASANTMOUNT	19990124	9999	117	6	NA	117	6	548.6	41.7394	-75.4465
USC00367029	PLEASANTMOUNT	19990125	9999	83	-28	NA	83	-28	548.6	41.7394	-75.4465
USC00367029	PLEASANTMOUNT	19990126	9999	-17	-56	NA	-17	-56	548.6	41.7394	-75.4465
USC00367029	PLEASANTMOUNT	19990127	9999	-6	-111	NA	-6	-111	548.6	41.7394	-75.4465
USC00367029	PLEASANTMOUNT	19990128	9999	17	-106	NA	17	-106	548.6	41.7394	-75.4465
USC00367029	PLEASANTMOUNT	19990129	9999	44	-94	NA	44	-94	548.6	41.7394	-75.4465
USC00367029	PLEASANTMOUNT	19990130	9999	-50	-117	NA	-50	-117	548.6	41.7394	-75.4465
USC00367029	PLEASANTMOUNT	19990131	9999	-22	-183	NA	-22	-183	548.6	41.7394	-75.4465
USC00367029	PLEASANTMOUNT	20000101	9999	22	-83	NA	22	-83	548.6	41.7394	-75.4465
USC00367029	PLEASANTMOUNT	20000102	9999	78	-56	NA	78	-56	548.6	41.7394	-75.4465
USC00367029	PLEASANTMOUNT	20000103	9999	122	6	NA	122	6	548.6	41.7394	-75.4465
USC00367029	PLEASANTMOUNT	20000104	9999	133	72	NA	133	72	548.6	41.7394	-75.4465
USC00367029	PLEASANTMOUNT	20000105	9999	133	-72	NA	133	-72	548.6	41.7394	-75.4465
USC00367029	PLEASANTMOUNT	20000106	9999	-50	-128	NA	-50	-128	548.6	41.7394	-75.4465
USC00367029	PLEASANTMOUNT	20000107	9999	0	-100	NA	0	-100	548.6	41.7394	-75.4465
USC00367029	PLEASANTMOUNT	20000108	9999	33	-78	NA	33	-78	548.6	41.7394	-75.4465
USC00367029	PLEASANTMOUNT	20000109	9999	6	-72	NA	6	-72	548.6	41.7394	-75.4465
USC00367029	PLEASANTMOUNT	20000110	9999	78	0	NA	78	0	548.6	41.7394	-75.4465
USC00367029	PLEASANTMOUNT	20000111	9999	56	6	NA	56	6	548.6	41.7394	-75.4465
USC00367029	PLEASANTMOUNT	20000112	9999	50	-17	NA	50	-17	548.6	41.7394	-75.4465
USC00367029	PLEASANTMOUNT	20000113	9999	17	-44	NA	17	-44	548.6	41.7394	-75.4465
USC00367029	PLEASANTMOUNT	20000114	9999	-44	-167	NA	-44	-167	548.6	41.7394	-75.4465
USC00367029	PLEASANTMOUNT	20000115	9999	-122	-161	NA	-122	-161	548.6	41.7394	-75.4465
USC00367029	PLEASANTMOUNT	20000116	9999	-44	-156	NA	-44	-156	548.6	41.7394	-75.4465
USC00367029	PLEASANTMOUNT	20000117	9999	6	-217	NA	6	-217	548.6	41.7394	-75.4465
USC00367029	PLEASANTMOUNT	20000118	9999	-161	-228	NA	-161	-228	548.6	41.7394	-75.4465
USC00367029	PLEASANTMOUNT	20000119	9999	-128	-222	NA	-128	-222	548.6	41.7394	-75.4465
USC00367029	PLEASANTMOUNT	20000120	9999	-67	-161	NA	-67	-161	548.6	41.7394	-75.4465
USC00367029	PLEASANTMOUNT	20000121	9999	-72	-183	NA	-72	-183	548.6	41.7394	-75.4465
USC00367029	PLEASANTMOUNT	20000122	9999	-150	-200	NA	-150	-200	548.6	41.7394	-75.4465
USC00367029	PLEASANTMOUNT	20000123	9999	-128	-206	NA	-128	-206	548.6	41.7394	-75.4465
USC00367029	PLEASANTMOUNT	20000124	9999	-61	-156	NA	-61	-156	548.6	41.7394	-75.4465
USC00367029	PLEASANTMOUNT	20000125	9999	-11	-139	NA	-11	-139	548.6	41.7394	-75.4465
USC00367029	PLEASANTMOUNT	20000126	9999	-78	-111	NA	-78	-111	548.6	41.7394	-75.4465
USC00367029	PLEASANTMOUNT	20000127	9999	-78	-178	NA	-78	-178	548.6	41.7394	-75.4465
USC00367029	PLEASANTMOUNT	20000128	9999	-144	-194	NA	-144	-194	548.6	41.7394	-75.4465
USC00367029	PLEASANTMOUNT	20000129	9999	-111	-189	NA	-111	-189	548.6	41.7394	-75.4465
USC00367029	PLEASANTMOUNT	20000130	9999	-28	-200	NA	-28	-200	548.6	41.7394	-75.4465
USC00367029	PLEASANTMOUNT	20000131	9999	-22	-172	NA	-22	-172	548.6	41.7394	-75.4465
USC00367029	PLEASANTMOUNT	20010101	9999	-89	-111	NA	-89	-111	548.6	41.7394	-75.4465
USC00367029	PLEASANTMOUNT	20010102	9999	-67	-156	NA	-67	-156	548.6	41.7394	-75.4465
USC00367029	PLEASANTMOUNT	20010103	9999	-89	-133	NA	-89	-133	548.6	41.7394	-75.4465
USC00367029	PLEASANTMOUNT	20010104	9999	-44	-117	NA	-44	-117	548.6	41.7394	-75.4465
USC00367029	PLEASANTMOUNT	20010105	9999	-39	-133	NA	-39	-133	548.6	41.7394	-75.4465
USC00367029	PLEASANTMOUNT	20010106	9999	-33	-100	NA	-33	-100	548.6	41.7394	-75.4465
USC00367029	PLEASANTMOUNT	20010107	9999	-22	-100	NA	-22	-100	548.6	41.7394	-75.4465
USC00367029	PLEASANTMOUNT	20010108	9999	0	-56	NA	0	-56	548.6	41.7394	-75.4465
USC00367029	PLEASANTMOUNT	20010109	9999	6	-94	NA	6	-94	548.6	41.7394	-75.4465
USC00367029	PLEASANTMOUNT	20010110	9999	-61	-122	NA	-61	-122	548.6	41.7394	-75.4465
USC00367029	PLEASANTMOUNT	20010111	9999	-33	-133	NA	-33	-133	548.6	41.7394	-75.4465
USC00367029	PLEASANTMOUNT	20010112	9999	11	-56	NA	11	-56	548.6	41.7394	-75.4465
USC00367029	PLEASANTMOUNT	20010113	9999	11	-133	NA	11	-133	548.6	41.7394	-75.4465
USC00367029	PLEASANTMOUNT	20010114	9999	44	-117	NA	44	-117	548.6	41.7394	-75.4465
USC00367029	PLEASANTMOUNT	20010115	9999	28	-89	NA	28	-89	548.6	41.7394	-75.4465
USC00367029	PLEASANTMOUNT	20010116	9999	6	-22	NA	6	-22	548.6	41.7394	-75.4465
USC00367029	PLEASANTMOUNT	20010117	9999	17	-11	NA	17	-11	548.6	41.7394	-75.4465
USC00367029	PLEASANTMOUNT	20010118	9999	-6	-89	NA	-6	-89	548.6	41.7394	-75.4465
USC00367029	PLEASANTMOUNT	20010119	9999	-17	-39	NA	-17	-39	548.6	41.7394	-75.4465
USC00367029	PLEASANTMOUNT	20010120	9999	6	-44	NA	6	-44	548.6	41.7394	-75.4465
USC00367029	PLEASANTMOUNT	20010121	9999	-28	-117	NA	-28	-117	548.6	41.7394	-75.4465
USC00367029	PLEASANTMOUNT	20010122	9999	-56	-161	NA	-56	-161	548.6	41.7394	-75.4465
USC00367029	PLEASANTMOUNT	20010123	9999	-22	-183	NA	-22	-183	548.6	41.7394	-75.4465
USC00367029	PLEASANTMOUNT	20010124	9999	0	-144	NA	0	-144	548.6	41.7394	-75.4465
USC00367029	PLEASANTMOUNT	20010125	9999	17	-100	NA	17	-100	548.6	41.7394	-75.4465
USC00367029	PLEASANTMOUNT	20010126	9999	-44	-150	NA	-44	-150	548.6	41.7394	-75.4465
USC00367029	PLEASANTMOUNT	20010127	9999	-22	-100	NA	-22	-100	548.6	41.7394	-75.4465
USC00367029	PLEASANTMOUNT	20010128	9999	-17	-78	NA	-17	-78	548.6	41.7394	-75.4465
USC00367029	PLEASANTMOUNT	20010129	9999	-22	-156	NA	-22	-156	548.6	41.7394	-75.4465
USC00367029	PLEASANTMOUNT	20010130	9999	11	-144	NA	11	-144	548.6	41.7394	-75.4465
USC00367029	PLEASANTMOUNT	20010131	9999	33	-33	NA	33	-33	548.6	41.7394	-75.4465
USC00367029	PLEASANTMOUNT	20020101	9999	-56	-128	NA	-56	-128	548.6	41.7394	-75.4465
USC00367029	PLEASANTMOUNT	20020102	9999	-50	-117	NA	-50	-117	548.6	41.7394	-75.4465
USC00367029	PLEASANTMOUNT	20020103	9999	-33	-111	NA	-33	-111	548.6	41.7394	-75.4465
USC00367029	PLEASANTMOUNT	20020104	9999	-17	-83	NA	-17	-83	548.6	41.7394	-75.4465
USC00367029	PLEASANTMOUNT	20020105	9999	-22	-67	NA	-22	-67	548.6	41.7394	-75.4465
USC00367029	PLEASANTMOUNT	20020106	9999	11	-72	NA	11	-72	548.6	41.7394	-75.4465
USC00367029	PLEASANTMOUNT	20020107	9999	28	-28	NA	28	-28	548.6	41.7394	-75.4465
USC00367029	PLEASANTMOUNT	20020108	9999	-22	-106	NA	-22	-106	548.6	41.7394	-75.4465
USC00367029	PLEASANTMOUNT	20020109	9999	-33	-67	NA	-33	-67	548.6	41.7394	-75.4465
USC00367029	PLEASANTMOUNT	20020110	9999	33	-67	NA	33	-67	548.6	41.7394	-75.4465
USC00367029	PLEASANTMOUNT	20020111	9999	56	-28	NA	56	-28	548.6	41.7394	-75.4465
USC00367029	PLEASANTMOUNT	20020112	9999	17	-17	NA	17	-17	548.6	41.7394	-75.4465
USC00367029	PLEASANTMOUNT	20020113	9999	28	-56	NA	28	-56	548.6	41.7394	-75.4465
USC00367029	PLEASANTMOUNT	20020114	9999	-6	-56	NA	-6	-56	548.6	41.7394	-75.4465
USC00367029	PLEASANTMOUNT	20020115	9999	6	-67	NA	6	-67	548.6	41.7394	-75.4465
USC00367029	PLEASANTMOUNT	20020116	9999	28	-44	NA	28	-44	548.6	41.7394	-75.4465
USC00367029	PLEASANTMOUNT	20020117	9999	-17	-50	NA	-17	-50	548.6	41.7394	-75.4465
USC00367029	PLEASANTMOUNT	20020118	9999	22	-61	NA	22	-61	548.6	41.7394	-75.4465
USC00367029	PLEASANTMOUNT	20020119	9999	-33	-156	NA	-33	-156	548.6	41.7394	-75.4465
USC00367029	PLEASANTMOUNT	20020120	9999	-72	-128	NA	-72	-128	548.6	41.7394	-75.4465
USC00367029	PLEASANTMOUNT	20020121	9999	-22	-139	NA	-22	-139	548.6	41.7394	-75.4465
USC00367029	PLEASANTMOUNT	20020122	9999	0	-78	NA	0	-78	548.6	41.7394	-75.4465
USC00367029	PLEASANTMOUNT	20020123	9999	39	-50	NA	39	-50	548.6	41.7394	-75.4465
USC00367029	PLEASANTMOUNT	20020124	9999	67	11	NA	67	11	548.6	41.7394	-75.4465
USC00367029	PLEASANTMOUNT	20020125	9999	78	-39	NA	78	-39	548.6	41.7394	-75.4465
USC00367029	PLEASANTMOUNT	20020126	9999	28	-39	NA	28	-39	548.6	41.7394	-75.4465
USC00367029	PLEASANTMOUNT	20020127	9999	78	-44	NA	78	-44	548.6	41.7394	-75.4465
USC00367029	PLEASANTMOUNT	20020128	9999	106	-39	NA	106	-39	548.6	41.7394	-75.4465
USC00367029	PLEASANTMOUNT	20020129	9999	106	-11	NA	106	-11	548.6	41.7394	-75.4465
USC00367029	PLEASANTMOUNT	20020130	9999	128	11	NA	128	11	548.6	41.7394	-75.4465
USC00367029	PLEASANTMOUNT	20020131	9999	83	-28	NA	83	-28	548.6	41.7394	-75.4465
USC00367029	PLEASANTMOUNT	20030101	9999	100	-6	NA	100	-6	548.6	41.7394	-75.4465
USC00367029	PLEASANTMOUNT	20030102	9999	6	-39	NA	6	-39	548.6	41.7394	-75.4465
USC00367029	PLEASANTMOUNT	20030103	9999	-33	-78	NA	-33	-78	548.6	41.7394	-75.4465
USC00367029	PLEASANTMOUNT	20030104	9999	-33	-67	NA	-33	-67	548.6	41.7394	-75.4465
USC00367029	PLEASANTMOUNT	20030105	9999	-33	-50	NA	-33	-50	548.6	41.7394	-75.4465
USC00367029	PLEASANTMOUNT	20030106	9999	-39	-61	NA	-39	-61	548.6	41.7394	-75.4465
USC00367029	PLEASANTMOUNT	20030107	9999	-39	-117	NA	-39	-117	548.6	41.7394	-75.4465
USC00367029	PLEASANTMOUNT	20030108	9999	-33	-117	NA	-33	-117	548.6	41.7394	-75.4465
USC00367029	PLEASANTMOUNT	20030109	9999	22	-33	NA	22	-33	548.6	41.7394	-75.4465
USC00367029	PLEASANTMOUNT	20030110	9999	33	-56	NA	33	-56	548.6	41.7394	-75.4465
USC00367029	PLEASANTMOUNT	20030111	9999	-44	-111	NA	-44	-111	548.6	41.7394	-75.4465
USC00367029	PLEASANTMOUNT	20030112	9999	-61	-100	NA	-61	-100	548.6	41.7394	-75.4465
USC00367029	PLEASANTMOUNT	20030113	9999	-50	-144	NA	-50	-144	548.6	41.7394	-75.4465
USC00367029	PLEASANTMOUNT	20030114	9999	-39	-183	NA	-39	-183	548.6	41.7394	-75.4465
USC00367029	PLEASANTMOUNT	20030115	9999	-83	-178	NA	-83	-178	548.6	41.7394	-75.4465
USC00367029	PLEASANTMOUNT	20030116	9999	-89	-144	NA	-89	-144	548.6	41.7394	-75.4465
USC00367029	PLEASANTMOUNT	20030117	9999	-72	-161	NA	-72	-161	548.6	41.7394	-75.4465
USC00367029	PLEASANTMOUNT	20030118	9999	-83	-222	NA	-83	-222	548.6	41.7394	-75.4465
USC00367029	PLEASANTMOUNT	20030119	9999	-94	-222	NA	-94	-222	548.6	41.7394	-75.4465
USC00367029	PLEASANTMOUNT	20030120	9999	-72	-156	NA	-72	-156	548.6	41.7394	-75.4465
USC00367029	PLEASANTMOUNT	20030121	9999	-83	-228	NA	-83	-228	548.6	41.7394	-75.4465
USC00367029	PLEASANTMOUNT	20030122	9999	-94	-222	NA	-94	-222	548.6	41.7394	-75.4465
USC00367029	PLEASANTMOUNT	20030123	9999	-128	-217	NA	-128	-217	548.6	41.7394	-75.4465
USC00367029	PLEASANTMOUNT	20030124	9999	-117	-211	NA	-117	-211	548.6	41.7394	-75.4465
USC00367029	PLEASANTMOUNT	20030125	9999	-100	-178	NA	-100	-178	548.6	41.7394	-75.4465
USC00367029	PLEASANTMOUNT	20030126	9999	-56	-122	NA	-56	-122	548.6	41.7394	-75.4465
USC00367029	PLEASANTMOUNT	20030127	9999	-56	-200	NA	-56	-200	548.6	41.7394	-75.4465
USC00367029	PLEASANTMOUNT	20030128	9999	-156	-256	NA	-156	-256	548.6	41.7394	-75.4465
USC00367029	PLEASANTMOUNT	20030129	9999	-72	-167	NA	-72	-167	548.6	41.7394	-75.4465
USC00367029	PLEASANTMOUNT	20030130	9999	-22	-200	NA	-22	-200	548.6	41.7394	-75.4465
USC00367029	PLEASANTMOUNT	20040101	9999	33	-39	NA	33	-39	548.6	41.7394	-75.4465
USC00367029	PLEASANTMOUNT	20040102	9999	17	-44	NA	17	-44	548.6	41.7394	-75.4465
USC00367029	PLEASANTMOUNT	20040103	9999	50	-17	NA	50	-17	548.6	41.7394	-75.4465
USC00367029	PLEASANTMOUNT	20040104	9999	100	33	NA	100	33	548.6	41.7394	-75.4465
USC00367029	PLEASANTMOUNT	20040105	9999	33	-11	NA	33	-11	548.6	41.7394	-75.4465
USC00367029	PLEASANTMOUNT	20040106	9999	6	-67	NA	6	-67	548.6	41.7394	-75.4465
USC00367029	PLEASANTMOUNT	20040107	9999	-33	-144	NA	-33	-144	548.6	41.7394	-75.4465
USC00367029	PLEASANTMOUNT	20040108	9999	-106	-172	NA	-106	-172	548.6	41.7394	-75.4465
USC00367029	PLEASANTMOUNT	20040109	9999	-72	-194	NA	-72	-194	548.6	41.7394	-75.4465
USC00367029	PLEASANTMOUNT	20040110	9999	-172	-250	NA	-172	-250	548.6	41.7394	-75.4465
USC00367029	PLEASANTMOUNT	20040111	9999	-167	-250	NA	-167	-250	548.6	41.7394	-75.4465
USC00367029	PLEASANTMOUNT	20040112	9999	-67	-178	NA	-67	-178	548.6	41.7394	-75.4465
USC00367029	PLEASANTMOUNT	20040113	9999	-17	-67	NA	-17	-67	548.6	41.7394	-75.4465
USC00367029	PLEASANTMOUNT	20040114	9999	-11	-228	NA	-11	-228	548.6	41.7394	-75.4465
USC00367029	PLEASANTMOUNT	20040115	9999	-161	-222	NA	-161	-222	548.6	41.7394	-75.4465
USC00367029	PLEASANTMOUNT	20040116	9999	-167	-233	NA	-167	-233	548.6	41.7394	-75.4465
USC00367029	PLEASANTMOUNT	20040117	9999	-122	-183	NA	-122	-183	548.6	41.7394	-75.4465
USC00367029	PLEASANTMOUNT	20040118	9999	-44	-150	NA	-44	-150	548.6	41.7394	-75.4465
USC00367029	PLEASANTMOUNT	20040119	9999	-22	-150	NA	-22	-150	548.6	41.7394	-75.4465
USC00367029	PLEASANTMOUNT	20040120	9999	-111	-122	NA	-111	-122	548.6	41.7394	-75.4465
USC00367029	PLEASANTMOUNT	20040121	9999	-94	-150	NA	-94	-150	548.6	41.7394	-75.4465
USC00367029	PLEASANTMOUNT	20040122	9999	-72	-178	NA	-72	-178	548.6	41.7394	-75.4465
USC00367029	PLEASANTMOUNT	20040123	9999	-33	-178	NA	-33	-178	548.6	41.7394	-75.4465
USC00367029	PLEASANTMOUNT	20040124	9999	-133	-211	NA	-133	-211	548.6	41.7394	-75.4465
USC00367029	PLEASANTMOUNT	20040125	9999	-111	-222	NA	-111	-222	548.6	41.7394	-75.4465
USC00367029	PLEASANTMOUNT	20040126	9999	-128	-222	NA	-128	-222	548.6	41.7394	-75.4465
USC00367029	PLEASANTMOUNT	20040127	9999	-106	-144	NA	-106	-144	548.6	41.7394	-75.4465
USC00367029	PLEASANTMOUNT	20040128	9999	-78	-128	NA	-78	-128	548.6	41.7394	-75.4465
USC00367029	PLEASANTMOUNT	20040129	9999	-67	-117	NA	-67	-117	548.6	41.7394	-75.4465
USC00367029	PLEASANTMOUNT	20040130	9999	-94	-189	NA	-94	-189	548.6	41.7394	-75.4465
USC00367029	PLEASANTMOUNT	20040131	9999	-111	-172	NA	-111	-172	548.6	41.7394	-75.4465
USC00367029	PLEASANTMOUNT	20050101	9999	89	-17	NA	89	-17	548.6	41.7394	-75.4465
USC00367029	PLEASANTMOUNT	20050102	9999	50	-50	NA	50	-50	548.6	41.7394	-75.4465
USC00367029	PLEASANTMOUNT	20050103	9999	33	-50	NA	33	-50	548.6	41.7394	-75.4465
USC00367029	PLEASANTMOUNT	20050104	9999	56	22	NA	56	22	548.6	41.7394	-75.4465
USC00367029	PLEASANTMOUNT	20050105	9999	22	-22	NA	22	-22	548.6	41.7394	-75.4465
USC00367029	PLEASANTMOUNT	20050106	9999	-17	-50	NA	-17	-50	548.6	41.7394	-75.4465
USC00367029	PLEASANTMOUNT	20050107	9999	11	-44	NA	11	-44	548.6	41.7394	-75.4465
USC00367029	PLEASANTMOUNT	20050108	9999	-33	-78	NA	-33	-78	548.6	41.7394	-75.4465
USC00367029	PLEASANTMOUNT	20050109	9999	0	-56	NA	0	-56	548.6	41.7394	-75.4465
USC00367029	PLEASANTMOUNT	20050110	9999	-6	-56	NA	-6	-56	548.6	41.7394	-75.4465
USC00367029	PLEASANTMOUNT	20050111	9999	6	-44	NA	6	-44	548.6	41.7394	-75.4465
USC00367029	PLEASANTMOUNT	20050112	9999	-17	-39	NA	-17	-39	548.6	41.7394	-75.4465
USC00367029	PLEASANTMOUNT	20050113	9999	-6	-17	NA	-6	-17	548.6	41.7394	-75.4465
USC00367029	PLEASANTMOUNT	20050114	9999	144	-11	NA	144	-11	548.6	41.7394	-75.4465
USC00367029	PLEASANTMOUNT	20050115	9999	-11	-150	NA	-11	-150	548.6	41.7394	-75.4465
USC00367029	PLEASANTMOUNT	20050116	9999	-67	-150	NA	-67	-150	548.6	41.7394	-75.4465
USC00367029	PLEASANTMOUNT	20050117	9999	-56	-128	NA	-56	-128	548.6	41.7394	-75.4465
USC00367029	PLEASANTMOUNT	20050118	9999	-94	-189	NA	-94	-189	548.6	41.7394	-75.4465
USC00367029	PLEASANTMOUNT	20050119	9999	-172	-244	NA	-172	-244	548.6	41.7394	-75.4465
USC00367029	PLEASANTMOUNT	20050120	9999	-83	-206	NA	-83	-206	548.6	41.7394	-75.4465
USC00367029	PLEASANTMOUNT	20050121	9999	-94	-222	NA	-94	-222	548.6	41.7394	-75.4465
USC00367029	PLEASANTMOUNT	20050122	9999	-167	-278	NA	-167	-278	548.6	41.7394	-75.4465
USC00367029	PLEASANTMOUNT	20050123	9999	-122	-233	NA	-122	-233	548.6	41.7394	-75.4465
USC00367029	PLEASANTMOUNT	20050124	9999	-150	-206	NA	-150	-206	548.6	41.7394	-75.4465
USC00367029	PLEASANTMOUNT	20050125	9999	-72	-200	NA	-72	-200	548.6	41.7394	-75.4465
USC00367029	PLEASANTMOUNT	20050126	9999	-61	-83	NA	-61	-83	548.6	41.7394	-75.4465
USC00367029	PLEASANTMOUNT	20050127	9999	-33	-222	NA	-33	-222	548.6	41.7394	-75.4465
USC00367029	PLEASANTMOUNT	20050128	9999	-28	-222	NA	-28	-222	548.6	41.7394	-75.4465
USC00367029	PLEASANTMOUNT	20050129	9999	-28	-222	NA	-28	-222	548.6	41.7394	-75.4465
USC00367029	PLEASANTMOUNT	20050130	9999	-22	-222	NA	-22	-222	548.6	41.7394	-75.4465
USC00367029	PLEASANTMOUNT	20050131	9999	0	-222	NA	0	-222	548.6	41.7394	-75.4465
