STATION	NAME	DATE	SNWD	TMAX	TMIN	SNWD2	TMAX2	TMIN2	ELEV	LAT	LONG
USC00367409	RENOVO	19950101	0	17	-72	0	17	-72	201.2	41.3297	-77.7380
USC00367409	RENOVO	19950102	0	22	-11	0	22	-11	201.2	41.3297	-77.7380
USC00367409	RENOVO	19950103	0	-11	-83	0	-11	-83	201.2	41.3297	-77.7380
USC00367409	RENOVO	19950104	0	-17	-83	0	-17	-83	201.2	41.3297	-77.7380
USC00367409	RENOVO	19950105	0	-56	-133	0	-56	-133	201.2	41.3297	-77.7380
USC00367409	RENOVO	19950106	0	-61	-139	0	-61	-139	201.2	41.3297	-77.7380
USC00367409	RENOVO	19950107	0	0	-133	0	0	-133	201.2	41.3297	-77.7380
USC00367409	RENOVO	19950108	0	11	-39	0	11	-39	201.2	41.3297	-77.7380
USC00367409	RENOVO	19950109	0	-6	-33	0	-6	-33	201.2	41.3297	-77.7380
USC00367409	RENOVO	19950110	0	11	-117	0	11	-117	201.2	41.3297	-77.7380
USC00367409	RENOVO	19950111	0	-28	-111	0	-28	-111	201.2	41.3297	-77.7380
USC00367409	RENOVO	19950112	0	11	-33	0	11	-33	201.2	41.3297	-77.7380
USC00367409	RENOVO	19950113	0	39	11	0	39	11	201.2	41.3297	-77.7380
USC00367409	RENOVO	19950114	0	133	17	0	133	17	201.2	41.3297	-77.7380
USC00367409	RENOVO	19950115	0	167	22	0	167	22	201.2	41.3297	-77.7380
USC00367409	RENOVO	19950116	0	172	72	0	172	72	201.2	41.3297	-77.7380
USC00367409	RENOVO	19950117	0	83	33	0	83	33	201.2	41.3297	-77.7380
USC00367409	RENOVO	19950118	0	83	28	0	83	28	201.2	41.3297	-77.7380
USC00367409	RENOVO	19950119	0	72	28	0	72	28	201.2	41.3297	-77.7380
USC00367409	RENOVO	19950120	0	83	67	0	83	67	201.2	41.3297	-77.7380
USC00367409	RENOVO	19950121	0	89	17	0	89	17	201.2	41.3297	-77.7380
USC00367409	RENOVO	19950122	0	33	-33	0	33	-33	201.2	41.3297	-77.7380
USC00367409	RENOVO	19950123	0	-22	-56	0	-22	-56	201.2	41.3297	-77.7380
USC00367409	RENOVO	19950124	0	-6	-56	0	-6	-56	201.2	41.3297	-77.7380
USC00367409	RENOVO	19950125	0	11	-28	0	11	-28	201.2	41.3297	-77.7380
USC00367409	RENOVO	19950126	0	17	-44	0	17	-44	201.2	41.3297	-77.7380
USC00367409	RENOVO	19950127	0	6	-39	0	6	-39	201.2	41.3297	-77.7380
USC00367409	RENOVO	19950128	0	6	-67	0	6	-67	201.2	41.3297	-77.7380
USC00367409	RENOVO	19950129	0	-6	-139	0	-6	-139	201.2	41.3297	-77.7380
USC00367409	RENOVO	19950130	0	6	-150	0	6	-150	201.2	41.3297	-77.7380
USC00367409	RENOVO	19950131	0	56	-106	0	56	-106	201.2	41.3297	-77.7380
USC00367409	RENOVO	19960101	203	33	-56	203	33	-56	201.2	41.3297	-77.7380
USC00367409	RENOVO	19960102	178	22	-28	178	22	-28	201.2	41.3297	-77.7380
USC00367409	RENOVO	19960103	279	11	-72	279	11	-72	201.2	41.3297	-77.7380
USC00367409	RENOVO	19960104	279	-39	-167	279	-39	-167	201.2	41.3297	-77.7380
USC00367409	RENOVO	19960105	254	-28	-172	254	-28	-172	201.2	41.3297	-77.7380
USC00367409	RENOVO	19960106	254	-33	-194	254	-33	-194	201.2	41.3297	-77.7380
USC00367409	RENOVO	19960107	279	-56	-183	279	-56	-183	201.2	41.3297	-77.7380
USC00367409	RENOVO	19960108	381	-72	-117	381	-72	-117	201.2	41.3297	-77.7380
USC00367409	RENOVO	19960109	330	-11	-128	330	-11	-128	201.2	41.3297	-77.7380
USC00367409	RENOVO	19960110	381	-44	-106	381	-44	-106	201.2	41.3297	-77.7380
USC00367409	RENOVO	19960111	356	-33	-211	356	-33	-211	201.2	41.3297	-77.7380
USC00367409	RENOVO	19960112	356	-72	-211	356	-72	-211	201.2	41.3297	-77.7380
USC00367409	RENOVO	19960113	381	-33	-83	381	-33	-83	201.2	41.3297	-77.7380
USC00367409	RENOVO	19960114	381	6	-56	381	6	-56	201.2	41.3297	-77.7380
USC00367409	RENOVO	19960115	330	78	-33	330	78	-33	201.2	41.3297	-77.7380
USC00367409	RENOVO	19960116	305	22	-117	305	22	-117	201.2	41.3297	-77.7380
USC00367409	RENOVO	19960117	305	11	-89	305	11	-89	201.2	41.3297	-77.7380
USC00367409	RENOVO	19960118	279	44	-11	279	44	-11	201.2	41.3297	-77.7380
USC00367409	RENOVO	19960119	127	150	11	127	150	11	201.2	41.3297	-77.7380
USC00367409	RENOVO	19960120	76	106	-94	76	106	-94	201.2	41.3297	-77.7380
USC00367409	RENOVO	19960121	76	-28	-89	76	-28	-89	201.2	41.3297	-77.7380
USC00367409	RENOVO	19960122	51	-6	-100	51	-6	-100	201.2	41.3297	-77.7380
USC00367409	RENOVO	19960123	51	44	-94	51	44	-94	201.2	41.3297	-77.7380
USC00367409	RENOVO	19960124	51	28	-33	51	28	-33	201.2	41.3297	-77.7380
USC00367409	RENOVO	19960125	51	67	-61	51	67	-61	201.2	41.3297	-77.7380
USC00367409	RENOVO	19960126	51	-6	-72	51	-6	-72	201.2	41.3297	-77.7380
USC00367409	RENOVO	19960127	51	100	-61	51	100	-61	201.2	41.3297	-77.7380
USC00367409	RENOVO	19960128	51	106	-44	51	106	-44	201.2	41.3297	-77.7380
USC00367409	RENOVO	19960129	0	11	-72	0	11	-72	201.2	41.3297	-77.7380
USC00367409	RENOVO	19960130	0	0	-67	0	0	-67	201.2	41.3297	-77.7380
USC00367409	RENOVO	19960131	0	33	-94	0	33	-94	201.2	41.3297	-77.7380
USC00367409	RENOVO	19970101	0	28	-94	0	28	-94	201.2	41.3297	-77.7380
USC00367409	RENOVO	19970102	0	-6	-94	0	-6	-94	201.2	41.3297	-77.7380
USC00367409	RENOVO	19970103	0	33	-17	0	33	-17	201.2	41.3297	-77.7380
USC00367409	RENOVO	19970104	0	167	17	0	167	17	201.2	41.3297	-77.7380
USC00367409	RENOVO	19970105	0	133	44	0	133	44	201.2	41.3297	-77.7380
USC00367409	RENOVO	19970106	0	161	11	0	161	11	201.2	41.3297	-77.7380
USC00367409	RENOVO	19970107	0	33	-61	0	33	-61	201.2	41.3297	-77.7380
USC00367409	RENOVO	19970108	0	-11	-67	0	-11	-67	201.2	41.3297	-77.7380
USC00367409	RENOVO	19970109	0	17	-78	0	17	-78	201.2	41.3297	-77.7380
USC00367409	RENOVO	19970110	76	0	-67	76	0	-67	201.2	41.3297	-77.7380
USC00367409	RENOVO	19970111	51	11	-106	51	11	-106	201.2	41.3297	-77.7380
USC00367409	RENOVO	19970112	51	-61	-117	51	-61	-117	201.2	41.3297	-77.7380
USC00367409	RENOVO	19970113	51	-78	-128	51	-78	-128	201.2	41.3297	-77.7380
USC00367409	RENOVO	19970114	51	-56	-122	51	-56	-122	201.2	41.3297	-77.7380
USC00367409	RENOVO	19970115	51	-17	-150	51	-17	-150	201.2	41.3297	-77.7380
USC00367409	RENOVO	19970116	51	28	-144	51	28	-144	201.2	41.3297	-77.7380
USC00367409	RENOVO	19970117	51	22	-161	51	22	-161	201.2	41.3297	-77.7380
USC00367409	RENOVO	19970118	51	-122	-167	51	-122	-167	201.2	41.3297	-77.7380
USC00367409	RENOVO	19970119	51	-100	-233	51	-100	-233	201.2	41.3297	-77.7380
USC00367409	RENOVO	19970120	51	-67	-233	51	-67	-233	201.2	41.3297	-77.7380
USC00367409	RENOVO	19970121	25	6	-111	25	6	-111	201.2	41.3297	-77.7380
USC00367409	RENOVO	19970122	25	22	-111	25	22	-111	201.2	41.3297	-77.7380
USC00367409	RENOVO	19970123	25	61	-56	25	61	-56	201.2	41.3297	-77.7380
USC00367409	RENOVO	19970124	25	39	-89	25	39	-89	201.2	41.3297	-77.7380
USC00367409	RENOVO	19970125	102	33	-78	102	33	-78	201.2	41.3297	-77.7380
USC00367409	RENOVO	19970126	51	72	-67	51	72	-67	201.2	41.3297	-77.7380
USC00367409	RENOVO	19970127	51	-17	-100	51	-17	-100	201.2	41.3297	-77.7380
USC00367409	RENOVO	19970128	76	17	-67	76	17	-67	201.2	41.3297	-77.7380
USC00367409	RENOVO	19970129	51	11	-144	51	11	-144	201.2	41.3297	-77.7380
USC00367409	RENOVO	19970130	51	-17	-139	51	-17	-139	201.2	41.3297	-77.7380
USC00367409	RENOVO	19970131	51	6	-111	51	6	-111	201.2	41.3297	-77.7380
USC00367409	RENOVO	19980101	254	-22	-167	254	-22	-167	201.2	41.3297	-77.7380
USC00367409	RENOVO	19980102	203	-6	-167	203	-6	-167	201.2	41.3297	-77.7380
USC00367409	RENOVO	19980103	102	106	-67	102	106	-67	201.2	41.3297	-77.7380
USC00367409	RENOVO	19980104	25	39	11	25	39	11	201.2	41.3297	-77.7380
USC00367409	RENOVO	19980105	0	50	11	0	50	11	201.2	41.3297	-77.7380
USC00367409	RENOVO	19980106	0	94	11	0	94	11	201.2	41.3297	-77.7380
USC00367409	RENOVO	19980107	0	111	39	0	111	39	201.2	41.3297	-77.7380
USC00367409	RENOVO	19980108	0	128	67	0	128	67	201.2	41.3297	-77.7380
USC00367409	RENOVO	19980109	0	172	89	0	172	89	201.2	41.3297	-77.7380
USC00367409	RENOVO	19980110	0	128	17	0	128	17	201.2	41.3297	-77.7380
USC00367409	RENOVO	19980111	0	67	-33	0	67	-33	201.2	41.3297	-77.7380
USC00367409	RENOVO	19980112	0	67	-61	0	67	-61	201.2	41.3297	-77.7380
USC00367409	RENOVO	19980113	0	39	-61	0	39	-61	201.2	41.3297	-77.7380
USC00367409	RENOVO	19980114	0	56	-94	0	56	-94	201.2	41.3297	-77.7380
USC00367409	RENOVO	19980115	0	6	-89	0	6	-89	201.2	41.3297	-77.7380
USC00367409	RENOVO	19980116	0	11	-33	0	11	-33	201.2	41.3297	-77.7380
USC00367409	RENOVO	19980117	0	28	-22	0	28	-22	201.2	41.3297	-77.7380
USC00367409	RENOVO	19980118	0	22	-22	0	22	-22	201.2	41.3297	-77.7380
USC00367409	RENOVO	19980119	0	33	-67	0	33	-67	201.2	41.3297	-77.7380
USC00367409	RENOVO	19980120	0	6	-61	0	6	-61	201.2	41.3297	-77.7380
USC00367409	RENOVO	19980121	0	22	-72	0	22	-72	201.2	41.3297	-77.7380
USC00367409	RENOVO	19980122	0	6	-72	0	6	-72	201.2	41.3297	-77.7380
USC00367409	RENOVO	19980123	127	11	-50	127	11	-50	201.2	41.3297	-77.7380
USC00367409	RENOVO	19980124	102	39	-22	102	39	-22	201.2	41.3297	-77.7380
USC00367409	RENOVO	19980125	76	28	-28	76	28	-28	201.2	41.3297	-77.7380
USC00367409	RENOVO	19980126	51	6	-44	51	6	-44	201.2	41.3297	-77.7380
USC00367409	RENOVO	19980127	51	50	-50	51	50	-50	201.2	41.3297	-77.7380
USC00367409	RENOVO	19980128	51	28	-44	51	28	-44	201.2	41.3297	-77.7380
USC00367409	RENOVO	19980129	25	61	-33	25	61	-33	201.2	41.3297	-77.7380
USC00367409	RENOVO	19980130	25	50	-33	25	50	-33	201.2	41.3297	-77.7380
USC00367409	RENOVO	19980131	25	39	-17	25	39	-17	201.2	41.3297	-77.7380
USC00367409	RENOVO	19990101	9999	-44	-117	NA	-44	-117	201.2	41.3297	-77.7380
USC00367409	RENOVO	19990102	9999	-39	-183	NA	-39	-183	201.2	41.3297	-77.7380
USC00367409	RENOVO	19990103	76	-33	-167	76	-33	-167	201.2	41.3297	-77.7380
USC00367409	RENOVO	19990104	51	-11	-111	51	-11	-111	201.2	41.3297	-77.7380
USC00367409	RENOVO	19990105	51	-61	-156	51	-61	-156	201.2	41.3297	-77.7380
USC00367409	RENOVO	19990106	51	-44	-200	51	-44	-200	201.2	41.3297	-77.7380
USC00367409	RENOVO	19990107	51	-22	-189	51	-22	-189	201.2	41.3297	-77.7380
USC00367409	RENOVO	19990108	51	-39	-178	51	-39	-178	201.2	41.3297	-77.7380
USC00367409	RENOVO	19990109	76	17	-144	76	17	-144	201.2	41.3297	-77.7380
USC00367409	RENOVO	19990110	76	28	-144	76	28	-144	201.2	41.3297	-77.7380
USC00367409	RENOVO	19990111	76	-50	-144	76	-50	-144	201.2	41.3297	-77.7380
USC00367409	RENOVO	19990112	178	-56	-133	178	-56	-133	201.2	41.3297	-77.7380
USC00367409	RENOVO	19990113	152	-11	-83	152	-11	-83	201.2	41.3297	-77.7380
USC00367409	RENOVO	19990114	229	-22	-156	229	-22	-156	201.2	41.3297	-77.7380
USC00367409	RENOVO	19990115	457	-78	-150	457	-78	-150	201.2	41.3297	-77.7380
USC00367409	RENOVO	19990116	305	-11	-94	305	-11	-94	201.2	41.3297	-77.7380
USC00367409	RENOVO	19990117	254	78	-94	254	78	-94	201.2	41.3297	-77.7380
USC00367409	RENOVO	19990118	229	78	-61	229	78	-61	201.2	41.3297	-77.7380
USC00367409	RENOVO	19990119	203	94	-17	203	94	-17	201.2	41.3297	-77.7380
USC00367409	RENOVO	19990120	178	67	-50	178	67	-50	201.2	41.3297	-77.7380
USC00367409	RENOVO	19990121	178	100	-72	178	100	-72	201.2	41.3297	-77.7380
USC00367409	RENOVO	19990122	178	-6	-61	178	-6	-61	201.2	41.3297	-77.7380
USC00367409	RENOVO	19990123	178	61	-11	178	61	-11	201.2	41.3297	-77.7380
USC00367409	RENOVO	19990124	127	117	-6	127	117	-6	201.2	41.3297	-77.7380
USC00367409	RENOVO	19990125	127	50	-11	127	50	-11	201.2	41.3297	-77.7380
USC00367409	RENOVO	19990126	102	6	-33	102	6	-33	201.2	41.3297	-77.7380
USC00367409	RENOVO	19990127	102	33	-72	102	33	-72	201.2	41.3297	-77.7380
USC00367409	RENOVO	19990128	76	61	-72	76	61	-72	201.2	41.3297	-77.7380
USC00367409	RENOVO	19990129	76	72	-17	76	72	-17	201.2	41.3297	-77.7380
USC00367409	RENOVO	19990130	76	28	-61	76	28	-61	201.2	41.3297	-77.7380
USC00367409	RENOVO	19990131	76	17	-122	76	17	-122	201.2	41.3297	-77.7380
USC00367409	RENOVO	20000101	0	94	-78	0	94	-78	201.2	41.3297	-77.7380
USC00367409	RENOVO	20000102	0	56	-78	0	56	-78	201.2	41.3297	-77.7380
USC00367409	RENOVO	20000103	0	117	0	0	117	0	201.2	41.3297	-77.7380
USC00367409	RENOVO	20000104	0	167	44	0	167	44	201.2	41.3297	-77.7380
USC00367409	RENOVO	20000105	0	117	-39	0	117	-39	201.2	41.3297	-77.7380
USC00367409	RENOVO	20000106	0	28	-89	0	28	-89	201.2	41.3297	-77.7380
USC00367409	RENOVO	20000107	0	67	-89	0	67	-89	201.2	41.3297	-77.7380
USC00367409	RENOVO	20000108	0	56	-50	0	56	-50	201.2	41.3297	-77.7380
USC00367409	RENOVO	20000109	0	56	-67	0	56	-67	201.2	41.3297	-77.7380
USC00367409	RENOVO	20000110	0	111	-33	0	111	-33	201.2	41.3297	-77.7380
USC00367409	RENOVO	20000111	0	89	-11	0	89	-11	201.2	41.3297	-77.7380
USC00367409	RENOVO	20000112	0	94	-6	0	94	-6	201.2	41.3297	-77.7380
USC00367409	RENOVO	20000113	25	78	-33	25	78	-33	201.2	41.3297	-77.7380
USC00367409	RENOVO	20000114	51	11	-144	51	11	-144	201.2	41.3297	-77.7380
USC00367409	RENOVO	20000115	25	-22	-144	25	-22	-144	201.2	41.3297	-77.7380
USC00367409	RENOVO	20000116	0	-11	-139	0	-11	-139	201.2	41.3297	-77.7380
USC00367409	RENOVO	20000117	0	72	-172	0	72	-172	201.2	41.3297	-77.7380
USC00367409	RENOVO	20000118	0	-78	-178	0	-78	-178	201.2	41.3297	-77.7380
USC00367409	RENOVO	20000119	0	-67	-167	0	-67	-167	201.2	41.3297	-77.7380
USC00367409	RENOVO	20000120	25	17	-111	25	17	-111	201.2	41.3297	-77.7380
USC00367409	RENOVO	20000121	76	-22	-189	76	-22	-189	201.2	41.3297	-77.7380
USC00367409	RENOVO	20000122	76	-72	-194	76	-72	-194	201.2	41.3297	-77.7380
USC00367409	RENOVO	20000123	51	-33	-183	51	-33	-183	201.2	41.3297	-77.7380
USC00367409	RENOVO	20000124	51	-28	-106	51	-28	-106	201.2	41.3297	-77.7380
USC00367409	RENOVO	20000125	51	22	-122	51	22	-122	201.2	41.3297	-77.7380
USC00367409	RENOVO	20000126	102	-39	-94	102	-39	-94	201.2	41.3297	-77.7380
USC00367409	RENOVO	20000127	76	-6	-167	76	-6	-167	201.2	41.3297	-77.7380
USC00367409	RENOVO	20000128	76	-56	-167	76	-56	-167	201.2	41.3297	-77.7380
USC00367409	RENOVO	20000129	76	-28	-189	76	-28	-189	201.2	41.3297	-77.7380
USC00367409	RENOVO	20000130	76	44	-189	76	44	-189	201.2	41.3297	-77.7380
USC00367409	RENOVO	20000131	152	11	-94	152	11	-94	201.2	41.3297	-77.7380
USC00367409	RENOVO	20010101	51	-33	-72	51	-33	-72	201.2	41.3297	-77.7380
USC00367409	RENOVO	20010102	51	6	-94	51	6	-94	201.2	41.3297	-77.7380
USC00367409	RENOVO	20010103	51	-22	-89	51	-22	-89	201.2	41.3297	-77.7380
USC00367409	RENOVO	20010104	25	-6	-72	25	-6	-72	201.2	41.3297	-77.7380
USC00367409	RENOVO	20010105	25	6	-72	25	6	-72	201.2	41.3297	-77.7380
USC00367409	RENOVO	20010106	76	0	-44	76	0	-44	201.2	41.3297	-77.7380
USC00367409	RENOVO	20010107	76	6	-67	76	6	-67	201.2	41.3297	-77.7380
USC00367409	RENOVO	20010108	51	6	-50	51	6	-50	201.2	41.3297	-77.7380
USC00367409	RENOVO	20010109	51	28	-100	51	28	-100	201.2	41.3297	-77.7380
USC00367409	RENOVO	20010110	51	-33	-100	51	-33	-100	201.2	41.3297	-77.7380
USC00367409	RENOVO	20010111	51	22	-39	51	22	-39	201.2	41.3297	-77.7380
USC00367409	RENOVO	20010112	51	67	-83	51	67	-83	201.2	41.3297	-77.7380
USC00367409	RENOVO	20010113	25	44	-83	25	44	-83	201.2	41.3297	-77.7380
USC00367409	RENOVO	20010114	25	61	-83	25	61	-83	201.2	41.3297	-77.7380
USC00367409	RENOVO	20010115	25	33	-44	25	33	-44	201.2	41.3297	-77.7380
USC00367409	RENOVO	20010116	0	39	6	0	39	6	201.2	41.3297	-77.7380
USC00367409	RENOVO	20010117	0	44	11	0	44	11	201.2	41.3297	-77.7380
USC00367409	RENOVO	20010118	0	17	-6	0	17	-6	201.2	41.3297	-77.7380
USC00367409	RENOVO	20010119	25	33	0	25	33	0	201.2	41.3297	-77.7380
USC00367409	RENOVO	20010120	25	11	-17	25	11	-17	201.2	41.3297	-77.7380
USC00367409	RENOVO	20010121	76	-11	-94	76	-11	-94	201.2	41.3297	-77.7380
USC00367409	RENOVO	20010122	76	-11	-94	76	-11	-94	201.2	41.3297	-77.7380
USC00367409	RENOVO	20010123	51	-6	-133	51	-6	-133	201.2	41.3297	-77.7380
USC00367409	RENOVO	20010124	25	44	-133	25	44	-133	201.2	41.3297	-77.7380
USC00367409	RENOVO	20010125	25	44	-44	25	44	-44	201.2	41.3297	-77.7380
USC00367409	RENOVO	20010126	0	22	-89	0	22	-89	201.2	41.3297	-77.7380
USC00367409	RENOVO	20010127	0	17	-89	0	17	-89	201.2	41.3297	-77.7380
USC00367409	RENOVO	20010128	0	22	-61	0	22	-61	201.2	41.3297	-77.7380
USC00367409	RENOVO	20010129	0	0	-100	0	0	-100	201.2	41.3297	-77.7380
USC00367409	RENOVO	20010130	0	28	-100	0	28	-100	201.2	41.3297	-77.7380
USC00367409	RENOVO	20010131	0	44	6	0	44	6	201.2	41.3297	-77.7380
USC00367409	RENOVO	20020101	0	-39	-117	0	-39	-117	201.2	41.3297	-77.7380
USC00367409	RENOVO	20020102	0	-11	-111	0	-11	-111	201.2	41.3297	-77.7380
USC00367409	RENOVO	20020103	0	0	-111	0	0	-111	201.2	41.3297	-77.7380
USC00367409	RENOVO	20020104	0	28	-111	0	28	-111	201.2	41.3297	-77.7380
USC00367409	RENOVO	20020105	0	17	-39	0	17	-39	201.2	41.3297	-77.7380
USC00367409	RENOVO	20020106	0	44	-28	0	44	-28	201.2	41.3297	-77.7380
USC00367409	RENOVO	20020107	152	6	-17	152	6	-17	201.2	41.3297	-77.7380
USC00367409	RENOVO	20020108	102	22	-39	102	22	-39	201.2	41.3297	-77.7380
USC00367409	RENOVO	20020109	76	-17	-44	76	-17	-44	201.2	41.3297	-77.7380
USC00367409	RENOVO	20020110	51	72	-39	51	72	-39	201.2	41.3297	-77.7380
USC00367409	RENOVO	20020111	25	106	-6	25	106	-6	201.2	41.3297	-77.7380
USC00367409	RENOVO	20020112	0	50	0	0	50	0	201.2	41.3297	-77.7380
USC00367409	RENOVO	20020113	0	61	-17	0	61	-17	201.2	41.3297	-77.7380
USC00367409	RENOVO	20020114	0	28	-33	0	28	-33	201.2	41.3297	-77.7380
USC00367409	RENOVO	20020115	0	56	-33	0	56	-33	201.2	41.3297	-77.7380
USC00367409	RENOVO	20020116	0	39	6	0	39	6	201.2	41.3297	-77.7380
USC00367409	RENOVO	20020117	0	39	-6	0	39	-6	201.2	41.3297	-77.7380
USC00367409	RENOVO	20020118	0	50	-28	0	50	-28	201.2	41.3297	-77.7380
USC00367409	RENOVO	20020119	0	0	-72	0	0	-72	201.2	41.3297	-77.7380
USC00367409	RENOVO	20020120	51	-28	-100	51	-28	-100	201.2	41.3297	-77.7380
USC00367409	RENOVO	20020121	51	6	-100	51	6	-100	201.2	41.3297	-77.7380
USC00367409	RENOVO	20020122	25	39	-44	25	39	-44	201.2	41.3297	-77.7380
USC00367409	RENOVO	20020123	0	83	-28	0	83	-28	201.2	41.3297	-77.7380
USC00367409	RENOVO	20020124	0	22	-33	0	22	-33	201.2	41.3297	-77.7380
USC00367409	RENOVO	20020125	0	67	-22	0	67	-22	201.2	41.3297	-77.7380
USC00367409	RENOVO	20020126	0	72	-33	0	72	-33	201.2	41.3297	-77.7380
USC00367409	RENOVO	20020127	0	117	-39	0	117	-39	201.2	41.3297	-77.7380
USC00367409	RENOVO	20020128	0	167	-39	0	167	-39	201.2	41.3297	-77.7380
USC00367409	RENOVO	20020129	0	122	-33	0	122	-33	201.2	41.3297	-77.7380
USC00367409	RENOVO	20020130	0	178	17	0	178	17	201.2	41.3297	-77.7380
USC00367409	RENOVO	20020131	0	106	11	0	106	11	201.2	41.3297	-77.7380
USC00367409	RENOVO	20030101	25	78	17	25	78	17	201.2	41.3297	-77.7380
USC00367409	RENOVO	20030102	0	28	-22	0	28	-22	201.2	41.3297	-77.7380
USC00367409	RENOVO	20030103	51	0	-28	51	0	-28	201.2	41.3297	-77.7380
USC00367409	RENOVO	20030104	203	-6	-22	203	-6	-22	201.2	41.3297	-77.7380
USC00367409	RENOVO	20030105	178	0	-61	178	0	-61	201.2	41.3297	-77.7380
USC00367409	RENOVO	20030106	178	-17	-67	178	-17	-67	201.2	41.3297	-77.7380
USC00367409	RENOVO	20030107	178	0	-89	178	0	-89	201.2	41.3297	-77.7380
USC00367409	RENOVO	20030108	127	28	-94	127	28	-94	201.2	41.3297	-77.7380
USC00367409	RENOVO	20030109	51	78	22	51	78	22	201.2	41.3297	-77.7380
USC00367409	RENOVO	20030110	0	78	0	0	78	0	201.2	41.3297	-77.7380
USC00367409	RENOVO	20030111	51	0	-72	51	0	-72	201.2	41.3297	-77.7380
USC00367409	RENOVO	20030112	25	-39	-67	25	-39	-67	201.2	41.3297	-77.7380
USC00367409	RENOVO	20030113	0	-17	-111	0	-17	-111	201.2	41.3297	-77.7380
USC00367409	RENOVO	20030114	0	0	-100	0	0	-100	201.2	41.3297	-77.7380
USC00367409	RENOVO	20030115	0	-39	-94	0	-39	-94	201.2	41.3297	-77.7380
USC00367409	RENOVO	20030116	0	-50	-111	0	-50	-111	201.2	41.3297	-77.7380
USC00367409	RENOVO	20030117	25	-56	-128	25	-56	-128	201.2	41.3297	-77.7380
USC00367409	RENOVO	20030118	25	-44	-183	25	-44	-183	201.2	41.3297	-77.7380
USC00367409	RENOVO	20030119	25	-50	-183	25	-50	-183	201.2	41.3297	-77.7380
USC00367409	RENOVO	20030120	25	-44	-122	25	-44	-122	201.2	41.3297	-77.7380
USC00367409	RENOVO	20030121	25	-61	-156	25	-61	-156	201.2	41.3297	-77.7380
USC00367409	RENOVO	20030122	25	-61	-150	25	-61	-150	201.2	41.3297	-77.7380
USC00367409	RENOVO	20030123	25	-72	-167	25	-72	-167	201.2	41.3297	-77.7380
USC00367409	RENOVO	20030124	25	-94	-161	25	-94	-161	201.2	41.3297	-77.7380
USC00367409	RENOVO	20030125	0	-33	-156	0	-33	-156	201.2	41.3297	-77.7380
USC00367409	RENOVO	20030126	0	-39	-94	0	-39	-94	201.2	41.3297	-77.7380
USC00367409	RENOVO	20030127	25	-22	-189	25	-22	-189	201.2	41.3297	-77.7380
USC00367409	RENOVO	20030128	25	-78	-189	25	-78	-189	201.2	41.3297	-77.7380
USC00367409	RENOVO	20030129	25	-33	-122	25	-33	-122	201.2	41.3297	-77.7380
USC00367409	RENOVO	20030130	25	17	-139	25	17	-139	201.2	41.3297	-77.7380
USC00367409	RENOVO	20030131	25	6	-139	25	6	-139	201.2	41.3297	-77.7380
USC00367409	RENOVO	20040101	0	100	-28	0	100	-28	201.2	41.3297	-77.7380
USC00367409	RENOVO	20040102	0	72	-22	0	72	-22	201.2	41.3297	-77.7380
USC00367409	RENOVO	20040103	0	61	11	0	61	11	201.2	41.3297	-77.7380
USC00367409	RENOVO	20040104	0	89	50	0	89	50	201.2	41.3297	-77.7380
USC00367409	RENOVO	20040105	0	61	17	0	61	17	201.2	41.3297	-77.7380
USC00367409	RENOVO	20040106	0	44	-22	0	44	-22	201.2	41.3297	-77.7380
USC00367409	RENOVO	20040107	0	-17	-106	0	-17	-106	201.2	41.3297	-77.7380
USC00367409	RENOVO	20040108	0	-61	-100	0	-61	-100	201.2	41.3297	-77.7380
USC00367409	RENOVO	20040109	0	-17	-111	0	-17	-111	201.2	41.3297	-77.7380
USC00367409	RENOVO	20040110	0	-89	-194	0	-89	-194	201.2	41.3297	-77.7380
USC00367409	RENOVO	20040111	0	-89	-183	0	-89	-183	201.2	41.3297	-77.7380
USC00367409	RENOVO	20040112	25	-6	-139	25	-6	-139	201.2	41.3297	-77.7380
USC00367409	RENOVO	20040113	0	44	-22	0	44	-22	201.2	41.3297	-77.7380
USC00367409	RENOVO	20040114	0	28	-122	0	28	-122	201.2	41.3297	-77.7380
USC00367409	RENOVO	20040115	127	-83	-167	127	-83	-167	201.2	41.3297	-77.7380
USC00367409	RENOVO	20040116	102	-83	-189	102	-83	-189	201.2	41.3297	-77.7380
USC00367409	RENOVO	20040117	76	-61	-172	76	-61	-172	201.2	41.3297	-77.7380
USC00367409	RENOVO	20040118	127	-44	-156	127	-44	-156	201.2	41.3297	-77.7380
USC00367409	RENOVO	20040119	102	11	-72	102	11	-72	201.2	41.3297	-77.7380
USC00367409	RENOVO	20040120	102	-50	-61	102	-50	-61	201.2	41.3297	-77.7380
USC00367409	RENOVO	20040121	102	-39	-83	102	-39	-83	201.2	41.3297	-77.7380
USC00367409	RENOVO	20040122	102	-44	-94	102	-44	-94	201.2	41.3297	-77.7380
USC00367409	RENOVO	20040123	102	17	-150	102	17	-150	201.2	41.3297	-77.7380
USC00367409	RENOVO	20040124	102	-94	-150	102	-94	-150	201.2	41.3297	-77.7380
USC00367409	RENOVO	20040125	102	-56	-211	102	-56	-211	201.2	41.3297	-77.7380
USC00367409	RENOVO	20040126	127	-83	-206	127	-83	-206	201.2	41.3297	-77.7380
USC00367409	RENOVO	20040127	152	-72	-100	152	-72	-100	201.2	41.3297	-77.7380
USC00367409	RENOVO	20040128	254	-44	-72	254	-44	-72	201.2	41.3297	-77.7380
USC00367409	RENOVO	20040129	229	-39	-89	229	-39	-89	201.2	41.3297	-77.7380
USC00367409	RENOVO	20040130	203	-61	-150	203	-61	-150	201.2	41.3297	-77.7380
USC00367409	RENOVO	20040131	203	-83	-122	203	-83	-122	201.2	41.3297	-77.7380
USC00367409	RENOVO	20050101	0	117	39	0	117	39	201.2	41.3297	-77.7380
USC00367409	RENOVO	20050102	0	122	-11	0	122	-11	201.2	41.3297	-77.7380
USC00367409	RENOVO	20050103	0	67	6	0	67	6	201.2	41.3297	-77.7380
USC00367409	RENOVO	20050104	0	67	39	0	67	39	201.2	41.3297	-77.7380
USC00367409	RENOVO	20050105	0	83	17	0	83	17	201.2	41.3297	-77.7380
USC00367409	RENOVO	20050106	25	17	-17	25	17	-17	201.2	41.3297	-77.7380
USC00367409	RENOVO	20050107	25	39	0	25	39	0	201.2	41.3297	-77.7380
USC00367409	RENOVO	20050108	25	17	-6	25	17	-6	201.2	41.3297	-77.7380
USC00367409	RENOVO	20050109	0	39	6	0	39	6	201.2	41.3297	-77.7380
USC00367409	RENOVO	20050110	0	28	-11	0	28	-11	201.2	41.3297	-77.7380
USC00367409	RENOVO	20050111	0	50	-11	0	50	-11	201.2	41.3297	-77.7380
USC00367409	RENOVO	20050112	25	28	0	25	28	0	201.2	41.3297	-77.7380
USC00367409	RENOVO	20050113	0	50	17	0	50	17	201.2	41.3297	-77.7380
USC00367409	RENOVO	20050114	0	183	33	0	183	33	201.2	41.3297	-77.7380
USC00367409	RENOVO	20050115	0	33	-67	0	33	-67	201.2	41.3297	-77.7380
USC00367409	RENOVO	20050116	0	0	-61	0	0	-61	201.2	41.3297	-77.7380
USC00367409	RENOVO	20050117	51	-28	-94	51	-28	-94	201.2	41.3297	-77.7380
USC00367409	RENOVO	20050118	51	-72	-144	51	-72	-144	201.2	41.3297	-77.7380
USC00367409	RENOVO	20050119	25	-89	-150	25	-89	-150	201.2	41.3297	-77.7380
USC00367409	RENOVO	20050120	76	-22	-94	76	-22	-94	201.2	41.3297	-77.7380
USC00367409	RENOVO	20050121	51	-22	-172	51	-22	-172	201.2	41.3297	-77.7380
USC00367409	RENOVO	20050122	51	-72	-178	51	-72	-178	201.2	41.3297	-77.7380
USC00367409	RENOVO	20050123	178	-83	-139	178	-83	-139	201.2	41.3297	-77.7380
USC00367409	RENOVO	20050124	152	-83	-189	152	-83	-189	201.2	41.3297	-77.7380
USC00367409	RENOVO	20050125	203	-44	-183	203	-44	-183	201.2	41.3297	-77.7380
USC00367409	RENOVO	20050126	152	-6	-44	152	-6	-44	201.2	41.3297	-77.7380
USC00367409	RENOVO	20050127	102	6	-172	102	6	-172	201.2	41.3297	-77.7380
USC00367409	RENOVO	20050128	102	-61	-211	102	-61	-211	201.2	41.3297	-77.7380
USC00367409	RENOVO	20050129	102	-28	-211	102	-28	-211	201.2	41.3297	-77.7380
USC00367409	RENOVO	20050130	102	11	-156	102	11	-156	201.2	41.3297	-77.7380
USC00367409	RENOVO	20050131	102	44	-111	102	44	-111	201.2	41.3297	-77.7380
