STATION	NAME	DATE	SNWD	TMAX	TMIN	SNWD2	TMAX2	TMIN2	ELEV	LAT	LONG
USC00367477	RIDGWAY	19950101	0	33	-56	0	33	-56	414.5	41.4196	-78.7493
USC00367477	RIDGWAY	19950102	25	61	-67	25	61	-67	414.5	41.4196	-78.7493
USC00367477	RIDGWAY	19950103	25	-61	-100	25	-61	-100	414.5	41.4196	-78.7493
USC00367477	RIDGWAY	19950104	51	-44	-133	51	-44	-133	414.5	41.4196	-78.7493
USC00367477	RIDGWAY	19950105	51	-100	-167	51	-100	-167	414.5	41.4196	-78.7493
USC00367477	RIDGWAY	19950106	25	-94	-172	25	-94	-172	414.5	41.4196	-78.7493
USC00367477	RIDGWAY	19950107	51	6	-161	51	6	-161	414.5	41.4196	-78.7493
USC00367477	RIDGWAY	19950108	51	6	-61	51	6	-61	414.5	41.4196	-78.7493
USC00367477	RIDGWAY	19950109	25	-28	-67	25	-28	-67	414.5	41.4196	-78.7493
USC00367477	RIDGWAY	19950110	25	-39	-150	25	-39	-150	414.5	41.4196	-78.7493
USC00367477	RIDGWAY	19950111	25	-50	-144	25	-50	-144	414.5	41.4196	-78.7493
USC00367477	RIDGWAY	19950112	25	17	-50	25	17	-50	414.5	41.4196	-78.7493
USC00367477	RIDGWAY	19950113	0	133	-50	0	133	-50	414.5	41.4196	-78.7493
USC00367477	RIDGWAY	19950114	0	178	6	0	178	6	414.5	41.4196	-78.7493
USC00367477	RIDGWAY	19950115	0	178	28	0	178	28	414.5	41.4196	-78.7493
USC00367477	RIDGWAY	19950116	0	167	33	0	167	33	414.5	41.4196	-78.7493
USC00367477	RIDGWAY	19950117	0	33	0	0	33	0	414.5	41.4196	-78.7493
USC00367477	RIDGWAY	19950118	0	39	6	0	39	6	414.5	41.4196	-78.7493
USC00367477	RIDGWAY	19950119	0	122	28	0	122	28	414.5	41.4196	-78.7493
USC00367477	RIDGWAY	19950120	0	72	44	0	72	44	414.5	41.4196	-78.7493
USC00367477	RIDGWAY	19950121	25	50	-6	25	50	-6	414.5	41.4196	-78.7493
USC00367477	RIDGWAY	19950122	76	0	-67	76	0	-67	414.5	41.4196	-78.7493
USC00367477	RIDGWAY	19950123	51	-50	-89	51	-50	-89	414.5	41.4196	-78.7493
USC00367477	RIDGWAY	19950124	51	-50	-89	51	-50	-89	414.5	41.4196	-78.7493
USC00367477	RIDGWAY	19950125	51	-11	-56	51	-11	-56	414.5	41.4196	-78.7493
USC00367477	RIDGWAY	19950126	76	-33	-83	76	-33	-83	414.5	41.4196	-78.7493
USC00367477	RIDGWAY	19950127	51	-28	-72	51	-28	-72	414.5	41.4196	-78.7493
USC00367477	RIDGWAY	19950128	51	-17	-111	51	-17	-111	414.5	41.4196	-78.7493
USC00367477	RIDGWAY	19950129	25	-22	-167	25	-22	-167	414.5	41.4196	-78.7493
USC00367477	RIDGWAY	19950130	25	22	-167	25	22	-167	414.5	41.4196	-78.7493
USC00367477	RIDGWAY	19950131	25	50	-156	25	50	-156	414.5	41.4196	-78.7493
USC00367477	RIDGWAY	19960101	203	17	-83	203	17	-83	414.5	41.4196	-78.7493
USC00367477	RIDGWAY	19960102	203	28	-11	203	28	-11	414.5	41.4196	-78.7493
USC00367477	RIDGWAY	19960103	305	6	-83	305	6	-83	414.5	41.4196	-78.7493
USC00367477	RIDGWAY	19960104	279	-72	-211	279	-72	-211	414.5	41.4196	-78.7493
USC00367477	RIDGWAY	19960105	279	-78	-217	279	-78	-217	414.5	41.4196	-78.7493
USC00367477	RIDGWAY	19960106	279	-72	-244	279	-72	-244	414.5	41.4196	-78.7493
USC00367477	RIDGWAY	19960107	279	-83	-250	279	-83	-250	414.5	41.4196	-78.7493
USC00367477	RIDGWAY	19960108	305	-111	-128	305	-111	-128	414.5	41.4196	-78.7493
USC00367477	RIDGWAY	19960109	305	-50	-139	305	-50	-139	414.5	41.4196	-78.7493
USC00367477	RIDGWAY	19960110	330	-56	-144	330	-56	-144	414.5	41.4196	-78.7493
USC00367477	RIDGWAY	19960111	305	-83	-250	305	-83	-250	414.5	41.4196	-78.7493
USC00367477	RIDGWAY	19960112	279	-83	-244	279	-83	-244	414.5	41.4196	-78.7493
USC00367477	RIDGWAY	19960113	279	-56	-94	279	-56	-94	414.5	41.4196	-78.7493
USC00367477	RIDGWAY	19960114	254	-22	-94	254	-22	-94	414.5	41.4196	-78.7493
USC00367477	RIDGWAY	19960115	254	67	-28	254	67	-28	414.5	41.4196	-78.7493
USC00367477	RIDGWAY	19960116	254	-22	-122	254	-22	-122	414.5	41.4196	-78.7493
USC00367477	RIDGWAY	19960117	229	61	-72	229	61	-72	414.5	41.4196	-78.7493
USC00367477	RIDGWAY	19960118	152	89	17	152	89	17	414.5	41.4196	-78.7493
USC00367477	RIDGWAY	19960119	25	133	67	25	133	67	414.5	41.4196	-78.7493
USC00367477	RIDGWAY	19960120	0	89	-122	0	89	-122	414.5	41.4196	-78.7493
USC00367477	RIDGWAY	19960121	0	-72	-122	0	-72	-122	414.5	41.4196	-78.7493
USC00367477	RIDGWAY	19960122	0	-6	-122	0	-6	-122	414.5	41.4196	-78.7493
USC00367477	RIDGWAY	19960123	0	50	-122	0	50	-122	414.5	41.4196	-78.7493
USC00367477	RIDGWAY	19960124	0	50	0	0	50	0	414.5	41.4196	-78.7493
USC00367477	RIDGWAY	19960125	0	72	-94	0	72	-94	414.5	41.4196	-78.7493
USC00367477	RIDGWAY	19960126	0	-44	-94	0	-44	-94	414.5	41.4196	-78.7493
USC00367477	RIDGWAY	19960127	0	78	-94	0	78	-94	414.5	41.4196	-78.7493
USC00367477	RIDGWAY	19960128	0	83	-78	0	83	-78	414.5	41.4196	-78.7493
USC00367477	RIDGWAY	19960129	0	-33	-89	0	-33	-89	414.5	41.4196	-78.7493
USC00367477	RIDGWAY	19960130	0	17	-50	0	17	-50	414.5	41.4196	-78.7493
USC00367477	RIDGWAY	19960131	25	-22	-133	25	-22	-133	414.5	41.4196	-78.7493
USC00367477	RIDGWAY	19970101	0	22	-83	0	22	-83	414.5	41.4196	-78.7493
USC00367477	RIDGWAY	19970102	0	44	-83	0	44	-83	414.5	41.4196	-78.7493
USC00367477	RIDGWAY	19970103	0	111	33	0	111	33	414.5	41.4196	-78.7493
USC00367477	RIDGWAY	19970104	0	144	67	0	144	67	414.5	41.4196	-78.7493
USC00367477	RIDGWAY	19970105	0	183	72	0	183	72	414.5	41.4196	-78.7493
USC00367477	RIDGWAY	19970106	0	139	-11	0	139	-11	414.5	41.4196	-78.7493
USC00367477	RIDGWAY	19970107	0	-11	-78	0	-11	-78	414.5	41.4196	-78.7493
USC00367477	RIDGWAY	19970108	25	-56	-83	25	-56	-83	414.5	41.4196	-78.7493
USC00367477	RIDGWAY	19970109	0	-28	-100	0	-28	-100	414.5	41.4196	-78.7493
USC00367477	RIDGWAY	19970110	76	-6	-72	76	-6	-72	414.5	41.4196	-78.7493
USC00367477	RIDGWAY	19970111	76	-33	-144	76	-33	-144	414.5	41.4196	-78.7493
USC00367477	RIDGWAY	19970112	76	-117	-156	76	-117	-156	414.5	41.4196	-78.7493
USC00367477	RIDGWAY	19970113	76	-111	-150	76	-111	-150	414.5	41.4196	-78.7493
USC00367477	RIDGWAY	19970114	76	-106	-150	76	-106	-150	414.5	41.4196	-78.7493
USC00367477	RIDGWAY	19970115	76	-67	-189	76	-67	-189	414.5	41.4196	-78.7493
USC00367477	RIDGWAY	19970116	51	39	-183	51	39	-183	414.5	41.4196	-78.7493
USC00367477	RIDGWAY	19970117	102	11	-189	102	11	-189	414.5	41.4196	-78.7493
USC00367477	RIDGWAY	19970118	102	-161	-194	102	-161	-194	414.5	41.4196	-78.7493
USC00367477	RIDGWAY	19970119	102	-139	-267	102	-139	-267	414.5	41.4196	-78.7493
USC00367477	RIDGWAY	19970120	102	-61	-239	102	-61	-239	414.5	41.4196	-78.7493
USC00367477	RIDGWAY	19970121	102	-22	-150	102	-22	-150	414.5	41.4196	-78.7493
USC00367477	RIDGWAY	19970122	76	-100	-167	76	-100	-167	414.5	41.4196	-78.7493
USC00367477	RIDGWAY	19970123	0	78	11	0	78	11	414.5	41.4196	-78.7493
USC00367477	RIDGWAY	19970124	0	11	-67	0	11	-67	414.5	41.4196	-78.7493
USC00367477	RIDGWAY	19970125	0	61	-67	0	61	-67	414.5	41.4196	-78.7493
USC00367477	RIDGWAY	19970126	76	56	-94	76	56	-94	414.5	41.4196	-78.7493
USC00367477	RIDGWAY	19970127	76	-67	-122	76	-67	-122	414.5	41.4196	-78.7493
USC00367477	RIDGWAY	19970128	76	28	-67	76	28	-67	414.5	41.4196	-78.7493
USC00367477	RIDGWAY	19970129	76	-33	-139	76	-33	-139	414.5	41.4196	-78.7493
USC00367477	RIDGWAY	19970130	51	-61	-139	51	-61	-139	414.5	41.4196	-78.7493
USC00367477	RIDGWAY	19970131	51	0	-100	51	0	-100	414.5	41.4196	-78.7493
USC00367477	RIDGWAY	19980101	76	-72	-156	76	-72	-156	414.5	41.4196	-78.7493
USC00367477	RIDGWAY	19980102	51	17	-139	51	17	-139	414.5	41.4196	-78.7493
USC00367477	RIDGWAY	19980103	0	89	11	0	89	11	414.5	41.4196	-78.7493
USC00367477	RIDGWAY	19980104	0	111	44	0	111	44	414.5	41.4196	-78.7493
USC00367477	RIDGWAY	19980105	0	94	11	0	94	11	414.5	41.4196	-78.7493
USC00367477	RIDGWAY	19980106	0	167	0	0	167	0	414.5	41.4196	-78.7493
USC00367477	RIDGWAY	19980107	0	133	78	0	133	78	414.5	41.4196	-78.7493
USC00367477	RIDGWAY	19980108	0	178	72	0	178	72	414.5	41.4196	-78.7493
USC00367477	RIDGWAY	19980109	0	172	89	0	172	89	414.5	41.4196	-78.7493
USC00367477	RIDGWAY	19980110	0	94	6	0	94	6	414.5	41.4196	-78.7493
USC00367477	RIDGWAY	19980111	0	39	-33	0	39	-33	414.5	41.4196	-78.7493
USC00367477	RIDGWAY	19980112	0	39	-78	0	39	-78	414.5	41.4196	-78.7493
USC00367477	RIDGWAY	19980113	0	56	-78	0	56	-78	414.5	41.4196	-78.7493
USC00367477	RIDGWAY	19980114	25	56	-117	25	56	-117	414.5	41.4196	-78.7493
USC00367477	RIDGWAY	19980115	0	-17	-122	0	-17	-122	414.5	41.4196	-78.7493
USC00367477	RIDGWAY	19980116	0	6	-33	0	6	-33	414.5	41.4196	-78.7493
USC00367477	RIDGWAY	19980117	0	6	-28	0	6	-28	414.5	41.4196	-78.7493
USC00367477	RIDGWAY	19980118	25	11	-22	25	11	-22	414.5	41.4196	-78.7493
USC00367477	RIDGWAY	19980119	51	-11	-50	51	-11	-50	414.5	41.4196	-78.7493
USC00367477	RIDGWAY	19980120	51	-11	-72	51	-11	-72	414.5	41.4196	-78.7493
USC00367477	RIDGWAY	19980121	51	-17	-128	51	-17	-128	414.5	41.4196	-78.7493
USC00367477	RIDGWAY	19980122	51	-28	-117	51	-28	-117	414.5	41.4196	-78.7493
USC00367477	RIDGWAY	19980123	76	-6	-44	76	-6	-44	414.5	41.4196	-78.7493
USC00367477	RIDGWAY	19980124	51	22	-17	51	22	-17	414.5	41.4196	-78.7493
USC00367477	RIDGWAY	19980125	51	-6	-44	51	-6	-44	414.5	41.4196	-78.7493
USC00367477	RIDGWAY	19980126	51	-28	-56	51	-28	-56	414.5	41.4196	-78.7493
USC00367477	RIDGWAY	19980127	25	33	-39	25	33	-39	414.5	41.4196	-78.7493
USC00367477	RIDGWAY	19980128	51	28	-17	51	28	-17	414.5	41.4196	-78.7493
USC00367477	RIDGWAY	19980129	25	67	-56	25	67	-56	414.5	41.4196	-78.7493
USC00367477	RIDGWAY	19980130	0	56	-61	0	56	-61	414.5	41.4196	-78.7493
USC00367477	RIDGWAY	19980131	0	6	-28	0	6	-28	414.5	41.4196	-78.7493
USC00367477	RIDGWAY	19990101	0	-78	-117	0	-78	-117	414.5	41.4196	-78.7493
USC00367477	RIDGWAY	19990102	51	-78	-200	51	-78	-200	414.5	41.4196	-78.7493
USC00367477	RIDGWAY	19990103	102	6	-156	102	6	-156	414.5	41.4196	-78.7493
USC00367477	RIDGWAY	19990104	102	17	-156	102	17	-156	414.5	41.4196	-78.7493
USC00367477	RIDGWAY	19990105	76	-100	-172	76	-100	-172	414.5	41.4196	-78.7493
USC00367477	RIDGWAY	19990106	76	-111	-200	76	-111	-200	414.5	41.4196	-78.7493
USC00367477	RIDGWAY	19990107	152	-28	-128	152	-28	-128	414.5	41.4196	-78.7493
USC00367477	RIDGWAY	19990108	127	-83	-211	127	-83	-211	414.5	41.4196	-78.7493
USC00367477	RIDGWAY	19990109	152	33	-133	152	33	-133	414.5	41.4196	-78.7493
USC00367477	RIDGWAY	19990110	203	-28	-150	203	-28	-150	414.5	41.4196	-78.7493
USC00367477	RIDGWAY	19990111	203	-78	-150	203	-78	-150	414.5	41.4196	-78.7493
USC00367477	RIDGWAY	19990112	229	11	-150	229	11	-150	414.5	41.4196	-78.7493
USC00367477	RIDGWAY	19990113	152	61	6	152	61	6	414.5	41.4196	-78.7493
USC00367477	RIDGWAY	19990114	279	39	-139	279	39	-139	414.5	41.4196	-78.7493
USC00367477	RIDGWAY	19990115	356	-44	-128	356	-44	-128	414.5	41.4196	-78.7493
USC00367477	RIDGWAY	19990116	356	-39	-100	356	-39	-100	414.5	41.4196	-78.7493
USC00367477	RIDGWAY	19990117	279	28	-44	279	28	-44	414.5	41.4196	-78.7493
USC00367477	RIDGWAY	19990118	229	100	-33	229	100	-33	414.5	41.4196	-78.7493
USC00367477	RIDGWAY	19990119	254	72	-6	254	72	-6	414.5	41.4196	-78.7493
USC00367477	RIDGWAY	19990120	254	28	-33	254	28	-33	414.5	41.4196	-78.7493
USC00367477	RIDGWAY	19990121	229	72	-72	229	72	-72	414.5	41.4196	-78.7493
USC00367477	RIDGWAY	19990122	178	39	-50	178	39	-50	414.5	41.4196	-78.7493
USC00367477	RIDGWAY	19990123	178	78	33	178	78	33	414.5	41.4196	-78.7493
USC00367477	RIDGWAY	19990124	102	139	33	102	139	33	414.5	41.4196	-78.7493
USC00367477	RIDGWAY	19990125	51	67	-11	51	67	-11	414.5	41.4196	-78.7493
USC00367477	RIDGWAY	19990126	76	6	-22	76	6	-22	414.5	41.4196	-78.7493
USC00367477	RIDGWAY	19990127	76	28	-94	76	28	-94	414.5	41.4196	-78.7493
USC00367477	RIDGWAY	19990128	51	94	-83	51	94	-83	414.5	41.4196	-78.7493
USC00367477	RIDGWAY	19990129	51	33	-28	51	33	-28	414.5	41.4196	-78.7493
USC00367477	RIDGWAY	19990130	51	11	-61	51	11	-61	414.5	41.4196	-78.7493
USC00367477	RIDGWAY	19990131	51	6	-106	51	6	-106	414.5	41.4196	-78.7493
USC00367477	RIDGWAY	20000101	0	44	-94	0	44	-94	414.5	41.4196	-78.7493
USC00367477	RIDGWAY	20000102	0	106	-94	0	106	-94	414.5	41.4196	-78.7493
USC00367477	RIDGWAY	20000103	0	161	-94	0	161	-94	414.5	41.4196	-78.7493
USC00367477	RIDGWAY	20000104	0	139	83	0	139	83	414.5	41.4196	-78.7493
USC00367477	RIDGWAY	20000105	0	139	-39	0	139	-39	414.5	41.4196	-78.7493
USC00367477	RIDGWAY	20000106	0	-39	-83	0	-39	-83	414.5	41.4196	-78.7493
USC00367477	RIDGWAY	20000107	0	44	-83	0	44	-83	414.5	41.4196	-78.7493
USC00367477	RIDGWAY	20000108	0	22	-56	0	22	-56	414.5	41.4196	-78.7493
USC00367477	RIDGWAY	20000109	0	28	-61	0	28	-61	414.5	41.4196	-78.7493
USC00367477	RIDGWAY	20000110	0	83	0	0	83	0	414.5	41.4196	-78.7493
USC00367477	RIDGWAY	20000111	0	78	28	0	78	28	414.5	41.4196	-78.7493
USC00367477	RIDGWAY	20000112	0	50	-11	0	50	-11	414.5	41.4196	-78.7493
USC00367477	RIDGWAY	20000113	25	50	-22	25	50	-22	414.5	41.4196	-78.7493
USC00367477	RIDGWAY	20000114	25	-22	-144	25	-22	-144	414.5	41.4196	-78.7493
USC00367477	RIDGWAY	20000115	25	-67	-133	25	-67	-133	414.5	41.4196	-78.7493
USC00367477	RIDGWAY	20000116	25	39	-133	25	39	-133	414.5	41.4196	-78.7493
USC00367477	RIDGWAY	20000117	25	39	-111	25	39	-111	414.5	41.4196	-78.7493
USC00367477	RIDGWAY	20000118	25	-106	-178	25	-106	-178	414.5	41.4196	-78.7493
USC00367477	RIDGWAY	20000119	25	-67	-156	25	-67	-156	414.5	41.4196	-78.7493
USC00367477	RIDGWAY	20000120	51	-33	-72	51	-33	-72	414.5	41.4196	-78.7493
USC00367477	RIDGWAY	20000121	102	-39	-172	102	-39	-172	414.5	41.4196	-78.7493
USC00367477	RIDGWAY	20000122	102	-111	-172	102	-111	-172	414.5	41.4196	-78.7493
USC00367477	RIDGWAY	20000123	102	-83	-144	102	-83	-144	414.5	41.4196	-78.7493
USC00367477	RIDGWAY	20000124	102	-22	-94	102	-22	-94	414.5	41.4196	-78.7493
USC00367477	RIDGWAY	20000125	102	-11	-161	102	-11	-161	414.5	41.4196	-78.7493
USC00367477	RIDGWAY	20000126	102	-67	-139	102	-67	-139	414.5	41.4196	-78.7493
USC00367477	RIDGWAY	20000127	127	-56	-167	127	-56	-167	414.5	41.4196	-78.7493
USC00367477	RIDGWAY	20000128	152	-56	-167	152	-56	-167	414.5	41.4196	-78.7493
USC00367477	RIDGWAY	20000129	127	-44	-206	127	-44	-206	414.5	41.4196	-78.7493
USC00367477	RIDGWAY	20000130	127	33	-161	127	33	-161	414.5	41.4196	-78.7493
USC00367477	RIDGWAY	20000131	203	-6	-72	203	-6	-72	414.5	41.4196	-78.7493
USC00367477	RIDGWAY	20010101	127	-61	-94	127	-61	-94	414.5	41.4196	-78.7493
USC00367477	RIDGWAY	20010102	102	-39	-139	102	-39	-139	414.5	41.4196	-78.7493
USC00367477	RIDGWAY	20010103	76	-50	-139	76	-50	-139	414.5	41.4196	-78.7493
USC00367477	RIDGWAY	20010104	102	-44	-106	102	-44	-106	414.5	41.4196	-78.7493
USC00367477	RIDGWAY	20010105	102	-33	-67	102	-33	-67	414.5	41.4196	-78.7493
USC00367477	RIDGWAY	20010106	203	-6	-50	203	-6	-50	414.5	41.4196	-78.7493
USC00367477	RIDGWAY	20010107	178	-6	-50	178	-6	-50	414.5	41.4196	-78.7493
USC00367477	RIDGWAY	20010108	152	17	-17	152	17	-17	414.5	41.4196	-78.7493
USC00367477	RIDGWAY	20010109	127	11	-150	127	11	-150	414.5	41.4196	-78.7493
USC00367477	RIDGWAY	20010110	127	-67	-156	127	-67	-156	414.5	41.4196	-78.7493
USC00367477	RIDGWAY	20010111	102	11	-89	102	11	-89	414.5	41.4196	-78.7493
USC00367477	RIDGWAY	20010112	102	39	-139	102	39	-139	414.5	41.4196	-78.7493
USC00367477	RIDGWAY	20010113	76	78	-144	76	78	-144	414.5	41.4196	-78.7493
USC00367477	RIDGWAY	20010114	51	56	-122	51	56	-122	414.5	41.4196	-78.7493
USC00367477	RIDGWAY	20010115	51	33	-83	51	33	-83	414.5	41.4196	-78.7493
USC00367477	RIDGWAY	20010116	25	50	0	25	50	0	414.5	41.4196	-78.7493
USC00367477	RIDGWAY	20010117	25	6	-17	25	6	-17	414.5	41.4196	-78.7493
USC00367477	RIDGWAY	20010118	25	-6	-22	25	-6	-22	414.5	41.4196	-78.7493
USC00367477	RIDGWAY	20010119	51	33	-33	51	33	-33	414.5	41.4196	-78.7493
USC00367477	RIDGWAY	20010120	51	11	-44	51	11	-44	414.5	41.4196	-78.7493
USC00367477	RIDGWAY	20010121	51	-28	-133	51	-28	-133	414.5	41.4196	-78.7493
USC00367477	RIDGWAY	20010122	51	-50	-111	51	-50	-111	414.5	41.4196	-78.7493
USC00367477	RIDGWAY	20010123	51	-39	-167	51	-39	-167	414.5	41.4196	-78.7493
USC00367477	RIDGWAY	20010124	51	22	-167	51	22	-167	414.5	41.4196	-78.7493
USC00367477	RIDGWAY	20010125	25	-6	-56	25	-6	-56	414.5	41.4196	-78.7493
USC00367477	RIDGWAY	20010126	25	-28	-83	25	-28	-83	414.5	41.4196	-78.7493
USC00367477	RIDGWAY	20010127	127	0	-83	127	0	-83	414.5	41.4196	-78.7493
USC00367477	RIDGWAY	20010128	127	-11	-94	127	-11	-94	414.5	41.4196	-78.7493
USC00367477	RIDGWAY	20010129	127	-50	-156	127	-50	-156	414.5	41.4196	-78.7493
USC00367477	RIDGWAY	20010130	76	11	-156	76	11	-156	414.5	41.4196	-78.7493
USC00367477	RIDGWAY	20010131	51	78	6	51	78	6	414.5	41.4196	-78.7493
USC00367477	RIDGWAY	20020101	25	-72	-100	25	-72	-100	414.5	41.4196	-78.7493
USC00367477	RIDGWAY	20020102	9999	9999	9999	NA	NA	NA	414.5	41.4196	-78.7493
USC00367477	RIDGWAY	20020103	25	-33	-117	25	-33	-117	414.5	41.4196	-78.7493
USC00367477	RIDGWAY	20020104	0	-11	-94	0	-11	-94	414.5	41.4196	-78.7493
USC00367477	RIDGWAY	20020105	0	-11	-61	0	-11	-61	414.5	41.4196	-78.7493
USC00367477	RIDGWAY	20020106	0	28	-56	0	28	-56	414.5	41.4196	-78.7493
USC00367477	RIDGWAY	20020107	127	-6	-22	127	-6	-22	414.5	41.4196	-78.7493
USC00367477	RIDGWAY	20020108	102	-11	-67	102	-11	-67	414.5	41.4196	-78.7493
USC00367477	RIDGWAY	20020109	76	-11	-72	76	-11	-72	414.5	41.4196	-78.7493
USC00367477	RIDGWAY	20020110	25	44	-11	25	44	-11	414.5	41.4196	-78.7493
USC00367477	RIDGWAY	20020111	0	78	-11	0	78	-11	414.5	41.4196	-78.7493
USC00367477	RIDGWAY	20020112	0	22	-17	0	22	-17	414.5	41.4196	-78.7493
USC00367477	RIDGWAY	20020113	0	50	-17	0	50	-17	414.5	41.4196	-78.7493
USC00367477	RIDGWAY	20020114	0	0	-78	0	0	-78	414.5	41.4196	-78.7493
USC00367477	RIDGWAY	20020115	0	50	-61	0	50	-61	414.5	41.4196	-78.7493
USC00367477	RIDGWAY	20020116	0	11	-22	0	11	-22	414.5	41.4196	-78.7493
USC00367477	RIDGWAY	20020117	25	22	-28	25	22	-28	414.5	41.4196	-78.7493
USC00367477	RIDGWAY	20020118	0	17	-56	0	17	-56	414.5	41.4196	-78.7493
USC00367477	RIDGWAY	20020119	0	-22	-111	0	-22	-111	414.5	41.4196	-78.7493
USC00367477	RIDGWAY	20020120	76	-33	-144	76	-33	-144	414.5	41.4196	-78.7493
USC00367477	RIDGWAY	20020121	51	-11	-144	51	-11	-144	414.5	41.4196	-78.7493
USC00367477	RIDGWAY	20020122	51	17	-144	51	17	-144	414.5	41.4196	-78.7493
USC00367477	RIDGWAY	20020123	51	78	-67	51	78	-67	414.5	41.4196	-78.7493
USC00367477	RIDGWAY	20020124	0	67	-28	0	67	-28	414.5	41.4196	-78.7493
USC00367477	RIDGWAY	20020125	0	78	-33	0	78	-33	414.5	41.4196	-78.7493
USC00367477	RIDGWAY	20020126	0	50	-50	0	50	-50	414.5	41.4196	-78.7493
USC00367477	RIDGWAY	20020127	0	89	-44	0	89	-44	414.5	41.4196	-78.7493
USC00367477	RIDGWAY	20020128	0	139	-44	0	139	-44	414.5	41.4196	-78.7493
USC00367477	RIDGWAY	20020129	0	139	-39	0	139	-39	414.5	41.4196	-78.7493
USC00367477	RIDGWAY	20020130	0	156	78	0	156	78	414.5	41.4196	-78.7493
USC00367477	RIDGWAY	20020131	0	89	6	0	89	6	414.5	41.4196	-78.7493
USC00367477	RIDGWAY	20030101	0	111	6	0	111	6	414.5	41.4196	-78.7493
USC00367477	RIDGWAY	20030102	0	17	-50	0	17	-50	414.5	41.4196	-78.7493
USC00367477	RIDGWAY	20030103	25	0	-50	25	0	-50	414.5	41.4196	-78.7493
USC00367477	RIDGWAY	20030104	51	0	-39	51	0	-39	414.5	41.4196	-78.7493
USC00367477	RIDGWAY	20030105	51	-17	-50	51	-17	-50	414.5	41.4196	-78.7493
USC00367477	RIDGWAY	20030106	51	-22	-50	51	-22	-50	414.5	41.4196	-78.7493
USC00367477	RIDGWAY	20030107	76	-17	-117	76	-17	-117	414.5	41.4196	-78.7493
USC00367477	RIDGWAY	20030108	76	6	-100	76	6	-100	414.5	41.4196	-78.7493
USC00367477	RIDGWAY	20030109	51	39	-100	51	39	-100	414.5	41.4196	-78.7493
USC00367477	RIDGWAY	20030110	0	67	-44	0	67	-44	414.5	41.4196	-78.7493
USC00367477	RIDGWAY	20030111	51	-39	-100	51	-39	-100	414.5	41.4196	-78.7493
USC00367477	RIDGWAY	20030112	76	-67	-100	76	-67	-100	414.5	41.4196	-78.7493
USC00367477	RIDGWAY	20030113	51	-50	-122	51	-50	-122	414.5	41.4196	-78.7493
USC00367477	RIDGWAY	20030114	51	-28	-111	51	-28	-111	414.5	41.4196	-78.7493
USC00367477	RIDGWAY	20030115	51	-78	-111	51	-78	-111	414.5	41.4196	-78.7493
USC00367477	RIDGWAY	20030116	76	-83	-144	76	-83	-144	414.5	41.4196	-78.7493
USC00367477	RIDGWAY	20030117	76	-78	-161	76	-78	-161	414.5	41.4196	-78.7493
USC00367477	RIDGWAY	20030118	76	-72	-156	76	-72	-156	414.5	41.4196	-78.7493
USC00367477	RIDGWAY	20030119	76	-78	-194	76	-78	-194	414.5	41.4196	-78.7493
USC00367477	RIDGWAY	20030120	102	-61	-111	102	-61	-111	414.5	41.4196	-78.7493
USC00367477	RIDGWAY	20030121	102	-94	-172	102	-94	-172	414.5	41.4196	-78.7493
USC00367477	RIDGWAY	20030122	102	-94	-211	102	-94	-211	414.5	41.4196	-78.7493
USC00367477	RIDGWAY	20030123	102	-106	-233	102	-106	-233	414.5	41.4196	-78.7493
USC00367477	RIDGWAY	20030124	102	-128	-200	102	-128	-200	414.5	41.4196	-78.7493
USC00367477	RIDGWAY	20030125	102	-78	-200	102	-78	-200	414.5	41.4196	-78.7493
USC00367477	RIDGWAY	20030126	102	-61	-117	102	-61	-117	414.5	41.4196	-78.7493
USC00367477	RIDGWAY	20030127	127	-50	-250	127	-50	-250	414.5	41.4196	-78.7493
USC00367477	RIDGWAY	20030128	127	-111	-228	127	-111	-228	414.5	41.4196	-78.7493
USC00367477	RIDGWAY	20030129	203	-33	-122	203	-33	-122	414.5	41.4196	-78.7493
USC00367477	RIDGWAY	20030130	178	-17	-200	178	-17	-200	414.5	41.4196	-78.7493
USC00367477	RIDGWAY	20030131	178	17	-206	178	17	-206	414.5	41.4196	-78.7493
USC00367477	RIDGWAY	20040101	0	78	-61	0	78	-61	414.5	41.4196	-78.7493
USC00367477	RIDGWAY	20040102	0	56	-50	0	56	-50	414.5	41.4196	-78.7493
USC00367477	RIDGWAY	20040103	0	128	33	0	128	33	414.5	41.4196	-78.7493
USC00367477	RIDGWAY	20040104	0	133	39	0	133	39	414.5	41.4196	-78.7493
USC00367477	RIDGWAY	20040105	0	133	6	0	133	6	414.5	41.4196	-78.7493
USC00367477	RIDGWAY	20040106	0	50	-50	0	50	-50	414.5	41.4196	-78.7493
USC00367477	RIDGWAY	20040107	25	-50	-133	25	-50	-133	414.5	41.4196	-78.7493
USC00367477	RIDGWAY	20040108	25	-89	-128	25	-89	-128	414.5	41.4196	-78.7493
USC00367477	RIDGWAY	20040109	25	-44	-117	25	-44	-117	414.5	41.4196	-78.7493
USC00367477	RIDGWAY	20040110	9999	-89	-222	NA	-89	-222	414.5	41.4196	-78.7493
USC00367477	RIDGWAY	20040111	9999	-117	-217	NA	-117	-217	414.5	41.4196	-78.7493
USC00367477	RIDGWAY	20040112	25	6	-122	25	6	-122	414.5	41.4196	-78.7493
USC00367477	RIDGWAY	20040113	25	11	-17	25	11	-17	414.5	41.4196	-78.7493
USC00367477	RIDGWAY	20040114	25	-6	-156	25	-6	-156	414.5	41.4196	-78.7493
USC00367477	RIDGWAY	20040115	203	-94	-150	203	-94	-150	414.5	41.4196	-78.7493
USC00367477	RIDGWAY	20040116	152	-106	-222	152	-106	-222	414.5	41.4196	-78.7493
USC00367477	RIDGWAY	20040117	127	-94	-222	127	-94	-222	414.5	41.4196	-78.7493
USC00367477	RIDGWAY	20040118	152	6	-194	152	6	-194	414.5	41.4196	-78.7493
USC00367477	RIDGWAY	20040119	178	6	-94	178	6	-94	414.5	41.4196	-78.7493
USC00367477	RIDGWAY	20040120	178	-78	-106	178	-78	-106	414.5	41.4196	-78.7493
USC00367477	RIDGWAY	20040121	152	-78	-122	152	-78	-122	414.5	41.4196	-78.7493
USC00367477	RIDGWAY	20040122	127	-28	-122	127	-28	-122	414.5	41.4196	-78.7493
USC00367477	RIDGWAY	20040123	127	-22	-178	127	-22	-178	414.5	41.4196	-78.7493
USC00367477	RIDGWAY	20040124	152	-122	-178	152	-122	-178	414.5	41.4196	-78.7493
USC00367477	RIDGWAY	20040125	127	-78	-261	127	-78	-261	414.5	41.4196	-78.7493
USC00367477	RIDGWAY	20040126	178	-94	-244	178	-94	-244	414.5	41.4196	-78.7493
USC00367477	RIDGWAY	20040127	178	-72	-111	178	-72	-111	414.5	41.4196	-78.7493
USC00367477	RIDGWAY	20040128	279	-33	-89	279	-33	-89	414.5	41.4196	-78.7493
USC00367477	RIDGWAY	20040129	254	-78	-117	254	-78	-117	414.5	41.4196	-78.7493
USC00367477	RIDGWAY	20040130	254	-89	-167	254	-89	-167	414.5	41.4196	-78.7493
USC00367477	RIDGWAY	20040131	203	-117	-156	203	-117	-156	414.5	41.4196	-78.7493
USC00367477	RIDGWAY	20050101	0	106	61	0	106	61	414.5	41.4196	-78.7493
USC00367477	RIDGWAY	20050102	0	100	6	0	100	6	414.5	41.4196	-78.7493
USC00367477	RIDGWAY	20050103	0	106	6	0	106	6	414.5	41.4196	-78.7493
USC00367477	RIDGWAY	20050104	0	122	44	0	122	44	414.5	41.4196	-78.7493
USC00367477	RIDGWAY	20050105	0	61	0	0	61	0	414.5	41.4196	-78.7493
USC00367477	RIDGWAY	20050106	102	6	-28	102	6	-28	414.5	41.4196	-78.7493
USC00367477	RIDGWAY	20050107	76	72	-33	76	72	-33	414.5	41.4196	-78.7493
USC00367477	RIDGWAY	20050108	51	6	-44	51	6	-44	414.5	41.4196	-78.7493
USC00367477	RIDGWAY	20050109	51	22	-11	51	22	-11	414.5	41.4196	-78.7493
USC00367477	RIDGWAY	20050110	51	-11	39	51	-11	39	414.5	41.4196	-78.7493
USC00367477	RIDGWAY	20050111	9999	28	-22	NA	28	-22	414.5	41.4196	-78.7493
USC00367477	RIDGWAY	20050112	25	17	-17	25	17	-17	414.5	41.4196	-78.7493
USC00367477	RIDGWAY	20050113	9999	50	17	NA	50	17	414.5	41.4196	-78.7493
USC00367477	RIDGWAY	20050114	9999	167	0	NA	167	0	414.5	41.4196	-78.7493
USC00367477	RIDGWAY	20050115	0	0	-106	0	0	-106	414.5	41.4196	-78.7493
USC00367477	RIDGWAY	20050116	0	-39	-106	0	-39	-106	414.5	41.4196	-78.7493
USC00367477	RIDGWAY	20050117	76	-50	-139	76	-50	-139	414.5	41.4196	-78.7493
USC00367477	RIDGWAY	20050118	76	-106	-178	76	-106	-178	414.5	41.4196	-78.7493
USC00367477	RIDGWAY	20050119	76	-89	-178	76	-89	-178	414.5	41.4196	-78.7493
USC00367477	RIDGWAY	20050120	152	-39	-100	152	-39	-100	414.5	41.4196	-78.7493
USC00367477	RIDGWAY	20050121	152	-56	-222	152	-56	-222	414.5	41.4196	-78.7493
USC00367477	RIDGWAY	20050122	152	-83	-233	152	-83	-233	414.5	41.4196	-78.7493
USC00367477	RIDGWAY	20050123	305	-100	-161	305	-100	-161	414.5	41.4196	-78.7493
USC00367477	RIDGWAY	20050124	305	-106	-250	305	-106	-250	414.5	41.4196	-78.7493
USC00367477	RIDGWAY	20050125	229	-61	-206	229	-61	-206	414.5	41.4196	-78.7493
USC00367477	RIDGWAY	20050126	178	22	-67	178	22	-67	414.5	41.4196	-78.7493
USC00367477	RIDGWAY	20050127	178	17	-211	178	17	-211	414.5	41.4196	-78.7493
USC00367477	RIDGWAY	20050128	178	-72	-256	178	-72	-256	414.5	41.4196	-78.7493
USC00367477	RIDGWAY	20050129	178	-22	-256	178	-22	-256	414.5	41.4196	-78.7493
USC00367477	RIDGWAY	20050130	152	11	-167	152	11	-167	414.5	41.4196	-78.7493
USC00367477	RIDGWAY	20050131	152	44	-161	152	44	-161	414.5	41.4196	-78.7493
