STATION	NAME	DATE	SNWD	TMAX	TMIN	SNWD2	TMAX2	TMIN2	ELEV	LAT	LONG
USC00307400	SALAMANCA	19950101	0	44	-61	0	44	-61	431.3	42.150	-78.720
USC00307400	SALAMANCA	19950102	25	50	-78	25	50	-78	431.3	42.150	-78.720
USC00307400	SALAMANCA	19950103	51	-56	-106	51	-56	-106	431.3	42.150	-78.720
USC00307400	SALAMANCA	19950104	51	-39	-128	51	-39	-128	431.3	42.150	-78.720
USC00307400	SALAMANCA	19950105	51	-89	-167	51	-89	-167	431.3	42.150	-78.720
USC00307400	SALAMANCA	19950106	51	-72	-167	51	-72	-167	431.3	42.150	-78.720
USC00307400	SALAMANCA	19950107	76	17	-133	76	17	-133	431.3	42.150	-78.720
USC00307400	SALAMANCA	19950108	76	-17	-89	76	-17	-89	431.3	42.150	-78.720
USC00307400	SALAMANCA	19950109	76	-33	-111	76	-33	-111	431.3	42.150	-78.720
USC00307400	SALAMANCA	19950110	76	-50	-150	76	-50	-150	431.3	42.150	-78.720
USC00307400	SALAMANCA	19950111	76	-44	-133	76	-44	-133	431.3	42.150	-78.720
USC00307400	SALAMANCA	19950112	51	17	-56	51	17	-56	431.3	42.150	-78.720
USC00307400	SALAMANCA	19950113	0	128	17	0	128	17	431.3	42.150	-78.720
USC00307400	SALAMANCA	19950114	0	167	28	0	167	28	431.3	42.150	-78.720
USC00307400	SALAMANCA	19950115	0	178	61	0	178	61	431.3	42.150	-78.720
USC00307400	SALAMANCA	19950116	0	178	17	0	178	17	431.3	42.150	-78.720
USC00307400	SALAMANCA	19950117	0	33	-11	0	33	-11	431.3	42.150	-78.720
USC00307400	SALAMANCA	19950118	0	0	-28	0	0	-28	431.3	42.150	-78.720
USC00307400	SALAMANCA	19950119	0	139	11	0	139	11	431.3	42.150	-78.720
USC00307400	SALAMANCA	19950120	0	100	6	0	100	6	431.3	42.150	-78.720
USC00307400	SALAMANCA	19950121	0	72	-11	0	72	-11	431.3	42.150	-78.720
USC00307400	SALAMANCA	19950122	76	11	-67	76	11	-67	431.3	42.150	-78.720
USC00307400	SALAMANCA	19950123	102	-39	-78	102	-39	-78	431.3	42.150	-78.720
USC00307400	SALAMANCA	19950124	76	-11	-78	76	-11	-78	431.3	42.150	-78.720
USC00307400	SALAMANCA	19950125	127	-11	-50	127	-11	-50	431.3	42.150	-78.720
USC00307400	SALAMANCA	19950126	203	-28	-67	203	-28	-67	431.3	42.150	-78.720
USC00307400	SALAMANCA	19950127	152	-22	-83	152	-22	-83	431.3	42.150	-78.720
USC00307400	SALAMANCA	19950128	127	-6	-144	127	-6	-144	431.3	42.150	-78.720
USC00307400	SALAMANCA	19950129	102	-28	-200	102	-28	-200	431.3	42.150	-78.720
USC00307400	SALAMANCA	19950130	102	17	-194	102	17	-194	431.3	42.150	-78.720
USC00307400	SALAMANCA	19950131	102	33	-178	102	33	-178	431.3	42.150	-78.720
USC00307400	SALAMANCA	19960101	229	39	-94	229	39	-94	431.3	42.150	-78.720
USC00307400	SALAMANCA	19960102	229	11	-89	229	11	-89	431.3	42.150	-78.720
USC00307400	SALAMANCA	19960103	483	-56	-128	483	-56	-128	431.3	42.150	-78.720
USC00307400	SALAMANCA	19960104	483	-78	-267	483	-78	-267	431.3	42.150	-78.720
USC00307400	SALAMANCA	19960105	457	-72	-233	457	-72	-233	431.3	42.150	-78.720
USC00307400	SALAMANCA	19960106	457	-72	-322	457	-72	-322	431.3	42.150	-78.720
USC00307400	SALAMANCA	19960107	432	-72	-322	432	-72	-322	431.3	42.150	-78.720
USC00307400	SALAMANCA	19960108	432	-111	-189	432	-111	-189	431.3	42.150	-78.720
USC00307400	SALAMANCA	19960109	406	-44	-189	406	-44	-189	431.3	42.150	-78.720
USC00307400	SALAMANCA	19960110	432	-56	-128	432	-56	-128	431.3	42.150	-78.720
USC00307400	SALAMANCA	19960111	432	-72	-267	432	-72	-267	431.3	42.150	-78.720
USC00307400	SALAMANCA	19960112	406	-72	-250	406	-72	-250	431.3	42.150	-78.720
USC00307400	SALAMANCA	19960113	406	-33	-111	406	-33	-111	431.3	42.150	-78.720
USC00307400	SALAMANCA	19960114	381	-17	-89	381	-17	-89	431.3	42.150	-78.720
USC00307400	SALAMANCA	19960115	356	50	-117	356	50	-117	431.3	42.150	-78.720
USC00307400	SALAMANCA	19960116	356	-56	-189	356	-56	-189	431.3	42.150	-78.720
USC00307400	SALAMANCA	19960117	229	67	-139	229	67	-139	431.3	42.150	-78.720
USC00307400	SALAMANCA	19960118	203	94	-28	203	94	-28	431.3	42.150	-78.720
USC00307400	SALAMANCA	19960119	0	139	33	0	139	33	431.3	42.150	-78.720
USC00307400	SALAMANCA	19960120	51	83	-139	51	83	-139	431.3	42.150	-78.720
USC00307400	SALAMANCA	19960121	51	0	-178	51	0	-178	431.3	42.150	-78.720
USC00307400	SALAMANCA	19960122	25	17	-150	25	17	-150	431.3	42.150	-78.720
USC00307400	SALAMANCA	19960123	25	67	-133	25	67	-133	431.3	42.150	-78.720
USC00307400	SALAMANCA	19960124	0	61	-44	0	61	-44	431.3	42.150	-78.720
USC00307400	SALAMANCA	19960125	0	56	-122	0	56	-122	431.3	42.150	-78.720
USC00307400	SALAMANCA	19960126	0	-39	-117	0	-39	-117	431.3	42.150	-78.720
USC00307400	SALAMANCA	19960127	0	78	-89	0	78	-89	431.3	42.150	-78.720
USC00307400	SALAMANCA	19960128	51	83	-117	51	83	-117	431.3	42.150	-78.720
USC00307400	SALAMANCA	19960129	51	-28	-156	51	-28	-156	431.3	42.150	-78.720
USC00307400	SALAMANCA	19960130	25	17	-94	25	17	-94	431.3	42.150	-78.720
USC00307400	SALAMANCA	19960131	25	-39	-161	25	-39	-161	431.3	42.150	-78.720
USC00307400	SALAMANCA	19970101	0	-6	-144	0	-6	-144	431.3	42.150	-78.720
USC00307400	SALAMANCA	19970102	0	11	-128	0	11	-128	431.3	42.150	-78.720
USC00307400	SALAMANCA	19970103	0	117	11	0	117	11	431.3	42.150	-78.720
USC00307400	SALAMANCA	19970104	0	111	6	0	111	6	431.3	42.150	-78.720
USC00307400	SALAMANCA	19970105	0	161	6	0	161	6	431.3	42.150	-78.720
USC00307400	SALAMANCA	19970106	0	128	-50	0	128	-50	431.3	42.150	-78.720
USC00307400	SALAMANCA	19970107	102	-28	-94	102	-28	-94	431.3	42.150	-78.720
USC00307400	SALAMANCA	19970108	102	-56	-156	102	-56	-156	431.3	42.150	-78.720
USC00307400	SALAMANCA	19970109	51	-28	-161	51	-28	-161	431.3	42.150	-78.720
USC00307400	SALAMANCA	19970110	76	0	-100	76	0	-100	431.3	42.150	-78.720
USC00307400	SALAMANCA	19970111	51	-17	-167	51	-17	-167	431.3	42.150	-78.720
USC00307400	SALAMANCA	19970112	51	-111	-167	51	-111	-167	431.3	42.150	-78.720
USC00307400	SALAMANCA	19970113	51	-94	-167	51	-94	-167	431.3	42.150	-78.720
USC00307400	SALAMANCA	19970114	76	-78	-161	76	-78	-161	431.3	42.150	-78.720
USC00307400	SALAMANCA	19970115	76	-56	-217	76	-56	-217	431.3	42.150	-78.720
USC00307400	SALAMANCA	19970116	76	44	-194	76	44	-194	431.3	42.150	-78.720
USC00307400	SALAMANCA	19970117	127	-22	-200	127	-22	-200	431.3	42.150	-78.720
USC00307400	SALAMANCA	19970118	127	-144	-211	127	-144	-211	431.3	42.150	-78.720
USC00307400	SALAMANCA	19970119	127	-150	-300	127	-150	-300	431.3	42.150	-78.720
USC00307400	SALAMANCA	19970120	127	-56	-300	127	-56	-300	431.3	42.150	-78.720
USC00307400	SALAMANCA	19970121	178	-17	-122	178	-17	-122	431.3	42.150	-78.720
USC00307400	SALAMANCA	19970122	127	44	-122	127	44	-122	431.3	42.150	-78.720
USC00307400	SALAMANCA	19970123	25	72	-22	25	72	-22	431.3	42.150	-78.720
USC00307400	SALAMANCA	19970124	25	0	-128	25	0	-128	431.3	42.150	-78.720
USC00307400	SALAMANCA	19970125	51	61	-128	51	61	-128	431.3	42.150	-78.720
USC00307400	SALAMANCA	19970126	102	39	-122	102	39	-122	431.3	42.150	-78.720
USC00307400	SALAMANCA	19970127	102	-28	-167	102	-28	-167	431.3	42.150	-78.720
USC00307400	SALAMANCA	19970128	152	11	-111	152	11	-111	431.3	42.150	-78.720
USC00307400	SALAMANCA	19970129	127	-50	-189	127	-50	-189	431.3	42.150	-78.720
USC00307400	SALAMANCA	19970130	127	-56	-189	127	-56	-189	431.3	42.150	-78.720
USC00307400	SALAMANCA	19970131	127	11	-144	127	11	-144	431.3	42.150	-78.720
USC00307400	SALAMANCA	19980101	178	-78	-122	178	-78	-122	431.3	42.150	-78.720
USC00307400	SALAMANCA	19980102	152	39	-100	152	39	-100	431.3	42.150	-78.720
USC00307400	SALAMANCA	19980103	51	83	67	51	83	67	431.3	42.150	-78.720
USC00307400	SALAMANCA	19980104	0	100	50	0	100	50	431.3	42.150	-78.720
USC00307400	SALAMANCA	19980105	0	67	28	0	67	28	431.3	42.150	-78.720
USC00307400	SALAMANCA	19980106	0	150	33	0	150	33	431.3	42.150	-78.720
USC00307400	SALAMANCA	19980107	0	133	94	0	133	94	431.3	42.150	-78.720
USC00307400	SALAMANCA	19980108	0	139	28	0	139	28	431.3	42.150	-78.720
USC00307400	SALAMANCA	19980109	0	78	28	0	78	28	431.3	42.150	-78.720
USC00307400	SALAMANCA	19980110	0	78	17	0	78	17	431.3	42.150	-78.720
USC00307400	SALAMANCA	19980111	0	44	-44	0	44	-44	431.3	42.150	-78.720
USC00307400	SALAMANCA	19980112	0	0	-78	0	0	-78	431.3	42.150	-78.720
USC00307400	SALAMANCA	19980113	0	61	-78	0	61	-78	431.3	42.150	-78.720
USC00307400	SALAMANCA	19980114	25	6	-117	25	6	-117	431.3	42.150	-78.720
USC00307400	SALAMANCA	19980115	25	-22	-133	25	-22	-133	431.3	42.150	-78.720
USC00307400	SALAMANCA	19980116	25	6	-28	25	6	-28	431.3	42.150	-78.720
USC00307400	SALAMANCA	19980117	25	-22	-39	25	-22	-39	431.3	42.150	-78.720
USC00307400	SALAMANCA	19980118	51	-11	-39	51	-11	-39	431.3	42.150	-78.720
USC00307400	SALAMANCA	19980119	76	6	-106	76	6	-106	431.3	42.150	-78.720
USC00307400	SALAMANCA	19980120	102	-6	-94	102	-6	-94	431.3	42.150	-78.720
USC00307400	SALAMANCA	19980121	102	11	-106	102	11	-106	431.3	42.150	-78.720
USC00307400	SALAMANCA	19980122	76	-17	-106	76	-17	-106	431.3	42.150	-78.720
USC00307400	SALAMANCA	19980123	76	6	-44	76	6	-44	431.3	42.150	-78.720
USC00307400	SALAMANCA	19980124	51	39	-17	51	39	-17	431.3	42.150	-78.720
USC00307400	SALAMANCA	19980125	51	0	-39	51	0	-39	431.3	42.150	-78.720
USC00307400	SALAMANCA	19980126	51	-17	-39	51	-17	-39	431.3	42.150	-78.720
USC00307400	SALAMANCA	19980127	51	17	-61	51	17	-61	431.3	42.150	-78.720
USC00307400	SALAMANCA	19980128	51	50	-33	51	50	-33	431.3	42.150	-78.720
USC00307400	SALAMANCA	19980129	51	78	-39	51	78	-39	431.3	42.150	-78.720
USC00307400	SALAMANCA	19980130	25	94	-39	25	94	-39	431.3	42.150	-78.720
USC00307400	SALAMANCA	19980131	25	6	-33	25	6	-33	431.3	42.150	-78.720
USC00307400	SALAMANCA	19990101	152	-67	-122	152	-67	-122	431.3	42.150	-78.720
USC00307400	SALAMANCA	19990102	152	-117	-239	152	-117	-239	431.3	42.150	-78.720
USC00307400	SALAMANCA	19990103	102	6	-194	102	6	-194	431.3	42.150	-78.720
USC00307400	SALAMANCA	19990104	76	39	-117	76	39	-117	431.3	42.150	-78.720
USC00307400	SALAMANCA	19990105	76	-89	-150	76	-89	-150	431.3	42.150	-78.720
USC00307400	SALAMANCA	19990106	76	-78	-194	76	-78	-194	431.3	42.150	-78.720
USC00307400	SALAMANCA	19990107	127	-33	-122	127	-33	-122	431.3	42.150	-78.720
USC00307400	SALAMANCA	19990108	102	-72	-183	102	-72	-183	431.3	42.150	-78.720
USC00307400	SALAMANCA	19990109	178	-11	-144	178	-11	-144	431.3	42.150	-78.720
USC00307400	SALAMANCA	19990110	229	-44	-122	229	-44	-122	431.3	42.150	-78.720
USC00307400	SALAMANCA	19990111	254	-72	-156	254	-72	-156	431.3	42.150	-78.720
USC00307400	SALAMANCA	19990112	305	11	-139	305	11	-139	431.3	42.150	-78.720
USC00307400	SALAMANCA	19990113	381	11	-67	381	11	-67	431.3	42.150	-78.720
USC00307400	SALAMANCA	19990114	406	-67	-172	406	-67	-172	431.3	42.150	-78.720
USC00307400	SALAMANCA	19990115	508	-39	-172	508	-39	-172	431.3	42.150	-78.720
USC00307400	SALAMANCA	19990116	508	-28	-111	508	-28	-111	431.3	42.150	-78.720
USC00307400	SALAMANCA	19990117	432	28	-94	432	28	-94	431.3	42.150	-78.720
USC00307400	SALAMANCA	19990118	279	67	-94	279	67	-94	431.3	42.150	-78.720
USC00307400	SALAMANCA	19990119	330	78	-11	330	78	-11	431.3	42.150	-78.720
USC00307400	SALAMANCA	19990120	279	44	-78	279	44	-78	431.3	42.150	-78.720
USC00307400	SALAMANCA	19990121	229	72	-78	229	72	-78	431.3	42.150	-78.720
USC00307400	SALAMANCA	19990122	229	44	-72	229	44	-72	431.3	42.150	-78.720
USC00307400	SALAMANCA	19990123	229	89	44	229	89	44	431.3	42.150	-78.720
USC00307400	SALAMANCA	19990124	127	156	17	127	156	17	431.3	42.150	-78.720
USC00307400	SALAMANCA	19990125	76	28	-22	76	28	-22	431.3	42.150	-78.720
USC00307400	SALAMANCA	19990126	152	17	-22	152	17	-22	431.3	42.150	-78.720
USC00307400	SALAMANCA	19990127	152	6	-133	152	6	-133	431.3	42.150	-78.720
USC00307400	SALAMANCA	19990128	127	83	-78	127	83	-78	431.3	42.150	-78.720
USC00307400	SALAMANCA	19990129	102	28	-61	102	28	-61	431.3	42.150	-78.720
USC00307400	SALAMANCA	19990130	102	-17	-61	102	-17	-61	431.3	42.150	-78.720
USC00307400	SALAMANCA	19990131	102	0	-139	102	0	-139	431.3	42.150	-78.720
USC00307400	SALAMANCA	20000101	76	28	-94	76	28	-94	431.3	42.150	-78.720
USC00307400	SALAMANCA	20000102	51	78	-94	51	78	-94	431.3	42.150	-78.720
USC00307400	SALAMANCA	20000103	0	156	44	0	156	44	431.3	42.150	-78.720
USC00307400	SALAMANCA	20000104	0	150	56	0	150	56	431.3	42.150	-78.720
USC00307400	SALAMANCA	20000105	0	133	-67	0	133	-67	431.3	42.150	-78.720
USC00307400	SALAMANCA	20000106	0	-28	-89	0	-28	-89	431.3	42.150	-78.720
USC00307400	SALAMANCA	20000107	0	33	-39	0	33	-39	431.3	42.150	-78.720
USC00307400	SALAMANCA	20000108	0	11	-89	0	11	-89	431.3	42.150	-78.720
USC00307400	SALAMANCA	20000109	0	11	-83	0	11	-83	431.3	42.150	-78.720
USC00307400	SALAMANCA	20000110	0	56	-33	0	56	-33	431.3	42.150	-78.720
USC00307400	SALAMANCA	20000111	0	72	6	0	72	6	431.3	42.150	-78.720
USC00307400	SALAMANCA	20000112	51	33	-39	51	33	-39	431.3	42.150	-78.720
USC00307400	SALAMANCA	20000113	102	17	-44	102	17	-44	431.3	42.150	-78.720
USC00307400	SALAMANCA	20000114	127	-39	-200	127	-39	-200	431.3	42.150	-78.720
USC00307400	SALAMANCA	20000115	102	-72	-183	102	-72	-183	431.3	42.150	-78.720
USC00307400	SALAMANCA	20000116	102	39	-133	102	39	-133	431.3	42.150	-78.720
USC00307400	SALAMANCA	20000117	102	28	-211	102	28	-211	431.3	42.150	-78.720
USC00307400	SALAMANCA	20000118	102	-122	-239	102	-122	-239	431.3	42.150	-78.720
USC00307400	SALAMANCA	20000119	102	-67	-200	102	-67	-200	431.3	42.150	-78.720
USC00307400	SALAMANCA	20000120	152	-17	-94	152	-17	-94	431.3	42.150	-78.720
USC00307400	SALAMANCA	20000121	203	-28	-217	203	-28	-217	431.3	42.150	-78.720
USC00307400	SALAMANCA	20000122	203	-106	-256	203	-106	-256	431.3	42.150	-78.720
USC00307400	SALAMANCA	20000123	203	-100	-233	203	-100	-233	431.3	42.150	-78.720
USC00307400	SALAMANCA	20000124	203	0	-122	203	0	-122	431.3	42.150	-78.720
USC00307400	SALAMANCA	20000125	203	-28	-211	203	-28	-211	431.3	42.150	-78.720
USC00307400	SALAMANCA	20000126	229	-56	-167	229	-56	-167	431.3	42.150	-78.720
USC00307400	SALAMANCA	20000127	229	-61	-183	229	-61	-183	431.3	42.150	-78.720
USC00307400	SALAMANCA	20000128	229	-117	-206	229	-117	-206	431.3	42.150	-78.720
USC00307400	SALAMANCA	20000129	229	-61	-261	229	-61	-261	431.3	42.150	-78.720
USC00307400	SALAMANCA	20000130	229	22	-261	229	22	-261	431.3	42.150	-78.720
USC00307400	SALAMANCA	20000131	203	17	-83	203	17	-83	431.3	42.150	-78.720
USC00307400	SALAMANCA	20010101	178	-61	-139	178	-61	-139	431.3	42.150	-78.720
USC00307400	SALAMANCA	20010102	178	-22	-167	178	-22	-167	431.3	42.150	-78.720
USC00307400	SALAMANCA	20010103	178	-39	-167	178	-39	-167	431.3	42.150	-78.720
USC00307400	SALAMANCA	20010104	203	-22	-111	203	-22	-111	431.3	42.150	-78.720
USC00307400	SALAMANCA	20010105	203	-28	-94	203	-28	-94	431.3	42.150	-78.720
USC00307400	SALAMANCA	20010106	254	0	-72	254	0	-72	431.3	42.150	-78.720
USC00307400	SALAMANCA	20010107	254	-22	-83	254	-22	-83	431.3	42.150	-78.720
USC00307400	SALAMANCA	20010108	203	17	-67	203	17	-67	431.3	42.150	-78.720
USC00307400	SALAMANCA	20010109	178	0	-161	178	0	-161	431.3	42.150	-78.720
USC00307400	SALAMANCA	20010110	178	-44	-150	178	-44	-150	431.3	42.150	-78.720
USC00307400	SALAMANCA	20010111	152	17	-83	152	17	-83	431.3	42.150	-78.720
USC00307400	SALAMANCA	20010112	127	17	-150	127	17	-150	431.3	42.150	-78.720
USC00307400	SALAMANCA	20010113	127	17	-144	127	17	-144	431.3	42.150	-78.720
USC00307400	SALAMANCA	20010114	127	50	-150	127	50	-150	431.3	42.150	-78.720
USC00307400	SALAMANCA	20010115	102	22	-106	102	22	-106	431.3	42.150	-78.720
USC00307400	SALAMANCA	20010116	102	50	-22	102	50	-22	431.3	42.150	-78.720
USC00307400	SALAMANCA	20010117	102	11	-39	102	11	-39	431.3	42.150	-78.720
USC00307400	SALAMANCA	20010118	127	0	-56	127	0	-56	431.3	42.150	-78.720
USC00307400	SALAMANCA	20010119	102	50	-78	102	50	-78	431.3	42.150	-78.720
USC00307400	SALAMANCA	20010120	102	6	-100	102	6	-100	431.3	42.150	-78.720
USC00307400	SALAMANCA	20010121	102	-50	-161	102	-50	-161	431.3	42.150	-78.720
USC00307400	SALAMANCA	20010122	102	-22	-144	102	-22	-144	431.3	42.150	-78.720
USC00307400	SALAMANCA	20010123	76	-22	-172	76	-22	-172	431.3	42.150	-78.720
USC00307400	SALAMANCA	20010124	76	50	-161	76	50	-161	431.3	42.150	-78.720
USC00307400	SALAMANCA	20010125	102	11	-100	102	11	-100	431.3	42.150	-78.720
USC00307400	SALAMANCA	20010126	102	-44	-128	102	-44	-128	431.3	42.150	-78.720
USC00307400	SALAMANCA	20010127	102	28	-111	102	28	-111	431.3	42.150	-78.720
USC00307400	SALAMANCA	20010128	178	-22	-111	178	-22	-111	431.3	42.150	-78.720
USC00307400	SALAMANCA	20010129	178	-61	-189	178	-61	-189	431.3	42.150	-78.720
USC00307400	SALAMANCA	20010130	152	22	-178	152	22	-178	431.3	42.150	-78.720
USC00307400	SALAMANCA	20010131	127	78	-22	127	78	-22	431.3	42.150	-78.720
USC00307400	SALAMANCA	20020101	178	-50	-128	178	-50	-128	431.3	42.150	-78.720
USC00307400	SALAMANCA	20020102	203	-22	-167	203	-22	-167	431.3	42.150	-78.720
USC00307400	SALAMANCA	20020103	152	-17	-167	152	-17	-167	431.3	42.150	-78.720
USC00307400	SALAMANCA	20020104	102	-17	-94	102	-17	-94	431.3	42.150	-78.720
USC00307400	SALAMANCA	20020105	102	11	-83	102	11	-83	431.3	42.150	-78.720
USC00307400	SALAMANCA	20020106	102	44	-72	102	44	-72	431.3	42.150	-78.720
USC00307400	SALAMANCA	20020107	178	6	-56	178	6	-56	431.3	42.150	-78.720
USC00307400	SALAMANCA	20020108	152	-11	-106	152	-11	-106	431.3	42.150	-78.720
USC00307400	SALAMANCA	20020109	152	-6	-94	152	-6	-94	431.3	42.150	-78.720
USC00307400	SALAMANCA	20020110	76	61	-44	76	61	-44	431.3	42.150	-78.720
USC00307400	SALAMANCA	20020111	51	56	-50	51	56	-50	431.3	42.150	-78.720
USC00307400	SALAMANCA	20020112	51	17	-39	51	17	-39	431.3	42.150	-78.720
USC00307400	SALAMANCA	20020113	51	6	-50	51	6	-50	431.3	42.150	-78.720
USC00307400	SALAMANCA	20020114	76	0	-128	76	0	-128	431.3	42.150	-78.720
USC00307400	SALAMANCA	20020115	51	44	-94	51	44	-94	431.3	42.150	-78.720
USC00307400	SALAMANCA	20020116	76	17	-67	76	17	-67	431.3	42.150	-78.720
USC00307400	SALAMANCA	20020117	102	17	-89	102	17	-89	431.3	42.150	-78.720
USC00307400	SALAMANCA	20020118	127	0	-94	127	0	-94	431.3	42.150	-78.720
USC00307400	SALAMANCA	20020119	178	-28	-189	178	-28	-189	431.3	42.150	-78.720
USC00307400	SALAMANCA	20020120	178	-6	-150	178	-6	-150	431.3	42.150	-78.720
USC00307400	SALAMANCA	20020121	178	6	-106	178	6	-106	431.3	42.150	-78.720
USC00307400	SALAMANCA	20020122	178	22	-67	178	22	-67	431.3	42.150	-78.720
USC00307400	SALAMANCA	20020123	76	100	-67	76	100	-67	431.3	42.150	-78.720
USC00307400	SALAMANCA	20020124	25	83	0	25	83	0	431.3	42.150	-78.720
USC00307400	SALAMANCA	20020125	0	94	-67	0	94	-67	431.3	42.150	-78.720
USC00307400	SALAMANCA	20020126	0	33	-67	0	33	-67	431.3	42.150	-78.720
USC00307400	SALAMANCA	20020127	0	106	-72	0	106	-72	431.3	42.150	-78.720
USC00307400	SALAMANCA	20020128	0	167	-39	0	167	-39	431.3	42.150	-78.720
USC00307400	SALAMANCA	20020129	0	117	-39	0	117	-39	431.3	42.150	-78.720
USC00307400	SALAMANCA	20020130	0	133	17	0	133	17	431.3	42.150	-78.720
USC00307400	SALAMANCA	20020131	25	50	-50	25	50	-50	431.3	42.150	-78.720
USC00307400	SALAMANCA	20030101	25	67	-56	25	67	-56	431.3	42.150	-78.720
USC00307400	SALAMANCA	20030102	25	0	-122	25	0	-122	431.3	42.150	-78.720
USC00307400	SALAMANCA	20030103	51	0	-122	51	0	-122	431.3	42.150	-78.720
USC00307400	SALAMANCA	20030104	102	0	-78	102	0	-78	431.3	42.150	-78.720
USC00307400	SALAMANCA	20030105	102	-11	-100	102	-11	-100	431.3	42.150	-78.720
USC00307400	SALAMANCA	20030106	102	-11	-100	102	-11	-100	431.3	42.150	-78.720
USC00307400	SALAMANCA	20030107	152	-22	-167	152	-22	-167	431.3	42.150	-78.720
USC00307400	SALAMANCA	20030108	152	11	-139	152	11	-139	431.3	42.150	-78.720
USC00307400	SALAMANCA	20030109	76	50	-39	76	50	-39	431.3	42.150	-78.720
USC00307400	SALAMANCA	20030110	51	44	-128	51	44	-128	431.3	42.150	-78.720
USC00307400	SALAMANCA	20030111	178	-17	-144	178	-17	-144	431.3	42.150	-78.720
USC00307400	SALAMANCA	20030112	203	-28	-144	203	-28	-144	431.3	42.150	-78.720
USC00307400	SALAMANCA	20030113	203	-44	-144	203	-44	-144	431.3	42.150	-78.720
USC00307400	SALAMANCA	20030114	178	-56	-150	178	-56	-150	431.3	42.150	-78.720
USC00307400	SALAMANCA	20030115	203	-39	-156	203	-39	-156	431.3	42.150	-78.720
USC00307400	SALAMANCA	20030116	203	-67	-150	203	-67	-150	431.3	42.150	-78.720
USC00307400	SALAMANCA	20030117	203	-50	-178	203	-50	-178	431.3	42.150	-78.720
USC00307400	SALAMANCA	20030118	178	-94	-300	178	-94	-300	431.3	42.150	-78.720
USC00307400	SALAMANCA	20030119	178	-39	-283	178	-39	-283	431.3	42.150	-78.720
USC00307400	SALAMANCA	20030120	229	-67	-167	229	-67	-167	431.3	42.150	-78.720
USC00307400	SALAMANCA	20030121	254	-78	-233	254	-78	-233	431.3	42.150	-78.720
USC00307400	SALAMANCA	20030122	254	-72	-206	254	-72	-206	431.3	42.150	-78.720
USC00307400	SALAMANCA	20030123	254	-94	-261	254	-94	-261	431.3	42.150	-78.720
USC00307400	SALAMANCA	20030124	254	-94	-244	254	-94	-244	431.3	42.150	-78.720
USC00307400	SALAMANCA	20030125	279	-72	-244	279	-72	-244	431.3	42.150	-78.720
USC00307400	SALAMANCA	20030126	305	-39	-178	305	-39	-178	431.3	42.150	-78.720
USC00307400	SALAMANCA	20030127	330	-56	-294	330	-56	-294	431.3	42.150	-78.720
USC00307400	SALAMANCA	20030128	305	-94	-272	305	-94	-272	431.3	42.150	-78.720
USC00307400	SALAMANCA	20030129	330	-39	-167	330	-39	-167	431.3	42.150	-78.720
USC00307400	SALAMANCA	20030130	305	-22	-267	305	-22	-267	431.3	42.150	-78.720
USC00307400	SALAMANCA	20030131	305	-17	-267	305	-17	-267	431.3	42.150	-78.720
USC00307400	SALAMANCA	20040101	0	89	-17	0	89	-17	431.3	42.150	-78.720
USC00307400	SALAMANCA	20040102	0	56	-33	0	56	-33	431.3	42.150	-78.720
USC00307400	SALAMANCA	20040103	0	139	11	0	139	11	431.3	42.150	-78.720
USC00307400	SALAMANCA	20040104	0	150	6	0	150	6	431.3	42.150	-78.720
USC00307400	SALAMANCA	20040105	51	28	-28	51	28	-28	431.3	42.150	-78.720
USC00307400	SALAMANCA	20040106	51	-11	-83	51	-11	-83	431.3	42.150	-78.720
USC00307400	SALAMANCA	20040107	152	-44	-133	152	-44	-133	431.3	42.150	-78.720
USC00307400	SALAMANCA	20040108	330	-72	-144	330	-72	-144	431.3	42.150	-78.720
USC00307400	SALAMANCA	20040109	330	-61	-244	330	-61	-244	431.3	42.150	-78.720
USC00307400	SALAMANCA	20040110	305	-83	-250	305	-83	-250	431.3	42.150	-78.720
USC00307400	SALAMANCA	20040111	279	0	-233	279	0	-233	431.3	42.150	-78.720
USC00307400	SALAMANCA	20040112	254	-22	-167	254	-22	-167	431.3	42.150	-78.720
USC00307400	SALAMANCA	20040113	229	-11	-39	229	-11	-39	431.3	42.150	-78.720
USC00307400	SALAMANCA	20040114	203	-17	-206	203	-17	-206	431.3	42.150	-78.720
USC00307400	SALAMANCA	20040115	279	-133	-211	279	-133	-211	431.3	42.150	-78.720
USC00307400	SALAMANCA	20040116	254	-144	-211	254	-144	-211	431.3	42.150	-78.720
USC00307400	SALAMANCA	20040117	229	-122	-211	229	-122	-211	431.3	42.150	-78.720
USC00307400	SALAMANCA	20040118	203	-67	-178	203	-67	-178	431.3	42.150	-78.720
USC00307400	SALAMANCA	20040119	279	-11	-161	279	-11	-161	431.3	42.150	-78.720
USC00307400	SALAMANCA	20040120	279	-22	-117	279	-22	-117	431.3	42.150	-78.720
USC00307400	SALAMANCA	20040121	254	-94	-139	254	-94	-139	431.3	42.150	-78.720
USC00307400	SALAMANCA	20040122	254	-33	-139	254	-33	-139	431.3	42.150	-78.720
USC00307400	SALAMANCA	20040123	254	-22	-178	254	-22	-178	431.3	42.150	-78.720
USC00307400	SALAMANCA	20040124	229	-128	-178	229	-128	-178	431.3	42.150	-78.720
USC00307400	SALAMANCA	20040125	229	-94	-200	229	-94	-200	431.3	42.150	-78.720
USC00307400	SALAMANCA	20040126	229	-100	-211	229	-100	-211	431.3	42.150	-78.720
USC00307400	SALAMANCA	20040127	229	-72	-211	229	-72	-211	431.3	42.150	-78.720
USC00307400	SALAMANCA	20040128	254	-17	-94	254	-17	-94	431.3	42.150	-78.720
USC00307400	SALAMANCA	20040129	305	-78	-128	305	-78	-128	431.3	42.150	-78.720
USC00307400	SALAMANCA	20040130	305	-100	-139	305	-100	-139	431.3	42.150	-78.720
USC00307400	SALAMANCA	20040131	279	-106	-150	279	-106	-150	431.3	42.150	-78.720
USC00307400	SALAMANCA	20050101	0	117	-17	0	117	-17	431.3	42.150	-78.720
USC00307400	SALAMANCA	20050102	0	78	-67	0	78	-67	431.3	42.150	-78.720
USC00307400	SALAMANCA	20050103	0	94	-56	0	94	-56	431.3	42.150	-78.720
USC00307400	SALAMANCA	20050104	0	78	-6	0	78	-6	431.3	42.150	-78.720
USC00307400	SALAMANCA	20050105	25	33	-39	25	33	-39	431.3	42.150	-78.720
USC00307400	SALAMANCA	20050106	127	0	-78	127	0	-78	431.3	42.150	-78.720
USC00307400	SALAMANCA	20050107	102	44	-67	102	44	-67	431.3	42.150	-78.720
USC00307400	SALAMANCA	20050108	102	17	-67	102	17	-67	431.3	42.150	-78.720
USC00307400	SALAMANCA	20050109	127	6	-50	127	6	-50	431.3	42.150	-78.720
USC00307400	SALAMANCA	20050110	127	28	-61	127	28	-61	431.3	42.150	-78.720
USC00307400	SALAMANCA	20050111	127	17	-44	127	17	-44	431.3	42.150	-78.720
USC00307400	SALAMANCA	20050112	152	17	-39	152	17	-39	431.3	42.150	-78.720
USC00307400	SALAMANCA	20050113	51	67	-11	51	67	-11	431.3	42.150	-78.720
USC00307400	SALAMANCA	20050114	25	167	-33	25	167	-33	431.3	42.150	-78.720
USC00307400	SALAMANCA	20050115	25	0	-133	25	0	-133	431.3	42.150	-78.720
USC00307400	SALAMANCA	20050116	25	-39	-156	25	-39	-156	431.3	42.150	-78.720
USC00307400	SALAMANCA	20050117	76	-50	-150	76	-50	-150	431.3	42.150	-78.720
USC00307400	SALAMANCA	20050118	127	-72	-217	127	-72	-217	431.3	42.150	-78.720
USC00307400	SALAMANCA	20050119	102	-78	-217	102	-78	-217	431.3	42.150	-78.720
USC00307400	SALAMANCA	20050120	279	-39	-122	279	-39	-122	431.3	42.150	-78.720
USC00307400	SALAMANCA	20050121	279	-67	-256	279	-67	-256	431.3	42.150	-78.720
USC00307400	SALAMANCA	20050122	254	-83	-239	254	-83	-239	431.3	42.150	-78.720
USC00307400	SALAMANCA	20050123	356	-122	-233	356	-122	-233	431.3	42.150	-78.720
USC00307400	SALAMANCA	20050124	279	-117	-289	279	-117	-289	431.3	42.150	-78.720
USC00307400	SALAMANCA	20050125	330	-44	-239	330	-44	-239	431.3	42.150	-78.720
USC00307400	SALAMANCA	20050126	330	0	-78	330	0	-78	431.3	42.150	-78.720
USC00307400	SALAMANCA	20050127	305	-11	-178	305	-11	-178	431.3	42.150	-78.720
USC00307400	SALAMANCA	20050128	279	-72	-289	279	-72	-289	431.3	42.150	-78.720
USC00307400	SALAMANCA	20050129	229	-17	-289	229	-17	-289	431.3	42.150	-78.720
USC00307400	SALAMANCA	20050130	229	6	-200	229	6	-200	431.3	42.150	-78.720
USC00307400	SALAMANCA	20050131	203	39	-189	203	39	-189	431.3	42.150	-78.720
