STATION	NAME	DATE	SNWD	TMAX	TMIN	SNWD2	TMAX2	TMIN2	ELEV	LAT	LONG
USC00367782	SALINA	19950101	9999	78	-50	NA	78	-50	338.0	40.5101	-79.5459
USC00367782	SALINA	19950102	9999	78	-83	NA	78	-83	338.0	40.5101	-79.5459
USC00367782	SALINA	19950103	9999	-56	-139	NA	-56	-139	338.0	40.5101	-79.5459
USC00367782	SALINA	19950104	9999	-22	-139	NA	-22	-139	338.0	40.5101	-79.5459
USC00367782	SALINA	19950105	9999	-72	-183	NA	-72	-183	338.0	40.5101	-79.5459
USC00367782	SALINA	19950106	9999	-89	-167	NA	-89	-167	338.0	40.5101	-79.5459
USC00367782	SALINA	19950107	9999	56	-11	NA	56	-11	338.0	40.5101	-79.5459
USC00367782	SALINA	19950108	9999	17	-72	NA	17	-72	338.0	40.5101	-79.5459
USC00367782	SALINA	19950109	9999	6	-50	NA	6	-50	338.0	40.5101	-79.5459
USC00367782	SALINA	19950110	9999	0	-106	NA	0	-106	338.0	40.5101	-79.5459
USC00367782	SALINA	19950111	9999	0	-78	NA	0	-78	338.0	40.5101	-79.5459
USC00367782	SALINA	19950112	9999	78	44	NA	78	44	338.0	40.5101	-79.5459
USC00367782	SALINA	19950113	9999	150	72	NA	150	72	338.0	40.5101	-79.5459
USC00367782	SALINA	19950114	9999	183	89	NA	183	89	338.0	40.5101	-79.5459
USC00367782	SALINA	19950115	9999	183	89	NA	183	89	338.0	40.5101	-79.5459
USC00367782	SALINA	19950116	9999	172	-11	NA	172	-11	338.0	40.5101	-79.5459
USC00367782	SALINA	19950117	9999	33	-22	NA	33	-22	338.0	40.5101	-79.5459
USC00367782	SALINA	19950118	9999	28	-39	NA	28	-39	338.0	40.5101	-79.5459
USC00367782	SALINA	19950119	9999	128	-39	NA	128	-39	338.0	40.5101	-79.5459
USC00367782	SALINA	19950120	9999	139	11	NA	139	11	338.0	40.5101	-79.5459
USC00367782	SALINA	19950121	9999	117	-28	NA	117	-28	338.0	40.5101	-79.5459
USC00367782	SALINA	19950122	9999	106	-83	NA	106	-83	338.0	40.5101	-79.5459
USC00367782	SALINA	19950123	9999	100	-117	NA	100	-117	338.0	40.5101	-79.5459
USC00367782	SALINA	19950124	9999	89	-117	NA	89	-117	338.0	40.5101	-79.5459
USC00367782	SALINA	19950125	9999	44	-89	NA	44	-89	338.0	40.5101	-79.5459
USC00367782	SALINA	19950126	9999	-44	-117	NA	-44	-117	338.0	40.5101	-79.5459
USC00367782	SALINA	19950127	9999	-22	-122	NA	-22	-122	338.0	40.5101	-79.5459
USC00367782	SALINA	19950128	9999	6	-106	NA	6	-106	338.0	40.5101	-79.5459
USC00367782	SALINA	19950129	9999	0	-122	NA	0	-122	338.0	40.5101	-79.5459
USC00367782	SALINA	19950130	9999	33	-122	NA	33	-122	338.0	40.5101	-79.5459
USC00367782	SALINA	19950131	9999	28	-83	NA	28	-83	338.0	40.5101	-79.5459
USC00367782	SALINA	19960101	9999	50	-39	NA	50	-39	338.0	40.5101	-79.5459
USC00367782	SALINA	19960102	9999	44	0	NA	44	0	338.0	40.5101	-79.5459
USC00367782	SALINA	19960103	9999	28	0	NA	28	0	338.0	40.5101	-79.5459
USC00367782	SALINA	19960104	9999	22	-144	NA	22	-144	338.0	40.5101	-79.5459
USC00367782	SALINA	19960105	9999	-44	-150	NA	-44	-150	338.0	40.5101	-79.5459
USC00367782	SALINA	19960106	9999	-61	-156	NA	-61	-156	338.0	40.5101	-79.5459
USC00367782	SALINA	19960107	9999	-61	-156	NA	-61	-156	338.0	40.5101	-79.5459
USC00367782	SALINA	19960108	9999	-89	-117	NA	-89	-117	338.0	40.5101	-79.5459
USC00367782	SALINA	19960109	9999	-56	-133	NA	-56	-133	338.0	40.5101	-79.5459
USC00367782	SALINA	19960110	9999	-33	-61	NA	-33	-61	338.0	40.5101	-79.5459
USC00367782	SALINA	19960111	9999	-56	-244	NA	-56	-244	338.0	40.5101	-79.5459
USC00367782	SALINA	19960112	9999	-50	-228	NA	-50	-228	338.0	40.5101	-79.5459
USC00367782	SALINA	19960113	9999	-28	-72	NA	-28	-72	338.0	40.5101	-79.5459
USC00367782	SALINA	19960114	9999	0	-11	NA	0	-11	338.0	40.5101	-79.5459
USC00367782	SALINA	19960115	9999	106	-22	NA	106	-22	338.0	40.5101	-79.5459
USC00367782	SALINA	19960116	9999	11	-111	NA	11	-111	338.0	40.5101	-79.5459
USC00367782	SALINA	19960117	9999	94	-44	NA	94	-44	338.0	40.5101	-79.5459
USC00367782	SALINA	19960118	9999	111	6	NA	111	6	338.0	40.5101	-79.5459
USC00367782	SALINA	19960119	9999	161	61	NA	161	61	338.0	40.5101	-79.5459
USC00367782	SALINA	19960120	9999	100	-139	NA	100	-139	338.0	40.5101	-79.5459
USC00367782	SALINA	19960121	9999	-17	-139	NA	-17	-139	338.0	40.5101	-79.5459
USC00367782	SALINA	19960122	9999	28	-78	NA	28	-78	338.0	40.5101	-79.5459
USC00367782	SALINA	19960123	9999	78	-83	NA	78	-83	338.0	40.5101	-79.5459
USC00367782	SALINA	19960124	9999	78	0	NA	78	0	338.0	40.5101	-79.5459
USC00367782	SALINA	19960125	9999	100	-83	NA	100	-83	338.0	40.5101	-79.5459
USC00367782	SALINA	19960126	9999	-11	-100	NA	-11	-100	338.0	40.5101	-79.5459
USC00367782	SALINA	19960127	9999	106	-100	NA	106	-100	338.0	40.5101	-79.5459
USC00367782	SALINA	19960128	9999	111	-67	NA	111	-67	338.0	40.5101	-79.5459
USC00367782	SALINA	19960129	9999	-22	-78	NA	-22	-78	338.0	40.5101	-79.5459
USC00367782	SALINA	19960130	9999	56	-22	NA	56	-22	338.0	40.5101	-79.5459
USC00367782	SALINA	19960131	9999	0	-106	NA	0	-106	338.0	40.5101	-79.5459
USC00367782	SALINA	19970101	9999	83	-28	NA	83	-28	338.0	40.5101	-79.5459
USC00367782	SALINA	19970102	9999	94	-17	NA	94	-17	338.0	40.5101	-79.5459
USC00367782	SALINA	19970103	9999	139	78	NA	139	78	338.0	40.5101	-79.5459
USC00367782	SALINA	19970104	9999	150	89	NA	150	89	338.0	40.5101	-79.5459
USC00367782	SALINA	19970105	9999	200	89	NA	200	89	338.0	40.5101	-79.5459
USC00367782	SALINA	19970106	9999	156	-11	NA	156	-11	338.0	40.5101	-79.5459
USC00367782	SALINA	19970107	9999	6	-72	NA	6	-72	338.0	40.5101	-79.5459
USC00367782	SALINA	19970108	9999	-17	-89	NA	-17	-89	338.0	40.5101	-79.5459
USC00367782	SALINA	19970109	9999	-11	-78	NA	-11	-78	338.0	40.5101	-79.5459
USC00367782	SALINA	19970110	9999	17	-44	NA	17	-44	338.0	40.5101	-79.5459
USC00367782	SALINA	19970111	9999	0	-133	NA	0	-133	338.0	40.5101	-79.5459
USC00367782	SALINA	19970112	9999	-89	-144	NA	-89	-144	338.0	40.5101	-79.5459
USC00367782	SALINA	19970113	9999	-89	-183	NA	-89	-183	338.0	40.5101	-79.5459
USC00367782	SALINA	19970114	9999	-111	-183	NA	-111	-183	338.0	40.5101	-79.5459
USC00367782	SALINA	19970115	9999	-50	-161	NA	-50	-161	338.0	40.5101	-79.5459
USC00367782	SALINA	19970116	9999	67	-156	NA	67	-156	338.0	40.5101	-79.5459
USC00367782	SALINA	19970117	9999	28	-189	NA	28	-189	338.0	40.5101	-79.5459
USC00367782	SALINA	19970118	9999	-100	-189	NA	-100	-189	338.0	40.5101	-79.5459
USC00367782	SALINA	19970119	9999	-117	-222	NA	-117	-222	338.0	40.5101	-79.5459
USC00367782	SALINA	19970120	9999	-33	-189	NA	-33	-189	338.0	40.5101	-79.5459
USC00367782	SALINA	19970121	9999	6	-128	NA	6	-128	338.0	40.5101	-79.5459
USC00367782	SALINA	19970122	9999	83	-133	NA	83	-133	338.0	40.5101	-79.5459
USC00367782	SALINA	19970123	9999	117	33	NA	117	33	338.0	40.5101	-79.5459
USC00367782	SALINA	19970124	9999	100	-39	NA	100	-39	338.0	40.5101	-79.5459
USC00367782	SALINA	19970125	9999	100	-22	NA	100	-22	338.0	40.5101	-79.5459
USC00367782	SALINA	19970126	9999	83	-89	NA	83	-89	338.0	40.5101	-79.5459
USC00367782	SALINA	19970127	9999	-22	-100	NA	-22	-100	338.0	40.5101	-79.5459
USC00367782	SALINA	19970128	9999	56	-33	NA	56	-33	338.0	40.5101	-79.5459
USC00367782	SALINA	19970129	9999	0	-128	NA	0	-128	338.0	40.5101	-79.5459
USC00367782	SALINA	19970130	9999	-22	-133	NA	-22	-133	338.0	40.5101	-79.5459
USC00367782	SALINA	19970131	9999	44	-83	NA	44	-83	338.0	40.5101	-79.5459
USC00367782	SALINA	19980101	9999	-33	-161	NA	-33	-161	338.0	40.5101	-79.5459
USC00367782	SALINA	19980102	9999	28	-61	NA	28	-61	338.0	40.5101	-79.5459
USC00367782	SALINA	19980103	9999	94	6	NA	94	6	338.0	40.5101	-79.5459
USC00367782	SALINA	19980104	9999	150	56	NA	150	56	338.0	40.5101	-79.5459
USC00367782	SALINA	19980105	9999	156	39	NA	156	39	338.0	40.5101	-79.5459
USC00367782	SALINA	19980106	9999	194	50	NA	194	50	338.0	40.5101	-79.5459
USC00367782	SALINA	19980107	9999	144	78	NA	144	78	338.0	40.5101	-79.5459
USC00367782	SALINA	19980108	9999	189	78	NA	189	78	338.0	40.5101	-79.5459
USC00367782	SALINA	19980109	9999	183	67	NA	183	67	338.0	40.5101	-79.5459
USC00367782	SALINA	19980110	9999	94	6	NA	94	6	338.0	40.5101	-79.5459
USC00367782	SALINA	19980111	9999	67	-39	NA	67	-39	338.0	40.5101	-79.5459
USC00367782	SALINA	19980112	9999	56	-78	NA	56	-78	338.0	40.5101	-79.5459
USC00367782	SALINA	19980113	9999	100	-39	NA	100	-39	338.0	40.5101	-79.5459
USC00367782	SALINA	19980114	9999	83	-111	NA	83	-111	338.0	40.5101	-79.5459
USC00367782	SALINA	19980115	9999	-11	-122	NA	-11	-122	338.0	40.5101	-79.5459
USC00367782	SALINA	19980116	9999	44	-17	NA	44	-17	338.0	40.5101	-79.5459
USC00367782	SALINA	19980117	9999	33	-28	NA	33	-28	338.0	40.5101	-79.5459
USC00367782	SALINA	19980118	9999	22	-44	NA	22	-44	338.0	40.5101	-79.5459
USC00367782	SALINA	19980119	9999	-6	-44	NA	-6	-44	338.0	40.5101	-79.5459
USC00367782	SALINA	19980120	9999	28	-56	NA	28	-56	338.0	40.5101	-79.5459
USC00367782	SALINA	19980121	9999	6	-111	NA	6	-111	338.0	40.5101	-79.5459
USC00367782	SALINA	19980122	9999	-11	-111	NA	-11	-111	338.0	40.5101	-79.5459
USC00367782	SALINA	19980123	9999	50	-33	NA	50	-33	338.0	40.5101	-79.5459
USC00367782	SALINA	19980124	9999	50	-22	NA	50	-22	338.0	40.5101	-79.5459
USC00367782	SALINA	19980125	9999	-11	-50	NA	-11	-50	338.0	40.5101	-79.5459
USC00367782	SALINA	19980126	9999	-6	-50	NA	-6	-50	338.0	40.5101	-79.5459
USC00367782	SALINA	19980127	9999	61	-39	NA	61	-39	338.0	40.5101	-79.5459
USC00367782	SALINA	19980128	9999	39	-17	NA	39	-17	338.0	40.5101	-79.5459
USC00367782	SALINA	19980129	9999	56	-17	NA	56	-17	338.0	40.5101	-79.5459
USC00367782	SALINA	19980130	9999	111	-17	NA	111	-17	338.0	40.5101	-79.5459
USC00367782	SALINA	19980131	9999	11	-33	NA	11	-33	338.0	40.5101	-79.5459
USC00367782	SALINA	19990101	9999	-39	-111	NA	-39	-111	338.0	40.5101	-79.5459
USC00367782	SALINA	19990102	9999	-61	-172	NA	-61	-172	338.0	40.5101	-79.5459
USC00367782	SALINA	19990103	9999	11	-111	NA	11	-111	338.0	40.5101	-79.5459
USC00367782	SALINA	19990104	9999	17	-133	NA	17	-133	338.0	40.5101	-79.5459
USC00367782	SALINA	19990105	9999	-106	-200	NA	-106	-200	338.0	40.5101	-79.5459
USC00367782	SALINA	19990106	9999	-100	-217	NA	-100	-217	338.0	40.5101	-79.5459
USC00367782	SALINA	19990107	9999	-11	-128	NA	-11	-128	338.0	40.5101	-79.5459
USC00367782	SALINA	19990108	9999	-50	-150	NA	-50	-150	338.0	40.5101	-79.5459
USC00367782	SALINA	19990109	9999	72	-133	NA	72	-133	338.0	40.5101	-79.5459
USC00367782	SALINA	19990110	9999	6	-167	NA	6	-167	338.0	40.5101	-79.5459
USC00367782	SALINA	19990111	9999	-50	-178	NA	-50	-178	338.0	40.5101	-79.5459
USC00367782	SALINA	19990112	9999	44	-178	NA	44	-178	338.0	40.5101	-79.5459
USC00367782	SALINA	19990113	9999	78	-156	NA	78	-156	338.0	40.5101	-79.5459
USC00367782	SALINA	19990114	9999	78	-106	NA	78	-106	338.0	40.5101	-79.5459
USC00367782	SALINA	19990115	9999	6	-89	NA	6	-89	338.0	40.5101	-79.5459
USC00367782	SALINA	19990116	9999	-28	-122	NA	-28	-122	338.0	40.5101	-79.5459
USC00367782	SALINA	19990117	9999	67	-67	NA	67	-67	338.0	40.5101	-79.5459
USC00367782	SALINA	19990118	9999	117	-67	NA	117	-67	338.0	40.5101	-79.5459
USC00367782	SALINA	19990119	9999	122	-28	NA	122	-28	338.0	40.5101	-79.5459
USC00367782	SALINA	19990120	9999	61	-28	NA	61	-28	338.0	40.5101	-79.5459
USC00367782	SALINA	19990121	9999	61	-39	NA	61	-39	338.0	40.5101	-79.5459
USC00367782	SALINA	19990122	9999	56	-28	NA	56	-28	338.0	40.5101	-79.5459
USC00367782	SALINA	19990123	9999	156	11	NA	156	11	338.0	40.5101	-79.5459
USC00367782	SALINA	19990124	9999	200	44	NA	200	44	338.0	40.5101	-79.5459
USC00367782	SALINA	19990125	9999	44	-22	NA	44	-22	338.0	40.5101	-79.5459
USC00367782	SALINA	19990126	9999	6	-39	NA	6	-39	338.0	40.5101	-79.5459
USC00367782	SALINA	19990127	9999	67	-72	NA	67	-72	338.0	40.5101	-79.5459
USC00367782	SALINA	19990128	9999	178	17	NA	178	17	338.0	40.5101	-79.5459
USC00367782	SALINA	19990129	9999	144	-22	NA	144	-22	338.0	40.5101	-79.5459
USC00367782	SALINA	19990130	9999	67	-94	NA	67	-94	338.0	40.5101	-79.5459
USC00367782	SALINA	19990131	9999	56	-122	NA	56	-122	338.0	40.5101	-79.5459
USC00367782	SALINA	20000101	9999	83	-67	NA	83	-67	338.0	40.5101	-79.5459
USC00367782	SALINA	20000102	9999	133	-72	NA	133	-72	338.0	40.5101	-79.5459
USC00367782	SALINA	20000103	9999	194	78	NA	194	78	338.0	40.5101	-79.5459
USC00367782	SALINA	20000104	9999	183	72	NA	183	72	338.0	40.5101	-79.5459
USC00367782	SALINA	20000105	9999	167	-44	NA	167	-44	338.0	40.5101	-79.5459
USC00367782	SALINA	20000106	9999	11	-89	NA	11	-89	338.0	40.5101	-79.5459
USC00367782	SALINA	20000107	9999	72	-78	NA	72	-78	338.0	40.5101	-79.5459
USC00367782	SALINA	20000108	9999	50	-83	NA	50	-83	338.0	40.5101	-79.5459
USC00367782	SALINA	20000109	9999	39	-94	NA	39	-94	338.0	40.5101	-79.5459
USC00367782	SALINA	20000110	9999	83	-28	NA	83	-28	338.0	40.5101	-79.5459
USC00367782	SALINA	20000111	9999	122	-78	NA	122	-78	338.0	40.5101	-79.5459
USC00367782	SALINA	20000112	9999	83	-44	NA	83	-44	338.0	40.5101	-79.5459
USC00367782	SALINA	20000113	9999	72	-39	NA	72	-39	338.0	40.5101	-79.5459
USC00367782	SALINA	20000114	9999	17	-133	NA	17	-133	338.0	40.5101	-79.5459
USC00367782	SALINA	20000115	9999	-33	-128	NA	-33	-128	338.0	40.5101	-79.5459
USC00367782	SALINA	20000116	9999	89	-128	NA	89	-128	338.0	40.5101	-79.5459
USC00367782	SALINA	20000117	9999	89	-150	NA	89	-150	338.0	40.5101	-79.5459
USC00367782	SALINA	20000118	9999	22	-167	NA	22	-167	338.0	40.5101	-79.5459
USC00367782	SALINA	20000119	9999	-17	-133	NA	-17	-133	338.0	40.5101	-79.5459
USC00367782	SALINA	20000120	9999	-11	-72	NA	-11	-72	338.0	40.5101	-79.5459
USC00367782	SALINA	20000121	9999	-22	-156	NA	-22	-156	338.0	40.5101	-79.5459
USC00367782	SALINA	20000122	9999	-89	-200	NA	-89	-200	338.0	40.5101	-79.5459
USC00367782	SALINA	20000123	9999	-72	-200	NA	-72	-200	338.0	40.5101	-79.5459
USC00367782	SALINA	20000124	9999	0	-106	NA	0	-106	338.0	40.5101	-79.5459
USC00367782	SALINA	20000125	9999	-6	-133	NA	-6	-133	338.0	40.5101	-79.5459
USC00367782	SALINA	20000126	9999	-22	-133	NA	-22	-133	338.0	40.5101	-79.5459
USC00367782	SALINA	20000127	9999	-28	-178	NA	-28	-178	338.0	40.5101	-79.5459
USC00367782	SALINA	20000128	9999	-72	-183	NA	-72	-183	338.0	40.5101	-79.5459
USC00367782	SALINA	20000129	9999	-17	-161	NA	-17	-161	338.0	40.5101	-79.5459
USC00367782	SALINA	20000130	9999	22	-133	NA	22	-133	338.0	40.5101	-79.5459
USC00367782	SALINA	20000131	9999	0	-94	NA	0	-94	338.0	40.5101	-79.5459
USC00367782	SALINA	20010101	9999	-33	-122	NA	-33	-122	338.0	40.5101	-79.5459
USC00367782	SALINA	20010102	9999	-22	-178	NA	-22	-178	338.0	40.5101	-79.5459
USC00367782	SALINA	20010103	9999	-28	-156	NA	-28	-156	338.0	40.5101	-79.5459
USC00367782	SALINA	20010104	9999	-28	-167	NA	-28	-167	338.0	40.5101	-79.5459
USC00367782	SALINA	20010105	9999	-22	-100	NA	-22	-100	338.0	40.5101	-79.5459
USC00367782	SALINA	20010106	9999	6	-78	NA	6	-78	338.0	40.5101	-79.5459
USC00367782	SALINA	20010107	9999	6	-67	NA	6	-67	338.0	40.5101	-79.5459
USC00367782	SALINA	20010108	9999	72	-56	NA	72	-56	338.0	40.5101	-79.5459
USC00367782	SALINA	20010109	9999	17	-139	NA	17	-139	338.0	40.5101	-79.5459
USC00367782	SALINA	20010110	9999	-44	-144	NA	-44	-144	338.0	40.5101	-79.5459
USC00367782	SALINA	20010111	9999	28	-117	NA	28	-117	338.0	40.5101	-79.5459
USC00367782	SALINA	20010112	9999	72	-78	NA	72	-78	338.0	40.5101	-79.5459
USC00367782	SALINA	20010113	9999	78	-89	NA	78	-89	338.0	40.5101	-79.5459
USC00367782	SALINA	20010114	9999	89	-72	NA	89	-72	338.0	40.5101	-79.5459
USC00367782	SALINA	20010115	9999	83	-67	NA	83	-67	338.0	40.5101	-79.5459
USC00367782	SALINA	20010116	9999	72	-22	NA	72	-22	338.0	40.5101	-79.5459
USC00367782	SALINA	20010117	9999	17	-44	NA	17	-44	338.0	40.5101	-79.5459
USC00367782	SALINA	20010118	9999	6	-56	NA	6	-56	338.0	40.5101	-79.5459
USC00367782	SALINA	20010119	9999	22	-56	NA	22	-56	338.0	40.5101	-79.5459
USC00367782	SALINA	20010120	9999	11	-56	NA	11	-56	338.0	40.5101	-79.5459
USC00367782	SALINA	20010121	9999	-11	-128	NA	-11	-128	338.0	40.5101	-79.5459
USC00367782	SALINA	20010122	9999	-33	-128	NA	-33	-128	338.0	40.5101	-79.5459
USC00367782	SALINA	20010123	9999	-11	-172	NA	-11	-172	338.0	40.5101	-79.5459
USC00367782	SALINA	20010124	9999	50	-178	NA	50	-178	338.0	40.5101	-79.5459
USC00367782	SALINA	20010125	9999	33	-72	NA	33	-72	338.0	40.5101	-79.5459
USC00367782	SALINA	20010126	9999	-11	-161	NA	-11	-161	338.0	40.5101	-79.5459
USC00367782	SALINA	20010127	9999	22	-156	NA	22	-156	338.0	40.5101	-79.5459
USC00367782	SALINA	20010128	9999	6	-122	NA	6	-122	338.0	40.5101	-79.5459
USC00367782	SALINA	20010129	9999	6	-128	NA	6	-128	338.0	40.5101	-79.5459
USC00367782	SALINA	20010130	9999	61	-122	NA	61	-122	338.0	40.5101	-79.5459
USC00367782	SALINA	20010131	9999	94	-17	NA	94	-17	338.0	40.5101	-79.5459
USC00367782	SALINA	20020101	9999	-67	-139	NA	-67	-139	338.0	40.5101	-79.5459
USC00367782	SALINA	20020102	9999	-28	-150	NA	-28	-150	338.0	40.5101	-79.5459
USC00367782	SALINA	20020103	9999	-17	-161	NA	-17	-161	338.0	40.5101	-79.5459
USC00367782	SALINA	20020104	9999	-44	-161	NA	-44	-161	338.0	40.5101	-79.5459
USC00367782	SALINA	20020105	9999	6	-133	NA	6	-133	338.0	40.5101	-79.5459
USC00367782	SALINA	20020106	9999	56	-150	NA	56	-150	338.0	40.5101	-79.5459
USC00367782	SALINA	20020107	9999	17	-50	NA	17	-50	338.0	40.5101	-79.5459
USC00367782	SALINA	20020108	9999	6	-117	NA	6	-117	338.0	40.5101	-79.5459
USC00367782	SALINA	20020109	9999	-6	-111	NA	-6	-111	338.0	40.5101	-79.5459
USC00367782	SALINA	20020110	9999	56	-56	NA	56	-56	338.0	40.5101	-79.5459
USC00367782	SALINA	20020111	9999	89	-6	NA	89	-6	338.0	40.5101	-79.5459
USC00367782	SALINA	20020112	9999	44	-61	NA	44	-61	338.0	40.5101	-79.5459
USC00367782	SALINA	20020113	9999	72	-67	NA	72	-67	338.0	40.5101	-79.5459
USC00367782	SALINA	20020114	9999	44	-72	NA	44	-72	338.0	40.5101	-79.5459
USC00367782	SALINA	20020115	9999	100	-72	NA	100	-72	338.0	40.5101	-79.5459
USC00367782	SALINA	20020116	9999	28	-56	NA	28	-56	338.0	40.5101	-79.5459
USC00367782	SALINA	20020117	9999	33	-50	NA	33	-50	338.0	40.5101	-79.5459
USC00367782	SALINA	20020118	9999	33	-83	NA	33	-83	338.0	40.5101	-79.5459
USC00367782	SALINA	20020119	9999	17	-106	NA	17	-106	338.0	40.5101	-79.5459
USC00367782	SALINA	20020120	9999	-6	-111	NA	-6	-111	338.0	40.5101	-79.5459
USC00367782	SALINA	20020121	9999	0	-111	NA	0	-111	338.0	40.5101	-79.5459
USC00367782	SALINA	20020122	9999	33	-61	NA	33	-61	338.0	40.5101	-79.5459
USC00367782	SALINA	20020123	9999	100	-89	NA	100	-89	338.0	40.5101	-79.5459
USC00367782	SALINA	20020124	9999	122	17	NA	122	17	338.0	40.5101	-79.5459
USC00367782	SALINA	20020125	9999	111	-61	NA	111	-61	338.0	40.5101	-79.5459
USC00367782	SALINA	20020126	9999	72	-72	NA	72	-72	338.0	40.5101	-79.5459
USC00367782	SALINA	20020127	9999	122	-50	NA	122	-50	338.0	40.5101	-79.5459
USC00367782	SALINA	20020128	9999	156	-11	NA	156	-11	338.0	40.5101	-79.5459
USC00367782	SALINA	20020129	9999	178	0	NA	178	0	338.0	40.5101	-79.5459
USC00367782	SALINA	20020130	9999	172	56	NA	172	56	338.0	40.5101	-79.5459
USC00367782	SALINA	20020131	9999	111	11	NA	111	11	338.0	40.5101	-79.5459
USC00367782	SALINA	20030101	9999	144	0	NA	144	0	338.0	40.5101	-79.5459
USC00367782	SALINA	20030102	9999	72	-50	NA	72	-50	338.0	40.5101	-79.5459
USC00367782	SALINA	20030103	9999	39	-44	NA	39	-44	338.0	40.5101	-79.5459
USC00367782	SALINA	20030104	9999	33	-94	NA	33	-94	338.0	40.5101	-79.5459
USC00367782	SALINA	20030105	9999	-17	-94	NA	-17	-94	338.0	40.5101	-79.5459
USC00367782	SALINA	20030106	9999	-6	-78	NA	-6	-78	338.0	40.5101	-79.5459
USC00367782	SALINA	20030107	9999	-11	-128	NA	-11	-128	338.0	40.5101	-79.5459
USC00367782	SALINA	20030108	9999	22	-133	NA	22	-133	338.0	40.5101	-79.5459
USC00367782	SALINA	20030109	9999	44	-11	NA	44	-11	338.0	40.5101	-79.5459
USC00367782	SALINA	20030110	9999	100	-67	NA	100	-67	338.0	40.5101	-79.5459
USC00367782	SALINA	20030111	9999	-11	-139	NA	-11	-139	338.0	40.5101	-79.5459
USC00367782	SALINA	20030112	9999	-39	-150	NA	-39	-150	338.0	40.5101	-79.5459
USC00367782	SALINA	20030113	9999	-22	-150	NA	-22	-150	338.0	40.5101	-79.5459
USC00367782	SALINA	20030114	9999	-6	-156	NA	-6	-156	338.0	40.5101	-79.5459
USC00367782	SALINA	20030115	9999	-56	-150	NA	-56	-150	338.0	40.5101	-79.5459
USC00367782	SALINA	20030116	9999	-78	-206	NA	-78	-206	338.0	40.5101	-79.5459
USC00367782	SALINA	20030117	9999	-67	-206	NA	-67	-206	338.0	40.5101	-79.5459
USC00367782	SALINA	20030118	9999	-50	-228	NA	-50	-228	338.0	40.5101	-79.5459
USC00367782	SALINA	20030119	9999	-67	-228	NA	-67	-228	338.0	40.5101	-79.5459
USC00367782	SALINA	20030120	9999	-50	-139	NA	-50	-139	338.0	40.5101	-79.5459
USC00367782	SALINA	20030121	9999	-44	-144	NA	-44	-144	338.0	40.5101	-79.5459
USC00367782	SALINA	20030122	9999	-50	-244	NA	-50	-244	338.0	40.5101	-79.5459
USC00367782	SALINA	20030123	9999	-89	-239	NA	-89	-239	338.0	40.5101	-79.5459
USC00367782	SALINA	20030124	9999	-100	-250	NA	-100	-250	338.0	40.5101	-79.5459
USC00367782	SALINA	20030125	9999	-56	-167	NA	-56	-167	338.0	40.5101	-79.5459
USC00367782	SALINA	20030126	9999	-39	-156	NA	-39	-156	338.0	40.5101	-79.5459
USC00367782	SALINA	20030127	9999	-33	-228	NA	-33	-228	338.0	40.5101	-79.5459
USC00367782	SALINA	20030128	9999	-72	-239	NA	-72	-239	338.0	40.5101	-79.5459
USC00367782	SALINA	20030129	9999	0	-61	NA	0	-61	338.0	40.5101	-79.5459
USC00367782	SALINA	20030130	9999	11	-117	NA	11	-117	338.0	40.5101	-79.5459
USC00367782	SALINA	20030131	9999	39	-94	NA	39	-94	338.0	40.5101	-79.5459
USC00367782	SALINA	20040101	9999	106	-28	NA	106	-28	338.0	40.5101	-79.5459
USC00367782	SALINA	20040102	9999	78	-33	NA	78	-33	338.0	40.5101	-79.5459
USC00367782	SALINA	20040103	9999	128	56	NA	128	56	338.0	40.5101	-79.5459
USC00367782	SALINA	20040104	9999	144	56	NA	144	56	338.0	40.5101	-79.5459
USC00367782	SALINA	20040105	9999	106	28	NA	106	28	338.0	40.5101	-79.5459
USC00367782	SALINA	20040106	9999	94	-39	NA	94	-39	338.0	40.5101	-79.5459
USC00367782	SALINA	20040107	9999	-39	-133	NA	-39	-133	338.0	40.5101	-79.5459
USC00367782	SALINA	20040108	9999	-61	-133	NA	-61	-133	338.0	40.5101	-79.5459
USC00367782	SALINA	20040109	9999	-33	-78	NA	-33	-78	338.0	40.5101	-79.5459
USC00367782	SALINA	20040110	9999	-28	-161	NA	-28	-161	338.0	40.5101	-79.5459
USC00367782	SALINA	20040111	9999	-78	-161	NA	-78	-161	338.0	40.5101	-79.5459
USC00367782	SALINA	20040112	9999	39	-111	NA	39	-111	338.0	40.5101	-79.5459
USC00367782	SALINA	20040113	9999	33	6	NA	33	6	338.0	40.5101	-79.5459
USC00367782	SALINA	20040114	9999	11	-117	NA	11	-117	338.0	40.5101	-79.5459
USC00367782	SALINA	20040115	9999	-6	-89	NA	-6	-89	338.0	40.5101	-79.5459
USC00367782	SALINA	20040116	9999	-56	-183	NA	-56	-183	338.0	40.5101	-79.5459
USC00367782	SALINA	20040117	9999	-67	-183	NA	-67	-183	338.0	40.5101	-79.5459
USC00367782	SALINA	20040118	9999	22	-128	NA	22	-128	338.0	40.5101	-79.5459
USC00367782	SALINA	20040119	9999	11	-100	NA	11	-100	338.0	40.5101	-79.5459
USC00367782	SALINA	20040120	9999	-67	-111	NA	-67	-111	338.0	40.5101	-79.5459
USC00367782	SALINA	20040121	9999	-44	-172	NA	-44	-172	338.0	40.5101	-79.5459
USC00367782	SALINA	20040122	9999	-6	-78	NA	-6	-78	338.0	40.5101	-79.5459
USC00367782	SALINA	20040123	9999	-11	-161	NA	-11	-161	338.0	40.5101	-79.5459
USC00367782	SALINA	20040124	9999	-89	-139	NA	-89	-139	338.0	40.5101	-79.5459
USC00367782	SALINA	20040125	9999	-94	-194	NA	-94	-194	338.0	40.5101	-79.5459
USC00367782	SALINA	20040126	9999	-78	-200	NA	-78	-200	338.0	40.5101	-79.5459
USC00367782	SALINA	20040127	9999	-11	-83	NA	-11	-83	338.0	40.5101	-79.5459
USC00367782	SALINA	20040128	9999	0	-89	NA	0	-89	338.0	40.5101	-79.5459
USC00367782	SALINA	20040129	9999	-61	-89	NA	-61	-89	338.0	40.5101	-79.5459
USC00367782	SALINA	20040130	9999	-56	-122	NA	-56	-122	338.0	40.5101	-79.5459
USC00367782	SALINA	20040131	9999	17	-167	NA	17	-167	338.0	40.5101	-79.5459
USC00367782	SALINA	20050101	9999	144	100	NA	144	100	338.0	40.5101	-79.5459
USC00367782	SALINA	20050102	9999	144	33	NA	144	33	338.0	40.5101	-79.5459
USC00367782	SALINA	20050103	9999	167	39	NA	167	39	338.0	40.5101	-79.5459
USC00367782	SALINA	20050104	9999	133	94	NA	133	94	338.0	40.5101	-79.5459
USC00367782	SALINA	20050105	9999	89	44	NA	89	44	338.0	40.5101	-79.5459
USC00367782	SALINA	20050106	9999	61	6	NA	61	6	338.0	40.5101	-79.5459
USC00367782	SALINA	20050107	9999	117	-22	NA	117	-22	338.0	40.5101	-79.5459
USC00367782	SALINA	20050108	9999	33	-22	NA	33	-22	338.0	40.5101	-79.5459
USC00367782	SALINA	20050109	9999	83	-6	NA	83	-6	338.0	40.5101	-79.5459
USC00367782	SALINA	20050110	9999	72	-6	NA	72	-6	338.0	40.5101	-79.5459
USC00367782	SALINA	20050111	9999	67	-22	NA	67	-22	338.0	40.5101	-79.5459
USC00367782	SALINA	20050112	9999	128	0	NA	128	0	338.0	40.5101	-79.5459
USC00367782	SALINA	20050113	9999	167	117	NA	167	117	338.0	40.5101	-79.5459
USC00367782	SALINA	20050114	9999	211	0	NA	211	0	338.0	40.5101	-79.5459
USC00367782	SALINA	20050115	9999	17	-78	NA	17	-78	338.0	40.5101	-79.5459
USC00367782	SALINA	20050116	9999	6	-94	NA	6	-94	338.0	40.5101	-79.5459
USC00367782	SALINA	20050117	9999	-22	-128	NA	-22	-128	338.0	40.5101	-79.5459
USC00367782	SALINA	20050118	9999	-83	-161	NA	-83	-161	338.0	40.5101	-79.5459
USC00367782	SALINA	20050119	9999	-67	-167	NA	-67	-167	338.0	40.5101	-79.5459
USC00367782	SALINA	20050120	9999	-11	-72	NA	-11	-72	338.0	40.5101	-79.5459
USC00367782	SALINA	20050121	9999	-28	-133	NA	-28	-133	338.0	40.5101	-79.5459
USC00367782	SALINA	20050122	9999	-56	-133	NA	-56	-133	338.0	40.5101	-79.5459
USC00367782	SALINA	20050123	9999	-22	-161	NA	-22	-161	338.0	40.5101	-79.5459
USC00367782	SALINA	20050124	9999	-78	-189	NA	-78	-189	338.0	40.5101	-79.5459
USC00367782	SALINA	20050125	9999	-61	-189	NA	-61	-189	338.0	40.5101	-79.5459
USC00367782	SALINA	20050126	9999	33	-61	NA	33	-61	338.0	40.5101	-79.5459
USC00367782	SALINA	20050127	9999	56	-139	NA	56	-139	338.0	40.5101	-79.5459
USC00367782	SALINA	20050128	9999	-44	-167	NA	-44	-167	338.0	40.5101	-79.5459
USC00367782	SALINA	20050129	9999	-6	-172	NA	-6	-172	338.0	40.5101	-79.5459
USC00367782	SALINA	20050130	9999	28	-100	NA	28	-100	338.0	40.5101	-79.5459
USC00367782	SALINA	20050131	9999	67	-67	NA	67	-67	338.0	40.5101	-79.5459
