STATION	NAME	DATE	SNWD	TMAX	TMIN	SNWD2	TMAX2	TMIN2	ELEV	LAT	LONG
USC00287936	SEABROOKFARMS	19950101	9999	111	-39	NA	111	-39	27.4	39.48333	-75.21667
USC00287936	SEABROOKFARMS	19950102	9999	94	28	NA	94	28	27.4	39.48333	-75.21667
USC00287936	SEABROOKFARMS	19950103	9999	44	-56	NA	44	-56	27.4	39.48333	-75.21667
USC00287936	SEABROOKFARMS	19950104	9999	-6	-44	NA	-6	-44	27.4	39.48333	-75.21667
USC00287936	SEABROOKFARMS	19950105	9999	22	-100	NA	22	-100	27.4	39.48333	-75.21667
USC00287936	SEABROOKFARMS	19950106	9999	-17	-94	NA	-17	-94	27.4	39.48333	-75.21667
USC00287936	SEABROOKFARMS	19950107	9999	100	-17	NA	100	-17	27.4	39.48333	-75.21667
USC00287936	SEABROOKFARMS	19950108	9999	78	-17	NA	78	-17	27.4	39.48333	-75.21667
USC00287936	SEABROOKFARMS	19950109	9999	28	-33	NA	28	-33	27.4	39.48333	-75.21667
USC00287936	SEABROOKFARMS	19950110	9999	61	-50	NA	61	-50	27.4	39.48333	-75.21667
USC00287936	SEABROOKFARMS	19950111	9999	11	-50	NA	11	-50	27.4	39.48333	-75.21667
USC00287936	SEABROOKFARMS	19950112	9999	56	11	NA	56	11	27.4	39.48333	-75.21667
USC00287936	SEABROOKFARMS	19950113	9999	144	56	NA	144	56	27.4	39.48333	-75.21667
USC00287936	SEABROOKFARMS	19950114	9999	189	100	NA	189	100	27.4	39.48333	-75.21667
USC00287936	SEABROOKFARMS	19950115	9999	200	150	NA	200	150	27.4	39.48333	-75.21667
USC00287936	SEABROOKFARMS	19950116	9999	200	117	NA	200	117	27.4	39.48333	-75.21667
USC00287936	SEABROOKFARMS	19950117	9999	156	67	NA	156	67	27.4	39.48333	-75.21667
USC00287936	SEABROOKFARMS	19950118	9999	122	50	NA	122	50	27.4	39.48333	-75.21667
USC00287936	SEABROOKFARMS	19950119	9999	72	44	NA	72	44	27.4	39.48333	-75.21667
USC00287936	SEABROOKFARMS	19950120	9999	139	44	NA	139	44	27.4	39.48333	-75.21667
USC00287936	SEABROOKFARMS	19950121	9999	139	39	NA	139	39	27.4	39.48333	-75.21667
USC00287936	SEABROOKFARMS	19950122	9999	50	-17	NA	50	-17	27.4	39.48333	-75.21667
USC00287936	SEABROOKFARMS	19950123	9999	39	-28	NA	39	-28	27.4	39.48333	-75.21667
USC00287936	SEABROOKFARMS	19950124	9999	39	-33	NA	39	-33	27.4	39.48333	-75.21667
USC00287936	SEABROOKFARMS	19950125	9999	44	-6	NA	44	-6	27.4	39.48333	-75.21667
USC00287936	SEABROOKFARMS	19950126	9999	72	-33	NA	72	-33	27.4	39.48333	-75.21667
USC00287936	SEABROOKFARMS	19950127	9999	33	-44	NA	33	-44	27.4	39.48333	-75.21667
USC00287936	SEABROOKFARMS	19950128	9999	33	-28	NA	33	-28	27.4	39.48333	-75.21667
USC00287936	SEABROOKFARMS	19950129	9999	-6	-72	NA	-6	-72	27.4	39.48333	-75.21667
USC00287936	SEABROOKFARMS	19950130	9999	33	-67	NA	33	-67	27.4	39.48333	-75.21667
USC00287936	SEABROOKFARMS	19950131	9999	50	-44	NA	50	-44	27.4	39.48333	-75.21667
USC00287936	SEABROOKFARMS	19960101	9999	106	6	NA	106	6	27.4	39.48333	-75.21667
USC00287936	SEABROOKFARMS	19960102	9999	61	17	NA	61	17	27.4	39.48333	-75.21667
USC00287936	SEABROOKFARMS	19960103	9999	56	6	NA	56	6	27.4	39.48333	-75.21667
USC00287936	SEABROOKFARMS	19960104	9999	17	-89	NA	17	-89	27.4	39.48333	-75.21667
USC00287936	SEABROOKFARMS	19960105	9999	-28	-83	NA	-28	-83	27.4	39.48333	-75.21667
USC00287936	SEABROOKFARMS	19960106	9999	-17	-117	NA	-17	-117	27.4	39.48333	-75.21667
USC00287936	SEABROOKFARMS	19960107	9999	-22	-133	NA	-22	-133	27.4	39.48333	-75.21667
USC00287936	SEABROOKFARMS	19960108	9999	-17	-117	NA	-17	-117	27.4	39.48333	-75.21667
USC00287936	SEABROOKFARMS	19960109	9999	-17	-117	NA	-17	-117	27.4	39.48333	-75.21667
USC00287936	SEABROOKFARMS	19960110	9999	-11	-61	NA	-11	-61	27.4	39.48333	-75.21667
USC00287936	SEABROOKFARMS	19960111	9999	6	-128	NA	6	-128	27.4	39.48333	-75.21667
USC00287936	SEABROOKFARMS	19960112	9999	-44	-100	NA	-44	-100	27.4	39.48333	-75.21667
USC00287936	SEABROOKFARMS	19960113	9999	61	-56	NA	61	-56	27.4	39.48333	-75.21667
USC00287936	SEABROOKFARMS	19960114	9999	6	-33	NA	6	-33	27.4	39.48333	-75.21667
USC00287936	SEABROOKFARMS	19960115	9999	39	-22	NA	39	-22	27.4	39.48333	-75.21667
USC00287936	SEABROOKFARMS	19960116	9999	61	-78	NA	61	-78	27.4	39.48333	-75.21667
USC00287936	SEABROOKFARMS	19960117	9999	17	-67	NA	17	-67	27.4	39.48333	-75.21667
USC00287936	SEABROOKFARMS	19960118	9999	61	-6	NA	61	-6	27.4	39.48333	-75.21667
USC00287936	SEABROOKFARMS	19960119	9999	161	33	NA	161	33	27.4	39.48333	-75.21667
USC00287936	SEABROOKFARMS	19960120	9999	161	-78	NA	161	-78	27.4	39.48333	-75.21667
USC00287936	SEABROOKFARMS	19960121	9999	-11	-61	NA	-11	-61	27.4	39.48333	-75.21667
USC00287936	SEABROOKFARMS	19960122	9999	11	-22	NA	11	-22	27.4	39.48333	-75.21667
USC00287936	SEABROOKFARMS	19960123	9999	44	-11	NA	44	-11	27.4	39.48333	-75.21667
USC00287936	SEABROOKFARMS	19960124	9999	106	17	NA	106	17	27.4	39.48333	-75.21667
USC00287936	SEABROOKFARMS	19960125	9999	133	-22	NA	133	-22	27.4	39.48333	-75.21667
USC00287936	SEABROOKFARMS	19960126	9999	11	-56	NA	11	-56	27.4	39.48333	-75.21667
USC00287936	SEABROOKFARMS	19960127	9999	139	-33	NA	139	-33	27.4	39.48333	-75.21667
USC00287936	SEABROOKFARMS	19960128	9999	128	-17	NA	128	-17	27.4	39.48333	-75.21667
USC00287936	SEABROOKFARMS	19960129	9999	17	-56	NA	17	-56	27.4	39.48333	-75.21667
USC00287936	SEABROOKFARMS	19960130	9999	33	-17	NA	33	-17	27.4	39.48333	-75.21667
USC00287936	SEABROOKFARMS	19960131	9999	78	-6	NA	78	-6	27.4	39.48333	-75.21667
USC00287936	SEABROOKFARMS	19970101	9999	56	-89	NA	56	-89	27.4	39.48333	-75.21667
USC00287936	SEABROOKFARMS	19970102	9999	56	-89	NA	56	-89	27.4	39.48333	-75.21667
USC00287936	SEABROOKFARMS	19970103	9999	89	28	NA	89	28	27.4	39.48333	-75.21667
USC00287936	SEABROOKFARMS	19970104	9999	144	83	NA	144	83	27.4	39.48333	-75.21667
USC00287936	SEABROOKFARMS	19970105	9999	144	78	NA	144	78	27.4	39.48333	-75.21667
USC00287936	SEABROOKFARMS	19970106	9999	172	67	NA	172	67	27.4	39.48333	-75.21667
USC00287936	SEABROOKFARMS	19970107	9999	117	-6	NA	117	-6	27.4	39.48333	-75.21667
USC00287936	SEABROOKFARMS	19970108	9999	33	-39	NA	33	-39	27.4	39.48333	-75.21667
USC00287936	SEABROOKFARMS	19970109	9999	28	-28	NA	28	-28	27.4	39.48333	-75.21667
USC00287936	SEABROOKFARMS	19970110	9999	28	-33	NA	28	-33	27.4	39.48333	-75.21667
USC00287936	SEABROOKFARMS	19970111	9999	56	-50	NA	56	-50	27.4	39.48333	-75.21667
USC00287936	SEABROOKFARMS	19970112	9999	-22	-89	NA	-22	-89	27.4	39.48333	-75.21667
USC00287936	SEABROOKFARMS	19970113	9999	-22	-89	NA	-22	-89	27.4	39.48333	-75.21667
USC00287936	SEABROOKFARMS	19970114	9999	-33	-89	NA	-33	-89	27.4	39.48333	-75.21667
USC00287936	SEABROOKFARMS	19970115	9999	-22	-106	NA	-22	-106	27.4	39.48333	-75.21667
USC00287936	SEABROOKFARMS	19970116	9999	83	-94	NA	83	-94	27.4	39.48333	-75.21667
USC00287936	SEABROOKFARMS	19970117	9999	78	-111	NA	78	-111	27.4	39.48333	-75.21667
USC00287936	SEABROOKFARMS	19970118	9999	-83	-111	NA	-83	-111	27.4	39.48333	-75.21667
USC00287936	SEABROOKFARMS	19970119	9999	-78	-139	NA	-78	-139	27.4	39.48333	-75.21667
USC00287936	SEABROOKFARMS	19970120	9999	-56	-117	NA	-56	-117	27.4	39.48333	-75.21667
USC00287936	SEABROOKFARMS	19970121	9999	17	-56	NA	17	-56	27.4	39.48333	-75.21667
USC00287936	SEABROOKFARMS	19970122	9999	44	-22	NA	44	-22	27.4	39.48333	-75.21667
USC00287936	SEABROOKFARMS	19970123	9999	117	6	NA	117	6	27.4	39.48333	-75.21667
USC00287936	SEABROOKFARMS	19970124	9999	133	-28	NA	133	-28	27.4	39.48333	-75.21667
USC00287936	SEABROOKFARMS	19970125	9999	111	-17	NA	111	-17	27.4	39.48333	-75.21667
USC00287936	SEABROOKFARMS	19970126	9999	111	-28	NA	111	-28	27.4	39.48333	-75.21667
USC00287936	SEABROOKFARMS	19970127	9999	6	-56	NA	6	-56	27.4	39.48333	-75.21667
USC00287936	SEABROOKFARMS	19970128	9999	100	-56	NA	100	-56	27.4	39.48333	-75.21667
USC00287936	SEABROOKFARMS	19970129	9999	100	-39	NA	100	-39	27.4	39.48333	-75.21667
USC00287936	SEABROOKFARMS	19970130	9999	6	-61	NA	6	-61	27.4	39.48333	-75.21667
USC00287936	SEABROOKFARMS	19970131	9999	50	-33	NA	50	-33	27.4	39.48333	-75.21667
USC00287936	SEABROOKFARMS	19980101	9999	17	-89	NA	17	-89	27.4	39.48333	-75.21667
USC00287936	SEABROOKFARMS	19980102	9999	17	-72	NA	17	-72	27.4	39.48333	-75.21667
USC00287936	SEABROOKFARMS	19980103	9999	122	17	NA	122	17	27.4	39.48333	-75.21667
USC00287936	SEABROOKFARMS	19980104	9999	150	39	NA	150	39	27.4	39.48333	-75.21667
USC00287936	SEABROOKFARMS	19980105	9999	183	33	NA	183	33	27.4	39.48333	-75.21667
USC00287936	SEABROOKFARMS	19980106	9999	172	11	NA	172	11	27.4	39.48333	-75.21667
USC00287936	SEABROOKFARMS	19980107	9999	161	128	NA	161	128	27.4	39.48333	-75.21667
USC00287936	SEABROOKFARMS	19980108	9999	172	144	NA	172	144	27.4	39.48333	-75.21667
USC00287936	SEABROOKFARMS	19980109	9999	200	139	NA	200	139	27.4	39.48333	-75.21667
USC00287936	SEABROOKFARMS	19980110	9999	200	17	NA	200	17	27.4	39.48333	-75.21667
USC00287936	SEABROOKFARMS	19980111	9999	94	-6	NA	94	-6	27.4	39.48333	-75.21667
USC00287936	SEABROOKFARMS	19980112	9999	100	-17	NA	100	-17	27.4	39.48333	-75.21667
USC00287936	SEABROOKFARMS	19980113	9999	78	-17	NA	78	-17	27.4	39.48333	-75.21667
USC00287936	SEABROOKFARMS	19980114	9999	100	-39	NA	100	-39	27.4	39.48333	-75.21667
USC00287936	SEABROOKFARMS	19980115	9999	17	-44	NA	17	-44	27.4	39.48333	-75.21667
USC00287936	SEABROOKFARMS	19980116	9999	106	-11	NA	106	-11	27.4	39.48333	-75.21667
USC00287936	SEABROOKFARMS	19980117	9999	44	-11	NA	44	-11	27.4	39.48333	-75.21667
USC00287936	SEABROOKFARMS	19980118	9999	67	-11	NA	67	-11	27.4	39.48333	-75.21667
USC00287936	SEABROOKFARMS	19980119	9999	33	-17	NA	33	-17	27.4	39.48333	-75.21667
USC00287936	SEABROOKFARMS	19980120	9999	39	0	NA	39	0	27.4	39.48333	-75.21667
USC00287936	SEABROOKFARMS	19980121	9999	33	-44	NA	33	-44	27.4	39.48333	-75.21667
USC00287936	SEABROOKFARMS	19980122	9999	33	-33	NA	33	-33	27.4	39.48333	-75.21667
USC00287936	SEABROOKFARMS	19980123	9999	61	-28	NA	61	-28	27.4	39.48333	-75.21667
USC00287936	SEABROOKFARMS	19980124	9999	128	-28	NA	128	-28	27.4	39.48333	-75.21667
USC00287936	SEABROOKFARMS	19980125	9999	94	0	NA	94	0	27.4	39.48333	-75.21667
USC00287936	SEABROOKFARMS	19980126	9999	44	-22	NA	44	-22	27.4	39.48333	-75.21667
USC00287936	SEABROOKFARMS	19980127	9999	56	-17	NA	56	-17	27.4	39.48333	-75.21667
USC00287936	SEABROOKFARMS	19980128	9999	83	11	NA	83	11	27.4	39.48333	-75.21667
USC00287936	SEABROOKFARMS	19980129	9999	28	0	NA	28	0	27.4	39.48333	-75.21667
USC00287936	SEABROOKFARMS	19980130	9999	117	11	NA	117	11	27.4	39.48333	-75.21667
USC00287936	SEABROOKFARMS	19980131	9999	72	17	NA	72	17	27.4	39.48333	-75.21667
USC00287936	SEABROOKFARMS	19990101	9999	-33	-83	NA	-33	-83	27.4	39.48333	-75.21667
USC00287936	SEABROOKFARMS	19990102	9999	-6	-117	NA	-6	-117	27.4	39.48333	-75.21667
USC00287936	SEABROOKFARMS	19990103	9999	133	-111	NA	133	-111	27.4	39.48333	-75.21667
USC00287936	SEABROOKFARMS	19990104	9999	139	-44	NA	139	-44	27.4	39.48333	-75.21667
USC00287936	SEABROOKFARMS	19990105	9999	-11	-89	NA	-11	-89	27.4	39.48333	-75.21667
USC00287936	SEABROOKFARMS	19990106	9999	-11	-111	NA	-11	-111	27.4	39.48333	-75.21667
USC00287936	SEABROOKFARMS	19990107	9999	17	-100	NA	17	-100	27.4	39.48333	-75.21667
USC00287936	SEABROOKFARMS	19990108	9999	22	-56	NA	22	-56	27.4	39.48333	-75.21667
USC00287936	SEABROOKFARMS	19990109	9999	11	-61	NA	11	-61	27.4	39.48333	-75.21667
USC00287936	SEABROOKFARMS	19990110	9999	117	-61	NA	117	-61	27.4	39.48333	-75.21667
USC00287936	SEABROOKFARMS	19990111	9999	-17	-61	NA	-17	-61	27.4	39.48333	-75.21667
USC00287936	SEABROOKFARMS	19990112	9999	56	-67	NA	56	-67	27.4	39.48333	-75.21667
USC00287936	SEABROOKFARMS	19990113	9999	128	50	NA	128	50	27.4	39.48333	-75.21667
USC00287936	SEABROOKFARMS	19990114	9999	128	-33	NA	128	-33	27.4	39.48333	-75.21667
USC00287936	SEABROOKFARMS	19990115	9999	133	-33	NA	133	-33	27.4	39.48333	-75.21667
USC00287936	SEABROOKFARMS	19990116	9999	56	-44	NA	56	-44	27.4	39.48333	-75.21667
USC00287936	SEABROOKFARMS	19990117	9999	94	-22	NA	94	-22	27.4	39.48333	-75.21667
USC00287936	SEABROOKFARMS	19990118	9999	150	-22	NA	150	-22	27.4	39.48333	-75.21667
USC00287936	SEABROOKFARMS	19990119	9999	144	22	NA	144	22	27.4	39.48333	-75.21667
USC00287936	SEABROOKFARMS	19990120	9999	100	28	NA	100	28	27.4	39.48333	-75.21667
USC00287936	SEABROOKFARMS	19990121	9999	89	0	NA	89	0	27.4	39.48333	-75.21667
USC00287936	SEABROOKFARMS	19990122	9999	117	28	NA	117	28	27.4	39.48333	-75.21667
USC00287936	SEABROOKFARMS	19990123	9999	111	67	NA	111	67	27.4	39.48333	-75.21667
USC00287936	SEABROOKFARMS	19990124	9999	211	111	NA	211	111	27.4	39.48333	-75.21667
USC00287936	SEABROOKFARMS	19990125	9999	161	6	NA	161	6	27.4	39.48333	-75.21667
USC00287936	SEABROOKFARMS	19990126	9999	78	-11	NA	78	-11	27.4	39.48333	-75.21667
USC00287936	SEABROOKFARMS	19990127	9999	72	-28	NA	72	-28	27.4	39.48333	-75.21667
USC00287936	SEABROOKFARMS	19990128	9999	106	-6	NA	106	-6	27.4	39.48333	-75.21667
USC00287936	SEABROOKFARMS	19990129	9999	117	17	NA	117	17	27.4	39.48333	-75.21667
USC00287936	SEABROOKFARMS	19990130	9999	67	-39	NA	67	-39	27.4	39.48333	-75.21667
USC00287936	SEABROOKFARMS	19990131	9999	56	-72	NA	56	-72	27.4	39.48333	-75.21667
USC00287936	SEABROOKFARMS	20000101	9999	89	-22	NA	89	-22	27.4	39.48333	-75.21667
USC00287936	SEABROOKFARMS	20000102	9999	100	-17	NA	100	-17	27.4	39.48333	-75.21667
USC00287936	SEABROOKFARMS	20000103	9999	189	94	NA	189	94	27.4	39.48333	-75.21667
USC00287936	SEABROOKFARMS	20000104	9999	183	128	NA	183	128	27.4	39.48333	-75.21667
USC00287936	SEABROOKFARMS	20000105	9999	194	28	NA	194	28	27.4	39.48333	-75.21667
USC00287936	SEABROOKFARMS	20000106	9999	56	-44	NA	56	-44	27.4	39.48333	-75.21667
USC00287936	SEABROOKFARMS	20000107	9999	72	-33	NA	72	-33	27.4	39.48333	-75.21667
USC00287936	SEABROOKFARMS	20000108	9999	111	-39	NA	111	-39	27.4	39.48333	-75.21667
USC00287936	SEABROOKFARMS	20000109	9999	50	-39	NA	50	-39	27.4	39.48333	-75.21667
USC00287936	SEABROOKFARMS	20000110	9999	94	22	NA	94	22	27.4	39.48333	-75.21667
USC00287936	SEABROOKFARMS	20000111	9999	144	67	NA	144	67	27.4	39.48333	-75.21667
USC00287936	SEABROOKFARMS	20000112	9999	144	17	NA	144	17	27.4	39.48333	-75.21667
USC00287936	SEABROOKFARMS	20000113	9999	94	0	NA	94	0	27.4	39.48333	-75.21667
USC00287936	SEABROOKFARMS	20000114	9999	94	-78	NA	94	-78	27.4	39.48333	-75.21667
USC00287936	SEABROOKFARMS	20000115	9999	-28	-89	NA	-28	-89	27.4	39.48333	-75.21667
USC00287936	SEABROOKFARMS	20000116	9999	28	-67	NA	28	-67	27.4	39.48333	-75.21667
USC00287936	SEABROOKFARMS	20000117	9999	122	-106	NA	122	-106	27.4	39.48333	-75.21667
USC00287936	SEABROOKFARMS	20000118	9999	-61	-133	NA	-61	-133	27.4	39.48333	-75.21667
USC00287936	SEABROOKFARMS	20000119	9999	-61	-133	NA	-61	-133	27.4	39.48333	-75.21667
USC00287936	SEABROOKFARMS	20000120	9999	11	-72	NA	11	-72	27.4	39.48333	-75.21667
USC00287936	SEABROOKFARMS	20000121	9999	-6	-100	NA	-6	-100	27.4	39.48333	-75.21667
USC00287936	SEABROOKFARMS	20000122	9999	-67	-122	NA	-67	-122	27.4	39.48333	-75.21667
USC00287936	SEABROOKFARMS	20000123	9999	-61	-111	NA	-61	-111	27.4	39.48333	-75.21667
USC00287936	SEABROOKFARMS	20000124	9999	-22	-67	NA	-22	-67	27.4	39.48333	-75.21667
USC00287936	SEABROOKFARMS	20000125	9999	33	-39	NA	33	-39	27.4	39.48333	-75.21667
USC00287936	SEABROOKFARMS	20000126	9999	-6	-61	NA	-6	-61	27.4	39.48333	-75.21667
USC00287936	SEABROOKFARMS	20000127	9999	-6	-100	NA	-6	-100	27.4	39.48333	-75.21667
USC00287936	SEABROOKFARMS	20000128	9999	-67	-144	NA	-67	-144	27.4	39.48333	-75.21667
USC00287936	SEABROOKFARMS	20000129	9999	-50	-144	NA	-50	-144	27.4	39.48333	-75.21667
USC00287936	SEABROOKFARMS	20000130	9999	0	-150	NA	0	-150	27.4	39.48333	-75.21667
USC00287936	SEABROOKFARMS	20000131	9999	61	-72	NA	61	-72	27.4	39.48333	-75.21667
USC00287936	SEABROOKFARMS	20010101	9999	11	-67	NA	11	-67	27.4	39.48333	-75.21667
USC00287936	SEABROOKFARMS	20010102	9999	11	-67	NA	11	-67	27.4	39.48333	-75.21667
USC00287936	SEABROOKFARMS	20010103	9999	-28	-106	NA	-28	-106	27.4	39.48333	-75.21667
USC00287936	SEABROOKFARMS	20010104	9999	0	-106	NA	0	-106	27.4	39.48333	-75.21667
USC00287936	SEABROOKFARMS	20010105	9999	17	-89	NA	17	-89	27.4	39.48333	-75.21667
USC00287936	SEABROOKFARMS	20010106	9999	0	-50	NA	0	-50	27.4	39.48333	-75.21667
USC00287936	SEABROOKFARMS	20010107	9999	28	-61	NA	28	-61	27.4	39.48333	-75.21667
USC00287936	SEABROOKFARMS	20010108	9999	78	-17	NA	78	-17	27.4	39.48333	-75.21667
USC00287936	SEABROOKFARMS	20010109	9999	33	0	NA	33	0	27.4	39.48333	-75.21667
USC00287936	SEABROOKFARMS	20010110	9999	0	-44	NA	0	-44	27.4	39.48333	-75.21667
USC00287936	SEABROOKFARMS	20010111	9999	28	-22	NA	28	-22	27.4	39.48333	-75.21667
USC00287936	SEABROOKFARMS	20010112	9999	100	-17	NA	100	-17	27.4	39.48333	-75.21667
USC00287936	SEABROOKFARMS	20010113	9999	67	-50	NA	67	-50	27.4	39.48333	-75.21667
USC00287936	SEABROOKFARMS	20010114	9999	67	-50	NA	67	-50	27.4	39.48333	-75.21667
USC00287936	SEABROOKFARMS	20010115	9999	56	-33	NA	56	-33	27.4	39.48333	-75.21667
USC00287936	SEABROOKFARMS	20010116	9999	39	17	NA	39	17	27.4	39.48333	-75.21667
USC00287936	SEABROOKFARMS	20010117	9999	78	-33	NA	78	-33	27.4	39.48333	-75.21667
USC00287936	SEABROOKFARMS	20010118	9999	56	-33	NA	56	-33	27.4	39.48333	-75.21667
USC00287936	SEABROOKFARMS	20010119	9999	39	-33	NA	39	-33	27.4	39.48333	-75.21667
USC00287936	SEABROOKFARMS	20010120	9999	56	17	NA	56	17	27.4	39.48333	-75.21667
USC00287936	SEABROOKFARMS	20010121	9999	22	-56	NA	22	-56	27.4	39.48333	-75.21667
USC00287936	SEABROOKFARMS	20010122	9999	0	-78	NA	0	-78	27.4	39.48333	-75.21667
USC00287936	SEABROOKFARMS	20010123	9999	11	-94	NA	11	-94	27.4	39.48333	-75.21667
USC00287936	SEABROOKFARMS	20010124	9999	17	-67	NA	17	-67	27.4	39.48333	-75.21667
USC00287936	SEABROOKFARMS	20010125	9999	56	-22	NA	56	-22	27.4	39.48333	-75.21667
USC00287936	SEABROOKFARMS	20010126	9999	39	-56	NA	39	-56	27.4	39.48333	-75.21667
USC00287936	SEABROOKFARMS	20010127	9999	17	-50	NA	17	-50	27.4	39.48333	-75.21667
USC00287936	SEABROOKFARMS	20010128	9999	61	-33	NA	61	-33	27.4	39.48333	-75.21667
USC00287936	SEABROOKFARMS	20010129	9999	33	-44	NA	33	-44	27.4	39.48333	-75.21667
USC00287936	SEABROOKFARMS	20010130	9999	61	-39	NA	61	-39	27.4	39.48333	-75.21667
USC00287936	SEABROOKFARMS	20010131	9999	144	17	NA	144	17	27.4	39.48333	-75.21667
USC00287936	SEABROOKFARMS	20020101	9999	-6	-83	NA	-6	-83	27.4	39.48333	-75.21667
USC00287936	SEABROOKFARMS	20020102	9999	6	-72	NA	6	-72	27.4	39.48333	-75.21667
USC00287936	SEABROOKFARMS	20020103	9999	28	-61	NA	28	-61	27.4	39.48333	-75.21667
USC00287936	SEABROOKFARMS	20020104	9999	11	-50	NA	11	-50	27.4	39.48333	-75.21667
USC00287936	SEABROOKFARMS	20020105	9999	39	-28	NA	39	-28	27.4	39.48333	-75.21667
USC00287936	SEABROOKFARMS	20020106	9999	72	-17	NA	72	-17	27.4	39.48333	-75.21667
USC00287936	SEABROOKFARMS	20020107	9999	50	-6	NA	50	-6	27.4	39.48333	-75.21667
USC00287936	SEABROOKFARMS	20020108	9999	17	-39	NA	17	-39	27.4	39.48333	-75.21667
USC00287936	SEABROOKFARMS	20020109	9999	28	-33	NA	28	-33	27.4	39.48333	-75.21667
USC00287936	SEABROOKFARMS	20020110	9999	83	6	NA	83	6	27.4	39.48333	-75.21667
USC00287936	SEABROOKFARMS	20020111	9999	117	11	NA	117	11	27.4	39.48333	-75.21667
USC00287936	SEABROOKFARMS	20020112	9999	78	-6	NA	78	-6	27.4	39.48333	-75.21667
USC00287936	SEABROOKFARMS	20020113	9999	89	6	NA	89	6	27.4	39.48333	-75.21667
USC00287936	SEABROOKFARMS	20020114	9999	67	-22	NA	67	-22	27.4	39.48333	-75.21667
USC00287936	SEABROOKFARMS	20020115	9999	89	-17	NA	89	-17	27.4	39.48333	-75.21667
USC00287936	SEABROOKFARMS	20020116	9999	122	-22	NA	122	-22	27.4	39.48333	-75.21667
USC00287936	SEABROOKFARMS	20020117	9999	72	6	NA	72	6	27.4	39.48333	-75.21667
USC00287936	SEABROOKFARMS	20020118	9999	67	-6	NA	67	-6	27.4	39.48333	-75.21667
USC00287936	SEABROOKFARMS	20020119	9999	9999	9999	NA	NA	NA	27.4	39.48333	-75.21667
USC00287936	SEABROOKFARMS	20020122	9999	44	-56	NA	44	-56	27.4	39.48333	-75.21667
USC00287936	SEABROOKFARMS	20020123	9999	89	22	NA	89	22	27.4	39.48333	-75.21667
USC00287936	SEABROOKFARMS	20020124	9999	78	50	NA	78	50	27.4	39.48333	-75.21667
USC00287936	SEABROOKFARMS	20020125	9999	111	28	NA	111	28	27.4	39.48333	-75.21667
USC00287936	SEABROOKFARMS	20020126	9999	89	-6	NA	89	-6	27.4	39.48333	-75.21667
USC00287936	SEABROOKFARMS	20020127	9999	117	6	NA	117	6	27.4	39.48333	-75.21667
USC00287936	SEABROOKFARMS	20020128	9999	161	6	NA	161	6	27.4	39.48333	-75.21667
USC00287936	SEABROOKFARMS	20020129	9999	172	56	NA	172	56	27.4	39.48333	-75.21667
USC00287936	SEABROOKFARMS	20020130	9999	211	67	NA	211	67	27.4	39.48333	-75.21667
USC00287936	SEABROOKFARMS	20020131	9999	200	56	NA	200	56	27.4	39.48333	-75.21667
USC00287936	SEABROOKFARMS	20030101	9999	133	44	NA	133	44	27.4	39.48333	-75.21667
USC00287936	SEABROOKFARMS	20030102	9999	94	28	NA	94	28	27.4	39.48333	-75.21667
USC00287936	SEABROOKFARMS	20030103	9999	61	17	NA	61	17	27.4	39.48333	-75.21667
USC00287936	SEABROOKFARMS	20030104	9999	78	11	NA	78	11	27.4	39.48333	-75.21667
USC00287936	SEABROOKFARMS	20030105	9999	28	-22	NA	28	-22	27.4	39.48333	-75.21667
USC00287936	SEABROOKFARMS	20030106	9999	17	-6	NA	17	-6	27.4	39.48333	-75.21667
USC00287936	SEABROOKFARMS	20030107	9999	17	-44	NA	17	-44	27.4	39.48333	-75.21667
USC00287936	SEABROOKFARMS	20030108	9999	33	-44	NA	33	-44	27.4	39.48333	-75.21667
USC00287936	SEABROOKFARMS	20030109	9999	72	-44	NA	72	-44	27.4	39.48333	-75.21667
USC00287936	SEABROOKFARMS	20030110	9999	133	17	NA	133	17	27.4	39.48333	-75.21667
USC00287936	SEABROOKFARMS	20030111	9999	78	-33	NA	78	-33	27.4	39.48333	-75.21667
USC00287936	SEABROOKFARMS	20030112	9999	6	-50	NA	6	-50	27.4	39.48333	-75.21667
USC00287936	SEABROOKFARMS	20030113	9999	11	-56	NA	11	-56	27.4	39.48333	-75.21667
USC00287936	SEABROOKFARMS	20030114	9999	61	-56	NA	61	-56	27.4	39.48333	-75.21667
USC00287936	SEABROOKFARMS	20030115	9999	0	-56	NA	0	-56	27.4	39.48333	-75.21667
USC00287936	SEABROOKFARMS	20030116	9999	0	-72	NA	0	-72	27.4	39.48333	-75.21667
USC00287936	SEABROOKFARMS	20030117	9999	-17	-67	NA	-17	-67	27.4	39.48333	-75.21667
USC00287936	SEABROOKFARMS	20030118	9999	-6	-133	NA	-6	-133	27.4	39.48333	-75.21667
USC00287936	SEABROOKFARMS	20030119	9999	-56	-111	NA	-56	-111	27.4	39.48333	-75.21667
USC00287936	SEABROOKFARMS	20030120	9999	17	-111	NA	17	-111	27.4	39.48333	-75.21667
USC00287936	SEABROOKFARMS	20030121	9999	28	-67	NA	28	-67	27.4	39.48333	-75.21667
USC00287936	SEABROOKFARMS	20030122	9999	9999	9999	NA	NA	NA	27.4	39.48333	-75.21667
USC00287936	SEABROOKFARMS	20030123	9999	-11	-111	NA	-11	-111	27.4	39.48333	-75.21667
USC00287936	SEABROOKFARMS	20030124	9999	-61	-117	NA	-61	-117	27.4	39.48333	-75.21667
USC00287936	SEABROOKFARMS	20030125	9999	-11	-100	NA	-11	-100	27.4	39.48333	-75.21667
USC00287936	SEABROOKFARMS	20030126	9999	6	-78	NA	6	-78	27.4	39.48333	-75.21667
USC00287936	SEABROOKFARMS	20030127	9999	44	-111	NA	44	-111	27.4	39.48333	-75.21667
USC00287936	SEABROOKFARMS	20030128	9999	-67	-139	NA	-67	-139	27.4	39.48333	-75.21667
USC00287936	SEABROOKFARMS	20030129	9999	-17	-100	NA	-17	-100	27.4	39.48333	-75.21667
USC00287936	SEABROOKFARMS	20030130	9999	6	-44	NA	6	-44	27.4	39.48333	-75.21667
USC00287936	SEABROOKFARMS	20030131	9999	11	-39	NA	11	-39	27.4	39.48333	-75.21667
USC00287936	SEABROOKFARMS	20040101	9999	94	0	NA	94	0	27.4	39.48333	-75.21667
USC00287936	SEABROOKFARMS	20040102	9999	94	0	NA	94	0	27.4	39.48333	-75.21667
USC00287936	SEABROOKFARMS	20040103	9999	94	33	NA	94	33	27.4	39.48333	-75.21667
USC00287936	SEABROOKFARMS	20040104	9999	144	78	NA	144	78	27.4	39.48333	-75.21667
USC00287936	SEABROOKFARMS	20040105	9999	139	44	NA	139	44	27.4	39.48333	-75.21667
USC00287936	SEABROOKFARMS	20040106	9999	78	0	NA	78	0	27.4	39.48333	-75.21667
USC00287936	SEABROOKFARMS	20040107	9999	50	-78	NA	50	-78	27.4	39.48333	-75.21667
USC00287936	SEABROOKFARMS	20040108	9999	-22	-72	NA	-22	-72	27.4	39.48333	-75.21667
USC00287936	SEABROOKFARMS	20040109	9999	-6	-44	NA	-6	-44	27.4	39.48333	-75.21667
USC00287936	SEABROOKFARMS	20040110	9999	-11	-150	NA	-11	-150	27.4	39.48333	-75.21667
USC00287936	SEABROOKFARMS	20040111	9999	-83	-144	NA	-83	-144	27.4	39.48333	-75.21667
USC00287936	SEABROOKFARMS	20040112	9999	6	-139	NA	6	-139	27.4	39.48333	-75.21667
USC00287936	SEABROOKFARMS	20040113	9999	56	0	NA	56	0	27.4	39.48333	-75.21667
USC00287936	SEABROOKFARMS	20040114	9999	72	-83	NA	72	-83	27.4	39.48333	-75.21667
USC00287936	SEABROOKFARMS	20040115	9999	-39	-100	NA	-39	-100	27.4	39.48333	-75.21667
USC00287936	SEABROOKFARMS	20040116	9999	-50	-133	NA	-50	-133	27.4	39.48333	-75.21667
USC00287936	SEABROOKFARMS	20040117	9999	-33	-117	NA	-33	-117	27.4	39.48333	-75.21667
USC00287936	SEABROOKFARMS	20040118	9999	17	-61	NA	17	-61	27.4	39.48333	-75.21667
USC00287936	SEABROOKFARMS	20040119	9999	22	-50	NA	22	-50	27.4	39.48333	-75.21667
USC00287936	SEABROOKFARMS	20040120	9999	-22	-67	NA	-22	-67	27.4	39.48333	-75.21667
USC00287936	SEABROOKFARMS	20040121	9999	-17	-83	NA	-17	-83	27.4	39.48333	-75.21667
USC00287936	SEABROOKFARMS	20040122	9999	-11	-78	NA	-11	-78	27.4	39.48333	-75.21667
USC00287936	SEABROOKFARMS	20040123	9999	44	-100	NA	44	-100	27.4	39.48333	-75.21667
USC00287936	SEABROOKFARMS	20040124	9999	-72	-106	NA	-72	-106	27.4	39.48333	-75.21667
USC00287936	SEABROOKFARMS	20040125	9999	-56	-144	NA	-56	-144	27.4	39.48333	-75.21667
USC00287936	SEABROOKFARMS	20040126	9999	-67	-100	NA	-67	-100	27.4	39.48333	-75.21667
USC00287936	SEABROOKFARMS	20040127	9999	-28	-89	NA	-28	-89	27.4	39.48333	-75.21667
USC00287936	SEABROOKFARMS	20040128	9999	6	-56	NA	6	-56	27.4	39.48333	-75.21667
USC00287936	SEABROOKFARMS	20040129	9999	-28	-89	NA	-28	-89	27.4	39.48333	-75.21667
USC00287936	SEABROOKFARMS	20040130	9999	-6	-83	NA	-6	-83	27.4	39.48333	-75.21667
USC00287936	SEABROOKFARMS	20040131	9999	-39	-117	NA	-39	-117	27.4	39.48333	-75.21667
USC00287936	SEABROOKFARMS	20050101	9999	133	50	NA	133	50	27.4	39.48333	-75.21667
USC00287936	SEABROOKFARMS	20050102	9999	183	11	NA	183	11	27.4	39.48333	-75.21667
USC00287936	SEABROOKFARMS	20050103	9999	89	11	NA	89	11	27.4	39.48333	-75.21667
USC00287936	SEABROOKFARMS	20050104	9999	150	67	NA	150	67	27.4	39.48333	-75.21667
USC00287936	SEABROOKFARMS	20050105	9999	150	67	NA	150	67	27.4	39.48333	-75.21667
USC00287936	SEABROOKFARMS	20050106	9999	72	28	NA	72	28	27.4	39.48333	-75.21667
USC00287936	SEABROOKFARMS	20050107	9999	83	28	NA	83	28	27.4	39.48333	-75.21667
USC00287936	SEABROOKFARMS	20050108	9999	78	28	NA	78	28	27.4	39.48333	-75.21667
USC00287936	SEABROOKFARMS	20050109	9999	78	17	NA	78	17	27.4	39.48333	-75.21667
USC00287936	SEABROOKFARMS	20050110	9999	50	17	NA	50	17	27.4	39.48333	-75.21667
USC00287936	SEABROOKFARMS	20050111	9999	100	6	NA	100	6	27.4	39.48333	-75.21667
USC00287936	SEABROOKFARMS	20050112	9999	67	6	NA	67	6	27.4	39.48333	-75.21667
USC00287936	SEABROOKFARMS	20050113	9999	94	61	NA	94	61	27.4	39.48333	-75.21667
USC00287936	SEABROOKFARMS	20050114	9999	206	83	NA	206	83	27.4	39.48333	-75.21667
USC00287936	SEABROOKFARMS	20050115	9999	133	-17	NA	133	-17	27.4	39.48333	-75.21667
USC00287936	SEABROOKFARMS	20050116	9999	11	-17	NA	11	-17	27.4	39.48333	-75.21667
USC00287936	SEABROOKFARMS	20050117	9999	11	-33	NA	11	-33	27.4	39.48333	-75.21667
USC00287936	SEABROOKFARMS	20050118	9999	-11	-100	NA	-11	-100	27.4	39.48333	-75.21667
USC00287936	SEABROOKFARMS	20050119	9999	-56	-111	NA	-56	-111	27.4	39.48333	-75.21667
USC00287936	SEABROOKFARMS	20050120	9999	-33	-89	NA	-33	-89	27.4	39.48333	-75.21667
USC00287936	SEABROOKFARMS	20050121	9999	6	-94	NA	6	-94	27.4	39.48333	-75.21667
USC00287936	SEABROOKFARMS	20050122	9999	-50	-133	NA	-50	-133	27.4	39.48333	-75.21667
USC00287936	SEABROOKFARMS	20050123	9999	-28	-156	NA	-28	-156	27.4	39.48333	-75.21667
USC00287936	SEABROOKFARMS	20050124	9999	-44	-144	NA	-44	-144	27.4	39.48333	-75.21667
USC00287936	SEABROOKFARMS	20050125	9999	-28	-133	NA	-28	-133	27.4	39.48333	-75.21667
USC00287936	SEABROOKFARMS	20050126	9999	17	-33	NA	17	-33	27.4	39.48333	-75.21667
USC00287936	SEABROOKFARMS	20050127	9999	39	-106	NA	39	-106	27.4	39.48333	-75.21667
USC00287936	SEABROOKFARMS	20050128	9999	-61	-150	NA	-61	-150	27.4	39.48333	-75.21667
USC00287936	SEABROOKFARMS	20050129	9999	-33	-150	NA	-33	-150	27.4	39.48333	-75.21667
USC00287936	SEABROOKFARMS	20050130	9999	-6	-78	NA	-6	-78	27.4	39.48333	-75.21667
USC00287936	SEABROOKFARMS	20050131	9999	11	-44	NA	11	-44	27.4	39.48333	-75.21667
