STATION	NAME	DATE	SNWD	TMAX	TMIN	SNWD2	TMAX2	TMIN2	ELEV	LAT	LONG
USC00367931	SELINSGROVE	19950101	0	17	-94	0	17	-94	128.0	40.7831	-76.8617
USC00367931	SELINSGROVE	19950102	0	61	0	0	61	0	128.0	40.7831	-76.8617
USC00367931	SELINSGROVE	19950103	0	11	-89	0	11	-89	128.0	40.7831	-76.8617
USC00367931	SELINSGROVE	19950104	0	-17	-78	0	-17	-78	128.0	40.7831	-76.8617
USC00367931	SELINSGROVE	19950105	0	-44	-128	0	-44	-128	128.0	40.7831	-76.8617
USC00367931	SELINSGROVE	19950106	0	-56	-144	0	-56	-144	128.0	40.7831	-76.8617
USC00367931	SELINSGROVE	19950107	0	6	-139	0	6	-139	128.0	40.7831	-76.8617
USC00367931	SELINSGROVE	19950108	0	28	-39	0	28	-39	128.0	40.7831	-76.8617
USC00367931	SELINSGROVE	19950109	0	11	-44	0	11	-44	128.0	40.7831	-76.8617
USC00367931	SELINSGROVE	19950110	0	28	-83	0	28	-83	128.0	40.7831	-76.8617
USC00367931	SELINSGROVE	19950111	0	-28	-72	0	-28	-72	128.0	40.7831	-76.8617
USC00367931	SELINSGROVE	19950112	0	6	-28	0	6	-28	128.0	40.7831	-76.8617
USC00367931	SELINSGROVE	19950113	0	39	0	0	39	0	128.0	40.7831	-76.8617
USC00367931	SELINSGROVE	19950114	0	122	0	0	122	0	128.0	40.7831	-76.8617
USC00367931	SELINSGROVE	19950115	0	183	22	0	183	22	128.0	40.7831	-76.8617
USC00367931	SELINSGROVE	19950116	0	167	128	0	167	128	128.0	40.7831	-76.8617
USC00367931	SELINSGROVE	19950117	0	133	33	0	133	33	128.0	40.7831	-76.8617
USC00367931	SELINSGROVE	19950118	0	72	22	0	72	22	128.0	40.7831	-76.8617
USC00367931	SELINSGROVE	19950119	0	56	28	0	56	28	128.0	40.7831	-76.8617
USC00367931	SELINSGROVE	19950120	0	83	44	0	83	44	128.0	40.7831	-76.8617
USC00367931	SELINSGROVE	19950121	0	83	28	0	83	28	128.0	40.7831	-76.8617
USC00367931	SELINSGROVE	19950122	0	39	-33	0	39	-33	128.0	40.7831	-76.8617
USC00367931	SELINSGROVE	19950123	0	-17	-61	0	-17	-61	128.0	40.7831	-76.8617
USC00367931	SELINSGROVE	19950124	0	11	-67	0	11	-67	128.0	40.7831	-76.8617
USC00367931	SELINSGROVE	19950125	0	22	-22	0	22	-22	128.0	40.7831	-76.8617
USC00367931	SELINSGROVE	19950126	0	17	-39	0	17	-39	128.0	40.7831	-76.8617
USC00367931	SELINSGROVE	19950127	0	17	-39	0	17	-39	128.0	40.7831	-76.8617
USC00367931	SELINSGROVE	19950128	0	11	-56	0	11	-56	128.0	40.7831	-76.8617
USC00367931	SELINSGROVE	19950129	0	-28	-111	0	-28	-111	128.0	40.7831	-76.8617
USC00367931	SELINSGROVE	19950130	0	0	-111	0	0	-111	128.0	40.7831	-76.8617
USC00367931	SELINSGROVE	19950131	0	28	-94	0	28	-94	128.0	40.7831	-76.8617
USC00367931	SELINSGROVE	19960101	152	44	-67	152	44	-67	128.0	40.7831	-76.8617
USC00367931	SELINSGROVE	19960102	152	22	-6	152	22	-6	128.0	40.7831	-76.8617
USC00367931	SELINSGROVE	19960103	279	0	-50	279	0	-50	128.0	40.7831	-76.8617
USC00367931	SELINSGROVE	19960104	279	-17	-133	279	-17	-133	128.0	40.7831	-76.8617
USC00367931	SELINSGROVE	19960105	279	-50	-144	279	-50	-144	128.0	40.7831	-76.8617
USC00367931	SELINSGROVE	19960106	279	-44	-172	279	-44	-172	128.0	40.7831	-76.8617
USC00367931	SELINSGROVE	19960107	279	-100	-189	279	-100	-189	128.0	40.7831	-76.8617
USC00367931	SELINSGROVE	19960108	686	-89	-128	686	-89	-128	128.0	40.7831	-76.8617
USC00367931	SELINSGROVE	19960109	686	-44	-178	686	-44	-178	128.0	40.7831	-76.8617
USC00367931	SELINSGROVE	19960110	660	-33	-178	660	-33	-178	128.0	40.7831	-76.8617
USC00367931	SELINSGROVE	19960111	635	-33	-200	635	-33	-200	128.0	40.7831	-76.8617
USC00367931	SELINSGROVE	19960112	635	-78	-206	635	-78	-206	128.0	40.7831	-76.8617
USC00367931	SELINSGROVE	19960113	1143	-22	-94	1143	-22	-94	128.0	40.7831	-76.8617
USC00367931	SELINSGROVE	19960114	1118	11	-122	1118	11	-122	128.0	40.7831	-76.8617
USC00367931	SELINSGROVE	19960115	1041	33	-72	1041	33	-72	128.0	40.7831	-76.8617
USC00367931	SELINSGROVE	19960116	991	33	-178	991	33	-178	128.0	40.7831	-76.8617
USC00367931	SELINSGROVE	19960117	940	-17	-172	940	-17	-172	128.0	40.7831	-76.8617
USC00367931	SELINSGROVE	19960118	686	56	-17	686	56	-17	128.0	40.7831	-76.8617
USC00367931	SELINSGROVE	19960119	279	133	6	279	133	6	128.0	40.7831	-76.8617
USC00367931	SELINSGROVE	19960120	51	156	-106	51	156	-106	128.0	40.7831	-76.8617
USC00367931	SELINSGROVE	19960121	51	-22	-106	51	-22	-106	128.0	40.7831	-76.8617
USC00367931	SELINSGROVE	19960122	51	-17	-106	51	-17	-106	128.0	40.7831	-76.8617
USC00367931	SELINSGROVE	19960123	51	22	-100	51	22	-100	128.0	40.7831	-76.8617
USC00367931	SELINSGROVE	19960124	51	17	-33	51	17	-33	128.0	40.7831	-76.8617
USC00367931	SELINSGROVE	19960125	51	72	-50	51	72	-50	128.0	40.7831	-76.8617
USC00367931	SELINSGROVE	19960126	51	-22	-67	51	-22	-67	128.0	40.7831	-76.8617
USC00367931	SELINSGROVE	19960127	51	100	-44	51	100	-44	128.0	40.7831	-76.8617
USC00367931	SELINSGROVE	19960128	0	117	-39	0	117	-39	128.0	40.7831	-76.8617
USC00367931	SELINSGROVE	19960129	0	0	-56	0	0	-56	128.0	40.7831	-76.8617
USC00367931	SELINSGROVE	19960130	0	6	-50	0	6	-50	128.0	40.7831	-76.8617
USC00367931	SELINSGROVE	19960131	51	44	-72	51	44	-72	128.0	40.7831	-76.8617
USC00367931	SELINSGROVE	19970101	0	17	-94	0	17	-94	128.0	40.7831	-76.8617
USC00367931	SELINSGROVE	19970102	0	-17	-94	0	-17	-94	128.0	40.7831	-76.8617
USC00367931	SELINSGROVE	19970103	0	44	-17	0	44	-17	128.0	40.7831	-76.8617
USC00367931	SELINSGROVE	19970104	0	167	22	0	167	22	128.0	40.7831	-76.8617
USC00367931	SELINSGROVE	19970105	0	94	44	0	94	44	128.0	40.7831	-76.8617
USC00367931	SELINSGROVE	19970106	0	122	39	0	122	39	128.0	40.7831	-76.8617
USC00367931	SELINSGROVE	19970107	0	56	-39	0	56	-39	128.0	40.7831	-76.8617
USC00367931	SELINSGROVE	19970108	0	-6	-44	0	-6	-44	128.0	40.7831	-76.8617
USC00367931	SELINSGROVE	19970109	0	17	-50	0	17	-50	128.0	40.7831	-76.8617
USC00367931	SELINSGROVE	19970110	76	-17	-56	76	-17	-56	128.0	40.7831	-76.8617
USC00367931	SELINSGROVE	19970111	51	22	-78	51	22	-78	128.0	40.7831	-76.8617
USC00367931	SELINSGROVE	19970112	51	-56	-106	51	-56	-106	128.0	40.7831	-76.8617
USC00367931	SELINSGROVE	19970113	51	-61	-111	51	-61	-111	128.0	40.7831	-76.8617
USC00367931	SELINSGROVE	19970114	25	-50	-111	25	-50	-111	128.0	40.7831	-76.8617
USC00367931	SELINSGROVE	19970115	25	-39	-144	25	-39	-144	128.0	40.7831	-76.8617
USC00367931	SELINSGROVE	19970116	76	22	-150	76	22	-150	128.0	40.7831	-76.8617
USC00367931	SELINSGROVE	19970117	102	28	-150	102	28	-150	128.0	40.7831	-76.8617
USC00367931	SELINSGROVE	19970118	102	-122	-161	102	-122	-161	128.0	40.7831	-76.8617
USC00367931	SELINSGROVE	19970119	102	-111	-200	102	-111	-200	128.0	40.7831	-76.8617
USC00367931	SELINSGROVE	19970120	102	-72	-206	102	-72	-206	128.0	40.7831	-76.8617
USC00367931	SELINSGROVE	19970121	102	11	-83	102	11	-83	128.0	40.7831	-76.8617
USC00367931	SELINSGROVE	19970122	76	17	-83	76	17	-83	128.0	40.7831	-76.8617
USC00367931	SELINSGROVE	19970123	51	50	-6	51	50	-6	128.0	40.7831	-76.8617
USC00367931	SELINSGROVE	19970124	51	61	-72	51	61	-72	128.0	40.7831	-76.8617
USC00367931	SELINSGROVE	19970125	25	28	-78	25	28	-78	128.0	40.7831	-76.8617
USC00367931	SELINSGROVE	19970126	0	56	-56	0	56	-56	128.0	40.7831	-76.8617
USC00367931	SELINSGROVE	19970127	0	-28	-61	0	-28	-61	128.0	40.7831	-76.8617
USC00367931	SELINSGROVE	19970128	25	17	-50	25	17	-50	128.0	40.7831	-76.8617
USC00367931	SELINSGROVE	19970129	25	28	-89	25	28	-89	128.0	40.7831	-76.8617
USC00367931	SELINSGROVE	19970130	25	-44	-100	25	-44	-100	128.0	40.7831	-76.8617
USC00367931	SELINSGROVE	19970131	25	0	-94	25	0	-94	128.0	40.7831	-76.8617
USC00367931	SELINSGROVE	19980101	127	-33	-156	127	-33	-156	128.0	40.7831	-76.8617
USC00367931	SELINSGROVE	19980102	127	-11	-150	127	-11	-150	128.0	40.7831	-76.8617
USC00367931	SELINSGROVE	19980103	51	78	-39	51	78	-39	128.0	40.7831	-76.8617
USC00367931	SELINSGROVE	19980104	0	106	17	0	106	17	128.0	40.7831	-76.8617
USC00367931	SELINSGROVE	19980105	0	133	0	0	133	0	128.0	40.7831	-76.8617
USC00367931	SELINSGROVE	19980106	0	144	-6	0	144	-6	128.0	40.7831	-76.8617
USC00367931	SELINSGROVE	19980107	0	133	89	0	133	89	128.0	40.7831	-76.8617
USC00367931	SELINSGROVE	19980108	0	178	89	0	178	89	128.0	40.7831	-76.8617
USC00367931	SELINSGROVE	19980109	0	178	117	0	178	117	128.0	40.7831	-76.8617
USC00367931	SELINSGROVE	19980110	0	167	22	0	167	22	128.0	40.7831	-76.8617
USC00367931	SELINSGROVE	19980111	0	83	-6	0	83	-6	128.0	40.7831	-76.8617
USC00367931	SELINSGROVE	19980112	0	78	-39	0	78	-39	128.0	40.7831	-76.8617
USC00367931	SELINSGROVE	19980113	0	39	-44	0	39	-44	128.0	40.7831	-76.8617
USC00367931	SELINSGROVE	19980114	0	50	-67	0	50	-67	128.0	40.7831	-76.8617
USC00367931	SELINSGROVE	19980115	0	0	-67	0	0	-67	128.0	40.7831	-76.8617
USC00367931	SELINSGROVE	19980116	0	17	-22	0	17	-22	128.0	40.7831	-76.8617
USC00367931	SELINSGROVE	19980117	0	39	0	0	39	0	128.0	40.7831	-76.8617
USC00367931	SELINSGROVE	19980118	0	28	0	0	28	0	128.0	40.7831	-76.8617
USC00367931	SELINSGROVE	19980119	0	33	-11	0	33	-11	128.0	40.7831	-76.8617
USC00367931	SELINSGROVE	19980120	0	6	-28	0	6	-28	128.0	40.7831	-76.8617
USC00367931	SELINSGROVE	19980121	0	17	-50	0	17	-50	128.0	40.7831	-76.8617
USC00367931	SELINSGROVE	19980122	0	6	-50	0	6	-50	128.0	40.7831	-76.8617
USC00367931	SELINSGROVE	19980123	76	28	-39	76	28	-39	128.0	40.7831	-76.8617
USC00367931	SELINSGROVE	19980124	0	33	0	0	33	0	128.0	40.7831	-76.8617
USC00367931	SELINSGROVE	19980125	0	44	-11	0	44	-11	128.0	40.7831	-76.8617
USC00367931	SELINSGROVE	19980126	0	17	-44	0	17	-44	128.0	40.7831	-76.8617
USC00367931	SELINSGROVE	19980127	0	50	-33	0	50	-33	128.0	40.7831	-76.8617
USC00367931	SELINSGROVE	19980128	0	33	-17	0	33	-17	128.0	40.7831	-76.8617
USC00367931	SELINSGROVE	19980129	0	22	-50	0	22	-50	128.0	40.7831	-76.8617
USC00367931	SELINSGROVE	19980130	0	89	-50	0	89	-50	128.0	40.7831	-76.8617
USC00367931	SELINSGROVE	19980131	0	44	11	0	44	11	128.0	40.7831	-76.8617
USC00367931	SELINSGROVE	19990101	0	-56	-117	0	-56	-117	128.0	40.7831	-76.8617
USC00367931	SELINSGROVE	19990102	0	-44	-144	0	-44	-144	128.0	40.7831	-76.8617
USC00367931	SELINSGROVE	19990103	0	33	-144	0	33	-144	128.0	40.7831	-76.8617
USC00367931	SELINSGROVE	19990104	0	50	-144	0	50	-144	128.0	40.7831	-76.8617
USC00367931	SELINSGROVE	19990105	0	-44	-122	0	-44	-122	128.0	40.7831	-76.8617
USC00367931	SELINSGROVE	19990106	0	-56	-150	0	-56	-150	128.0	40.7831	-76.8617
USC00367931	SELINSGROVE	19990107	0	-17	-144	0	-17	-144	128.0	40.7831	-76.8617
USC00367931	SELINSGROVE	19990108	0	-33	-117	0	-33	-117	128.0	40.7831	-76.8617
USC00367931	SELINSGROVE	19990109	25	0	-89	25	0	-89	128.0	40.7831	-76.8617
USC00367931	SELINSGROVE	19990110	0	11	-117	0	11	-117	128.0	40.7831	-76.8617
USC00367931	SELINSGROVE	19990111	0	-39	-100	0	-39	-100	128.0	40.7831	-76.8617
USC00367931	SELINSGROVE	19990112	0	-50	-106	0	-50	-106	128.0	40.7831	-76.8617
USC00367931	SELINSGROVE	19990113	0	28	-50	0	28	-50	128.0	40.7831	-76.8617
USC00367931	SELINSGROVE	19990114	25	33	-111	25	33	-111	128.0	40.7831	-76.8617
USC00367931	SELINSGROVE	19990115	102	-33	-111	102	-33	-111	128.0	40.7831	-76.8617
USC00367931	SELINSGROVE	19990116	127	-17	-111	127	-17	-111	128.0	40.7831	-76.8617
USC00367931	SELINSGROVE	19990117	102	33	-72	102	33	-72	128.0	40.7831	-76.8617
USC00367931	SELINSGROVE	19990118	102	122	-44	102	122	-44	128.0	40.7831	-76.8617
USC00367931	SELINSGROVE	19990119	76	56	11	76	56	11	128.0	40.7831	-76.8617
USC00367931	SELINSGROVE	19990120	76	78	-11	76	78	-11	128.0	40.7831	-76.8617
USC00367931	SELINSGROVE	19990121	76	83	-39	76	83	-39	128.0	40.7831	-76.8617
USC00367931	SELINSGROVE	19990122	51	17	-33	51	17	-33	128.0	40.7831	-76.8617
USC00367931	SELINSGROVE	19990123	25	61	11	25	61	11	128.0	40.7831	-76.8617
USC00367931	SELINSGROVE	19990124	0	144	44	0	144	44	128.0	40.7831	-76.8617
USC00367931	SELINSGROVE	19990125	0	106	17	0	106	17	128.0	40.7831	-76.8617
USC00367931	SELINSGROVE	19990126	0	28	-22	0	28	-22	128.0	40.7831	-76.8617
USC00367931	SELINSGROVE	19990127	0	56	-56	0	56	-56	128.0	40.7831	-76.8617
USC00367931	SELINSGROVE	19990128	0	50	-50	0	50	-50	128.0	40.7831	-76.8617
USC00367931	SELINSGROVE	19990129	0	133	-6	0	133	-6	128.0	40.7831	-76.8617
USC00367931	SELINSGROVE	19990130	0	33	-50	0	33	-50	128.0	40.7831	-76.8617
USC00367931	SELINSGROVE	19990131	0	39	-83	0	39	-83	128.0	40.7831	-76.8617
USC00367931	SELINSGROVE	20000101	0	56	-61	0	56	-61	128.0	40.7831	-76.8617
USC00367931	SELINSGROVE	20000102	0	94	-61	0	94	-61	128.0	40.7831	-76.8617
USC00367931	SELINSGROVE	20000103	0	133	11	0	133	11	128.0	40.7831	-76.8617
USC00367931	SELINSGROVE	20000104	0	161	72	0	161	72	128.0	40.7831	-76.8617
USC00367931	SELINSGROVE	20000105	0	172	6	0	172	6	128.0	40.7831	-76.8617
USC00367931	SELINSGROVE	20000106	0	28	-67	0	28	-67	128.0	40.7831	-76.8617
USC00367931	SELINSGROVE	20000107	0	50	-39	0	50	-39	128.0	40.7831	-76.8617
USC00367931	SELINSGROVE	20000108	0	67	-72	0	67	-72	128.0	40.7831	-76.8617
USC00367931	SELINSGROVE	20000109	0	39	-67	0	39	-67	128.0	40.7831	-76.8617
USC00367931	SELINSGROVE	20000110	0	83	11	0	83	11	128.0	40.7831	-76.8617
USC00367931	SELINSGROVE	20000111	0	78	39	0	78	39	128.0	40.7831	-76.8617
USC00367931	SELINSGROVE	20000112	0	100	17	0	100	17	128.0	40.7831	-76.8617
USC00367931	SELINSGROVE	20000113	0	67	6	0	67	6	128.0	40.7831	-76.8617
USC00367931	SELINSGROVE	20000114	0	17	-106	0	17	-106	128.0	40.7831	-76.8617
USC00367931	SELINSGROVE	20000115	0	-39	-111	0	-39	-111	128.0	40.7831	-76.8617
USC00367931	SELINSGROVE	20000116	0	-11	-100	0	-11	-100	128.0	40.7831	-76.8617
USC00367931	SELINSGROVE	20000117	0	89	-133	0	89	-133	128.0	40.7831	-76.8617
USC00367931	SELINSGROVE	20000118	0	-89	-150	0	-89	-150	128.0	40.7831	-76.8617
USC00367931	SELINSGROVE	20000119	0	-94	-150	0	-94	-150	128.0	40.7831	-76.8617
USC00367931	SELINSGROVE	20000120	25	11	-100	25	11	-100	128.0	40.7831	-76.8617
USC00367931	SELINSGROVE	20000121	102	-17	-133	102	-17	-133	128.0	40.7831	-76.8617
USC00367931	SELINSGROVE	20000122	76	-83	-183	76	-83	-183	128.0	40.7831	-76.8617
USC00367931	SELINSGROVE	20000123	76	-67	-189	76	-67	-189	128.0	40.7831	-76.8617
USC00367931	SELINSGROVE	20000124	51	-33	-78	51	-33	-78	128.0	40.7831	-76.8617
USC00367931	SELINSGROVE	20000125	51	17	-83	51	17	-83	128.0	40.7831	-76.8617
USC00367931	SELINSGROVE	20000126	305	-50	-72	305	-50	-72	128.0	40.7831	-76.8617
USC00367931	SELINSGROVE	20000127	305	-17	-133	305	-17	-133	128.0	40.7831	-76.8617
USC00367931	SELINSGROVE	20000128	229	-72	-133	229	-72	-133	128.0	40.7831	-76.8617
USC00367931	SELINSGROVE	20000129	203	-44	-167	203	-44	-167	128.0	40.7831	-76.8617
USC00367931	SELINSGROVE	20000130	152	0	-167	152	0	-167	128.0	40.7831	-76.8617
USC00367931	SELINSGROVE	20000131	305	-22	-106	305	-22	-106	128.0	40.7831	-76.8617
USC00367931	SELINSGROVE	20010101	51	-17	-83	51	-17	-83	128.0	40.7831	-76.8617
USC00367931	SELINSGROVE	20010102	51	6	-89	51	6	-89	128.0	40.7831	-76.8617
USC00367931	SELINSGROVE	20010103	51	-33	-122	51	-33	-122	128.0	40.7831	-76.8617
USC00367931	SELINSGROVE	20010104	51	-6	-128	51	-6	-128	128.0	40.7831	-76.8617
USC00367931	SELINSGROVE	20010105	51	0	-94	51	0	-94	128.0	40.7831	-76.8617
USC00367931	SELINSGROVE	20010106	102	-11	-61	102	-11	-61	128.0	40.7831	-76.8617
USC00367931	SELINSGROVE	20010107	76	11	-83	76	11	-83	128.0	40.7831	-76.8617
USC00367931	SELINSGROVE	20010108	76	61	-56	76	61	-56	128.0	40.7831	-76.8617
USC00367931	SELINSGROVE	20010109	76	0	-56	76	0	-56	128.0	40.7831	-76.8617
USC00367931	SELINSGROVE	20010110	76	-28	-78	76	-28	-78	128.0	40.7831	-76.8617
USC00367931	SELINSGROVE	20010111	51	28	-50	51	28	-50	128.0	40.7831	-76.8617
USC00367931	SELINSGROVE	20010112	51	67	-72	51	67	-72	128.0	40.7831	-76.8617
USC00367931	SELINSGROVE	20010113	51	22	-100	51	22	-100	128.0	40.7831	-76.8617
USC00367931	SELINSGROVE	20010114	51	11	-94	51	11	-94	128.0	40.7831	-76.8617
USC00367931	SELINSGROVE	20010115	25	22	-78	25	22	-78	128.0	40.7831	-76.8617
USC00367931	SELINSGROVE	20010116	25	33	-78	25	33	-78	128.0	40.7831	-76.8617
USC00367931	SELINSGROVE	20010117	0	44	0	0	44	0	128.0	40.7831	-76.8617
USC00367931	SELINSGROVE	20010118	0	22	-6	0	22	-6	128.0	40.7831	-76.8617
USC00367931	SELINSGROVE	20010119	0	17	-6	0	17	-6	128.0	40.7831	-76.8617
USC00367931	SELINSGROVE	20010120	0	11	-11	0	11	-11	128.0	40.7831	-76.8617
USC00367931	SELINSGROVE	20010121	127	-6	-83	127	-6	-83	128.0	40.7831	-76.8617
USC00367931	SELINSGROVE	20010122	127	-22	-139	127	-22	-139	128.0	40.7831	-76.8617
USC00367931	SELINSGROVE	20010123	76	11	-133	76	11	-133	128.0	40.7831	-76.8617
USC00367931	SELINSGROVE	20010124	76	0	-144	76	0	-144	128.0	40.7831	-76.8617
USC00367931	SELINSGROVE	20010125	76	44	-78	76	44	-78	128.0	40.7831	-76.8617
USC00367931	SELINSGROVE	20010126	51	44	-111	51	44	-111	128.0	40.7831	-76.8617
USC00367931	SELINSGROVE	20010127	51	-6	-111	51	-6	-111	128.0	40.7831	-76.8617
USC00367931	SELINSGROVE	20010128	51	33	-44	51	33	-44	128.0	40.7831	-76.8617
USC00367931	SELINSGROVE	20010129	25	17	-94	25	17	-94	128.0	40.7831	-76.8617
USC00367931	SELINSGROVE	20010130	25	11	-100	25	11	-100	128.0	40.7831	-76.8617
USC00367931	SELINSGROVE	20010131	0	28	-6	0	28	-6	128.0	40.7831	-76.8617
USC00367931	SELINSGROVE	20020101	0	-28	-106	0	-28	-106	128.0	40.7831	-76.8617
USC00367931	SELINSGROVE	20020102	0	0	-106	0	0	-106	128.0	40.7831	-76.8617
USC00367931	SELINSGROVE	20020103	0	6	-111	0	6	-111	128.0	40.7831	-76.8617
USC00367931	SELINSGROVE	20020104	0	17	-111	0	17	-111	128.0	40.7831	-76.8617
USC00367931	SELINSGROVE	20020105	0	28	-33	0	28	-33	128.0	40.7831	-76.8617
USC00367931	SELINSGROVE	20020106	0	39	-50	0	39	-50	128.0	40.7831	-76.8617
USC00367931	SELINSGROVE	20020107	254	-6	-22	254	-6	-22	128.0	40.7831	-76.8617
USC00367931	SELINSGROVE	20020108	229	17	-61	229	17	-61	128.0	40.7831	-76.8617
USC00367931	SELINSGROVE	20020109	203	6	-72	203	6	-72	128.0	40.7831	-76.8617
USC00367931	SELINSGROVE	20020110	178	72	-28	178	72	-28	128.0	40.7831	-76.8617
USC00367931	SELINSGROVE	20020111	127	133	0	127	133	0	128.0	40.7831	-76.8617
USC00367931	SELINSGROVE	20020112	102	56	0	102	56	0	128.0	40.7831	-76.8617
USC00367931	SELINSGROVE	20020113	51	44	-17	51	44	-17	128.0	40.7831	-76.8617
USC00367931	SELINSGROVE	20020114	51	39	-44	51	39	-44	128.0	40.7831	-76.8617
USC00367931	SELINSGROVE	20020115	51	67	-33	51	67	-33	128.0	40.7831	-76.8617
USC00367931	SELINSGROVE	20020116	25	61	11	25	61	11	128.0	40.7831	-76.8617
USC00367931	SELINSGROVE	20020117	0	28	0	0	28	0	128.0	40.7831	-76.8617
USC00367931	SELINSGROVE	20020118	0	67	-11	0	67	-11	128.0	40.7831	-76.8617
USC00367931	SELINSGROVE	20020119	0	11	-61	0	11	-61	128.0	40.7831	-76.8617
USC00367931	SELINSGROVE	20020120	76	-17	-100	76	-17	-100	128.0	40.7831	-76.8617
USC00367931	SELINSGROVE	20020121	51	33	-117	51	33	-117	128.0	40.7831	-76.8617
USC00367931	SELINSGROVE	20020122	25	44	-6	25	44	-6	128.0	40.7831	-76.8617
USC00367931	SELINSGROVE	20020123	0	89	-22	0	89	-22	128.0	40.7831	-76.8617
USC00367931	SELINSGROVE	20020124	0	78	33	0	78	33	128.0	40.7831	-76.8617
USC00367931	SELINSGROVE	20020125	0	83	6	0	83	6	128.0	40.7831	-76.8617
USC00367931	SELINSGROVE	20020126	0	78	-33	0	78	-33	128.0	40.7831	-76.8617
USC00367931	SELINSGROVE	20020127	0	139	-50	0	139	-50	128.0	40.7831	-76.8617
USC00367931	SELINSGROVE	20020128	0	161	-50	0	161	-50	128.0	40.7831	-76.8617
USC00367931	SELINSGROVE	20020129	0	161	-28	0	161	-28	128.0	40.7831	-76.8617
USC00367931	SELINSGROVE	20020130	0	200	6	0	200	6	128.0	40.7831	-76.8617
USC00367931	SELINSGROVE	20020131	0	122	17	0	122	17	128.0	40.7831	-76.8617
USC00367931	SELINSGROVE	20030101	0	72	-67	0	72	-67	128.0	40.7831	-76.8617
USC00367931	SELINSGROVE	20030102	0	39	-6	0	39	-6	128.0	40.7831	-76.8617
USC00367931	SELINSGROVE	20030103	25	0	-22	25	0	-22	128.0	40.7831	-76.8617
USC00367931	SELINSGROVE	20030104	127	-6	-22	127	-6	-22	128.0	40.7831	-76.8617
USC00367931	SELINSGROVE	20030105	102	11	-78	102	11	-78	128.0	40.7831	-76.8617
USC00367931	SELINSGROVE	20030106	102	-11	-78	102	-11	-78	128.0	40.7831	-76.8617
USC00367931	SELINSGROVE	20030107	127	0	-78	127	0	-78	128.0	40.7831	-76.8617
USC00367931	SELINSGROVE	20030108	102	28	-89	102	28	-89	128.0	40.7831	-76.8617
USC00367931	SELINSGROVE	20030109	51	83	17	51	83	17	128.0	40.7831	-76.8617
USC00367931	SELINSGROVE	20030110	0	106	17	0	106	17	128.0	40.7831	-76.8617
USC00367931	SELINSGROVE	20030111	0	33	-61	0	33	-61	128.0	40.7831	-76.8617
USC00367931	SELINSGROVE	20030112	0	-28	-67	0	-28	-67	128.0	40.7831	-76.8617
USC00367931	SELINSGROVE	20030113	0	-11	-83	0	-11	-83	128.0	40.7831	-76.8617
USC00367931	SELINSGROVE	20030114	0	11	-100	0	11	-100	128.0	40.7831	-76.8617
USC00367931	SELINSGROVE	20030115	0	-39	-100	0	-39	-100	128.0	40.7831	-76.8617
USC00367931	SELINSGROVE	20030116	0	-39	-106	0	-39	-106	128.0	40.7831	-76.8617
USC00367931	SELINSGROVE	20030117	25	-44	-133	25	-44	-133	128.0	40.7831	-76.8617
USC00367931	SELINSGROVE	20030118	25	-44	9999	25	-44	NA	128.0	40.7831	-76.8617
USC00367931	SELINSGROVE	20030119	25	-83	-144	25	-83	-144	128.0	40.7831	-76.8617
USC00367931	SELINSGROVE	20030120	25	-28	-100	25	-28	-100	128.0	40.7831	-76.8617
USC00367931	SELINSGROVE	20030121	0	-22	-128	0	-22	-128	128.0	40.7831	-76.8617
USC00367931	SELINSGROVE	20030122	0	-44	-133	0	-44	-133	128.0	40.7831	-76.8617
USC00367931	SELINSGROVE	20030123	0	-67	-144	0	-67	-144	128.0	40.7831	-76.8617
USC00367931	SELINSGROVE	20030124	0	-89	-144	0	-89	-144	128.0	40.7831	-76.8617
USC00367931	SELINSGROVE	20030125	0	-28	-139	0	-28	-139	128.0	40.7831	-76.8617
USC00367931	SELINSGROVE	20030126	0	-22	-89	0	-22	-89	128.0	40.7831	-76.8617
USC00367931	SELINSGROVE	20030127	25	-11	-156	25	-11	-156	128.0	40.7831	-76.8617
USC00367931	SELINSGROVE	20030128	25	-89	-167	25	-89	-167	128.0	40.7831	-76.8617
USC00367931	SELINSGROVE	20030129	25	-44	-122	25	-44	-122	128.0	40.7831	-76.8617
USC00367931	SELINSGROVE	20030130	25	0	-122	25	0	-122	128.0	40.7831	-76.8617
USC00367931	SELINSGROVE	20030131	25	6	-122	25	6	-122	128.0	40.7831	-76.8617
USC00367931	SELINSGROVE	20040101	0	78	-33	0	78	-33	128.0	40.7831	-76.8617
USC00367931	SELINSGROVE	20040102	0	89	-28	0	89	-28	128.0	40.7831	-76.8617
USC00367931	SELINSGROVE	20040103	0	72	11	0	72	11	128.0	40.7831	-76.8617
USC00367931	SELINSGROVE	20040104	0	111	67	0	111	67	128.0	40.7831	-76.8617
USC00367931	SELINSGROVE	20040105	0	78	11	0	78	11	128.0	40.7831	-76.8617
USC00367931	SELINSGROVE	20040106	0	50	-11	0	50	-11	128.0	40.7831	-76.8617
USC00367931	SELINSGROVE	20040107	0	6	-94	0	6	-94	128.0	40.7831	-76.8617
USC00367931	SELINSGROVE	20040108	0	-50	-94	0	-50	-94	128.0	40.7831	-76.8617
USC00367931	SELINSGROVE	20040109	0	-6	-78	0	-6	-78	128.0	40.7831	-76.8617
USC00367931	SELINSGROVE	20040110	0	-78	-178	0	-78	-178	128.0	40.7831	-76.8617
USC00367931	SELINSGROVE	20040111	0	-100	-172	0	-100	-172	128.0	40.7831	-76.8617
USC00367931	SELINSGROVE	20040112	0	-17	-172	0	-17	-172	128.0	40.7831	-76.8617
USC00367931	SELINSGROVE	20040113	0	50	-22	0	50	-22	128.0	40.7831	-76.8617
USC00367931	SELINSGROVE	20040114	0	50	-111	0	50	-111	128.0	40.7831	-76.8617
USC00367931	SELINSGROVE	20040115	76	-72	-117	76	-72	-117	128.0	40.7831	-76.8617
USC00367931	SELINSGROVE	20040116	76	-78	-167	76	-78	-167	128.0	40.7831	-76.8617
USC00367931	SELINSGROVE	20040117	76	-56	-156	76	-56	-156	128.0	40.7831	-76.8617
USC00367931	SELINSGROVE	20040118	102	-28	-156	102	-28	-156	128.0	40.7831	-76.8617
USC00367931	SELINSGROVE	20040119	102	6	-150	102	6	-150	128.0	40.7831	-76.8617
USC00367931	SELINSGROVE	20040120	76	-44	-67	76	-44	-67	128.0	40.7831	-76.8617
USC00367931	SELINSGROVE	20040121	76	-33	-106	76	-33	-106	128.0	40.7831	-76.8617
USC00367931	SELINSGROVE	20040122	76	-39	-117	76	-39	-117	128.0	40.7831	-76.8617
USC00367931	SELINSGROVE	20040123	51	28	-133	51	28	-133	128.0	40.7831	-76.8617
USC00367931	SELINSGROVE	20040124	51	-100	-144	51	-100	-144	128.0	40.7831	-76.8617
USC00367931	SELINSGROVE	20040125	51	-61	-189	51	-61	-189	128.0	40.7831	-76.8617
USC00367931	SELINSGROVE	20040126	127	-94	-189	127	-94	-189	128.0	40.7831	-76.8617
USC00367931	SELINSGROVE	20040127	152	-78	-106	152	-78	-106	128.0	40.7831	-76.8617
USC00367931	SELINSGROVE	20040128	229	-44	-94	229	-44	-94	128.0	40.7831	-76.8617
USC00367931	SELINSGROVE	20040129	229	-39	-72	229	-39	-72	128.0	40.7831	-76.8617
USC00367931	SELINSGROVE	20040130	229	-56	-122	229	-56	-122	128.0	40.7831	-76.8617
USC00367931	SELINSGROVE	20040131	229	-72	-117	229	-72	-117	128.0	40.7831	-76.8617
USC00367931	SELINSGROVE	20050101	0	106	6	0	106	6	128.0	40.7831	-76.8617
USC00367931	SELINSGROVE	20050102	0	156	-17	0	156	-17	128.0	40.7831	-76.8617
USC00367931	SELINSGROVE	20050103	0	44	-11	0	44	-11	128.0	40.7831	-76.8617
USC00367931	SELINSGROVE	20050104	0	61	33	0	61	33	128.0	40.7831	-76.8617
USC00367931	SELINSGROVE	20050105	0	83	28	0	83	28	128.0	40.7831	-76.8617
USC00367931	SELINSGROVE	20050106	0	28	-6	0	28	-6	128.0	40.7831	-76.8617
USC00367931	SELINSGROVE	20050107	0	33	6	0	33	6	128.0	40.7831	-76.8617
USC00367931	SELINSGROVE	20050108	0	17	-17	0	17	-17	128.0	40.7831	-76.8617
USC00367931	SELINSGROVE	20050109	0	50	0	0	50	0	128.0	40.7831	-76.8617
USC00367931	SELINSGROVE	20050110	0	28	0	0	28	0	128.0	40.7831	-76.8617
USC00367931	SELINSGROVE	20050111	0	72	-17	0	72	-17	128.0	40.7831	-76.8617
USC00367931	SELINSGROVE	20050112	0	28	0	0	28	0	128.0	40.7831	-76.8617
USC00367931	SELINSGROVE	20050113	0	56	22	0	56	22	128.0	40.7831	-76.8617
USC00367931	SELINSGROVE	20050114	0	178	28	0	178	28	128.0	40.7831	-76.8617
USC00367931	SELINSGROVE	20050115	0	44	-61	0	44	-61	128.0	40.7831	-76.8617
USC00367931	SELINSGROVE	20050116	0	-11	-67	0	-11	-67	128.0	40.7831	-76.8617
USC00367931	SELINSGROVE	20050117	51	-6	-72	51	-6	-72	128.0	40.7831	-76.8617
USC00367931	SELINSGROVE	20050118	51	-61	-133	51	-61	-133	128.0	40.7831	-76.8617
USC00367931	SELINSGROVE	20050119	25	-100	-139	25	-100	-139	128.0	40.7831	-76.8617
USC00367931	SELINSGROVE	20050120	25	-33	-100	25	-33	-100	128.0	40.7831	-76.8617
USC00367931	SELINSGROVE	20050121	0	-17	-128	0	-17	-128	128.0	40.7831	-76.8617
USC00367931	SELINSGROVE	20050122	25	-83	-161	25	-83	-161	128.0	40.7831	-76.8617
USC00367931	SELINSGROVE	20050123	127	-78	-144	127	-78	-144	128.0	40.7831	-76.8617
USC00367931	SELINSGROVE	20050124	127	-83	-189	127	-83	-189	128.0	40.7831	-76.8617
USC00367931	SELINSGROVE	20050125	127	-33	-189	127	-33	-189	128.0	40.7831	-76.8617
USC00367931	SELINSGROVE	20050126	76	6	-33	76	6	-33	128.0	40.7831	-76.8617
USC00367931	SELINSGROVE	20050127	76	17	-144	76	17	-144	128.0	40.7831	-76.8617
USC00367931	SELINSGROVE	20050128	51	-78	-183	51	-78	-183	128.0	40.7831	-76.8617
USC00367931	SELINSGROVE	20050129	51	-67	-183	51	-67	-183	128.0	40.7831	-76.8617
USC00367931	SELINSGROVE	20050130	51	-6	-172	51	-6	-172	128.0	40.7831	-76.8617
USC00367931	SELINSGROVE	20050131	51	44	-106	51	44	-106	128.0	40.7831	-76.8617
