STATION	STATION_NAME	DATE	SNWD	TMAX	TMIN	SNWD2	TMAX2	TMIN2	ELEV	LAT	LONG
USC00307713	SHERMAN	19950101	0	9999	9999	0	NA	NA	475.5	42.157	-79.593
USC00307713	SHERMAN	19950102	76	9999	9999	76	NA	NA	475.5	42.157	-79.593
USC00307713	SHERMAN	19950103	76	9999	9999	76	NA	NA	475.5	42.157	-79.593
USC00307713	SHERMAN	19950104	127	9999	9999	127	NA	NA	475.5	42.157	-79.593
USC00307713	SHERMAN	19950105	203	9999	9999	203	NA	NA	475.5	42.157	-79.593
USC00307713	SHERMAN	19950106	203	9999	9999	203	NA	NA	475.5	42.157	-79.593
USC00307713	SHERMAN	19950107	203	9999	9999	203	NA	NA	475.5	42.157	-79.593
USC00307713	SHERMAN	19950108	203	9999	9999	203	NA	NA	475.5	42.157	-79.593
USC00307713	SHERMAN	19950109	203	9999	9999	203	NA	NA	475.5	42.157	-79.593
USC00307713	SHERMAN	19950110	229	9999	9999	229	NA	NA	475.5	42.157	-79.593
USC00307713	SHERMAN	19950111	203	9999	9999	203	NA	NA	475.5	42.157	-79.593
USC00307713	SHERMAN	19950112	127	9999	9999	127	NA	NA	475.5	42.157	-79.593
USC00307713	SHERMAN	19950113	0	9999	9999	0	NA	NA	475.5	42.157	-79.593
USC00307713	SHERMAN	19950114	0	9999	9999	0	NA	NA	475.5	42.157	-79.593
USC00307713	SHERMAN	19950115	0	9999	9999	0	NA	NA	475.5	42.157	-79.593
USC00307713	SHERMAN	19950116	0	9999	9999	0	NA	NA	475.5	42.157	-79.593
USC00307713	SHERMAN	19950117	0	9999	9999	0	NA	NA	475.5	42.157	-79.593
USC00307713	SHERMAN	19950118	0	9999	9999	0	NA	NA	475.5	42.157	-79.593
USC00307713	SHERMAN	19950119	0	9999	9999	0	NA	NA	475.5	42.157	-79.593
USC00307713	SHERMAN	19950120	0	9999	9999	0	NA	NA	475.5	42.157	-79.593
USC00307713	SHERMAN	19950121	0	9999	9999	0	NA	NA	475.5	42.157	-79.593
USC00307713	SHERMAN	19950122	51	9999	9999	51	NA	NA	475.5	42.157	-79.593
USC00307713	SHERMAN	19950123	76	9999	9999	76	NA	NA	475.5	42.157	-79.593
USC00307713	SHERMAN	19950124	102	9999	9999	102	NA	NA	475.5	42.157	-79.593
USC00307713	SHERMAN	19950125	152	9999	9999	152	NA	NA	475.5	42.157	-79.593
USC00307713	SHERMAN	19950126	254	9999	9999	254	NA	NA	475.5	42.157	-79.593
USC00307713	SHERMAN	19950127	229	9999	9999	229	NA	NA	475.5	42.157	-79.593
USC00307713	SHERMAN	19950128	203	9999	9999	203	NA	NA	475.5	42.157	-79.593
USC00307713	SHERMAN	19950129	152	9999	9999	152	NA	NA	475.5	42.157	-79.593
USC00307713	SHERMAN	19950130	152	9999	9999	152	NA	NA	475.5	42.157	-79.593
USC00307713	SHERMAN	19950131	127	9999	9999	127	NA	NA	475.5	42.157	-79.593
USC00307713	SHERMAN	19960101	406	9999	9999	406	NA	NA	475.5	42.157	-79.593
USC00307713	SHERMAN	19960102	406	9999	9999	406	NA	NA	475.5	42.157	-79.593
USC00307713	SHERMAN	19960103	508	9999	9999	508	NA	NA	475.5	42.157	-79.593
USC00307713	SHERMAN	19960104	686	9999	9999	686	NA	NA	475.5	42.157	-79.593
USC00307713	SHERMAN	19960105	686	9999	9999	686	NA	NA	475.5	42.157	-79.593
USC00307713	SHERMAN	19960106	686	9999	9999	686	NA	NA	475.5	42.157	-79.593
USC00307713	SHERMAN	19960107	686	9999	9999	686	NA	NA	475.5	42.157	-79.593
USC00307713	SHERMAN	19960108	686	9999	9999	686	NA	NA	475.5	42.157	-79.593
USC00307713	SHERMAN	19960109	635	9999	9999	635	NA	NA	475.5	42.157	-79.593
USC00307713	SHERMAN	19960110	610	9999	9999	610	NA	NA	475.5	42.157	-79.593
USC00307713	SHERMAN	19960111	686	9999	9999	686	NA	NA	475.5	42.157	-79.593
USC00307713	SHERMAN	19960112	686	9999	9999	686	NA	NA	475.5	42.157	-79.593
USC00307713	SHERMAN	19960113	635	9999	9999	635	NA	NA	475.5	42.157	-79.593
USC00307713	SHERMAN	19960114	610	9999	9999	610	NA	NA	475.5	42.157	-79.593
USC00307713	SHERMAN	19960115	559	9999	9999	559	NA	NA	475.5	42.157	-79.593
USC00307713	SHERMAN	19960116	508	9999	9999	508	NA	NA	475.5	42.157	-79.593
USC00307713	SHERMAN	19960117	356	9999	9999	356	NA	NA	475.5	42.157	-79.593
USC00307713	SHERMAN	19960118	330	9999	9999	330	NA	NA	475.5	42.157	-79.593
USC00307713	SHERMAN	19960119	127	9999	9999	127	NA	NA	475.5	42.157	-79.593
USC00307713	SHERMAN	19960120	127	9999	9999	127	NA	NA	475.5	42.157	-79.593
USC00307713	SHERMAN	19960121	127	9999	9999	127	NA	NA	475.5	42.157	-79.593
USC00307713	SHERMAN	19960122	127	9999	9999	127	NA	NA	475.5	42.157	-79.593
USC00307713	SHERMAN	19960123	102	9999	9999	102	NA	NA	475.5	42.157	-79.593
USC00307713	SHERMAN	19960124	25	9999	9999	25	NA	NA	475.5	42.157	-79.593
USC00307713	SHERMAN	19960125	102	9999	9999	102	NA	NA	475.5	42.157	-79.593
USC00307713	SHERMAN	19960126	76	9999	9999	76	NA	NA	475.5	42.157	-79.593
USC00307713	SHERMAN	19960127	51	9999	9999	51	NA	NA	475.5	42.157	-79.593
USC00307713	SHERMAN	19960128	102	9999	9999	102	NA	NA	475.5	42.157	-79.593
USC00307713	SHERMAN	19960129	76	9999	9999	76	NA	NA	475.5	42.157	-79.593
USC00307713	SHERMAN	19960130	25	9999	9999	25	NA	NA	475.5	42.157	-79.593
USC00307713	SHERMAN	19960131	76	9999	9999	76	NA	NA	475.5	42.157	-79.593
USC00307713	SHERMAN	19970101	0	9999	9999	0	NA	NA	475.5	42.157	-79.593
USC00307713	SHERMAN	19970102	0	9999	9999	0	NA	NA	475.5	42.157	-79.593
USC00307713	SHERMAN	19970103	0	9999	9999	0	NA	NA	475.5	42.157	-79.593
USC00307713	SHERMAN	19970104	0	9999	9999	0	NA	NA	475.5	42.157	-79.593
USC00307713	SHERMAN	19970105	0	9999	9999	0	NA	NA	475.5	42.157	-79.593
USC00307713	SHERMAN	19970106	51	9999	9999	51	NA	NA	475.5	42.157	-79.593
USC00307713	SHERMAN	19970107	102	9999	9999	102	NA	NA	475.5	42.157	-79.593
USC00307713	SHERMAN	19970108	178	9999	9999	178	NA	NA	475.5	42.157	-79.593
USC00307713	SHERMAN	19970109	152	9999	9999	152	NA	NA	475.5	42.157	-79.593
USC00307713	SHERMAN	19970110	152	9999	9999	152	NA	NA	475.5	42.157	-79.593
USC00307713	SHERMAN	19970111	152	9999	9999	152	NA	NA	475.5	42.157	-79.593
USC00307713	SHERMAN	19970112	152	9999	9999	152	NA	NA	475.5	42.157	-79.593
USC00307713	SHERMAN	19970113	152	9999	9999	152	NA	NA	475.5	42.157	-79.593
USC00307713	SHERMAN	19970114	178	9999	9999	178	NA	NA	475.5	42.157	-79.593
USC00307713	SHERMAN	19970115	178	9999	9999	178	NA	NA	475.5	42.157	-79.593
USC00307713	SHERMAN	19970116	102	9999	9999	102	NA	NA	475.5	42.157	-79.593
USC00307713	SHERMAN	19970117	203	9999	9999	203	NA	NA	475.5	42.157	-79.593
USC00307713	SHERMAN	19970118	203	9999	9999	203	NA	NA	475.5	42.157	-79.593
USC00307713	SHERMAN	19970119	229	9999	9999	229	NA	NA	475.5	42.157	-79.593
USC00307713	SHERMAN	19970120	229	9999	9999	229	NA	NA	475.5	42.157	-79.593
USC00307713	SHERMAN	19970121	229	9999	9999	229	NA	NA	475.5	42.157	-79.593
USC00307713	SHERMAN	19970122	152	9999	9999	152	NA	NA	475.5	42.157	-79.593
USC00307713	SHERMAN	19970123	51	9999	9999	51	NA	NA	475.5	42.157	-79.593
USC00307713	SHERMAN	19970124	51	9999	9999	51	NA	NA	475.5	42.157	-79.593
USC00307713	SHERMAN	19970125	25	9999	9999	25	NA	NA	475.5	42.157	-79.593
USC00307713	SHERMAN	19970126	102	9999	9999	102	NA	NA	475.5	42.157	-79.593
USC00307713	SHERMAN	19970127	102	9999	9999	102	NA	NA	475.5	42.157	-79.593
USC00307713	SHERMAN	19970128	178	9999	9999	178	NA	NA	475.5	42.157	-79.593
USC00307713	SHERMAN	19970129	178	9999	9999	178	NA	NA	475.5	42.157	-79.593
USC00307713	SHERMAN	19970130	178	9999	9999	178	NA	NA	475.5	42.157	-79.593
USC00307713	SHERMAN	19970131	102	9999	9999	102	NA	NA	475.5	42.157	-79.593
USC00307713	SHERMAN	19980101	406	9999	9999	406	NA	NA	475.5	42.157	-79.593
USC00307713	SHERMAN	19980102	356	9999	9999	356	NA	NA	475.5	42.157	-79.593
USC00307713	SHERMAN	19980103	152	9999	9999	152	NA	NA	475.5	42.157	-79.593
USC00307713	SHERMAN	19980104	51	9999	9999	51	NA	NA	475.5	42.157	-79.593
USC00307713	SHERMAN	19980105	25	9999	9999	25	NA	NA	475.5	42.157	-79.593
USC00307713	SHERMAN	19980106	0	9999	9999	0	NA	NA	475.5	42.157	-79.593
USC00307713	SHERMAN	19980107	0	9999	9999	0	NA	NA	475.5	42.157	-79.593
USC00307713	SHERMAN	19980108	0	9999	9999	0	NA	NA	475.5	42.157	-79.593
USC00307713	SHERMAN	19980109	0	9999	9999	0	NA	NA	475.5	42.157	-79.593
USC00307713	SHERMAN	19980110	0	9999	9999	0	NA	NA	475.5	42.157	-79.593
USC00307713	SHERMAN	19980111	0	9999	9999	0	NA	NA	475.5	42.157	-79.593
USC00307713	SHERMAN	19980112	0	9999	9999	0	NA	NA	475.5	42.157	-79.593
USC00307713	SHERMAN	19980113	51	9999	9999	51	NA	NA	475.5	42.157	-79.593
USC00307713	SHERMAN	19980114	51	9999	9999	51	NA	NA	475.5	42.157	-79.593
USC00307713	SHERMAN	19980115	0	9999	9999	0	NA	NA	475.5	42.157	-79.593
USC00307713	SHERMAN	19980116	51	9999	9999	51	NA	NA	475.5	42.157	-79.593
USC00307713	SHERMAN	19980117	0	9999	9999	0	NA	NA	475.5	42.157	-79.593
USC00307713	SHERMAN	19980118	51	9999	9999	51	NA	NA	475.5	42.157	-79.593
USC00307713	SHERMAN	19980119	127	9999	9999	127	NA	NA	475.5	42.157	-79.593
USC00307713	SHERMAN	19980120	102	9999	9999	102	NA	NA	475.5	42.157	-79.593
USC00307713	SHERMAN	19980121	127	9999	9999	127	NA	NA	475.5	42.157	-79.593
USC00307713	SHERMAN	19980122	102	9999	9999	102	NA	NA	475.5	42.157	-79.593
USC00307713	SHERMAN	19980123	76	9999	9999	76	NA	NA	475.5	42.157	-79.593
USC00307713	SHERMAN	19980124	76	9999	9999	76	NA	NA	475.5	42.157	-79.593
USC00307713	SHERMAN	19980125	102	9999	9999	102	NA	NA	475.5	42.157	-79.593
USC00307713	SHERMAN	19980126	102	9999	9999	102	NA	NA	475.5	42.157	-79.593
USC00307713	SHERMAN	19980127	102	9999	9999	102	NA	NA	475.5	42.157	-79.593
USC00307713	SHERMAN	19980128	76	9999	9999	76	NA	NA	475.5	42.157	-79.593
USC00307713	SHERMAN	19980129	51	9999	9999	51	NA	NA	475.5	42.157	-79.593
USC00307713	SHERMAN	19980130	76	9999	9999	76	NA	NA	475.5	42.157	-79.593
USC00307713	SHERMAN	19980131	76	9999	9999	76	NA	NA	475.5	42.157	-79.593
USC00307713	SHERMAN	19990101	254	9999	9999	254	NA	NA	475.5	42.157	-79.593
USC00307713	SHERMAN	19990102	254	9999	9999	254	NA	NA	475.5	42.157	-79.593
USC00307713	SHERMAN	19990103	279	9999	9999	279	NA	NA	475.5	42.157	-79.593
USC00307713	SHERMAN	19990104	279	9999	9999	279	NA	NA	475.5	42.157	-79.593
USC00307713	SHERMAN	19990105	305	9999	9999	305	NA	NA	475.5	42.157	-79.593
USC00307713	SHERMAN	19990106	305	9999	9999	305	NA	NA	475.5	42.157	-79.593
USC00307713	SHERMAN	19990107	381	9999	9999	381	NA	NA	475.5	42.157	-79.593
USC00307713	SHERMAN	19990108	381	9999	9999	381	NA	NA	475.5	42.157	-79.593
USC00307713	SHERMAN	19990109	457	9999	9999	457	NA	NA	475.5	42.157	-79.593
USC00307713	SHERMAN	19990110	508	9999	9999	508	NA	NA	475.5	42.157	-79.593
USC00307713	SHERMAN	19990111	508	9999	9999	508	NA	NA	475.5	42.157	-79.593
USC00307713	SHERMAN	19990112	559	9999	9999	559	NA	NA	475.5	42.157	-79.593
USC00307713	SHERMAN	19990113	610	9999	9999	610	NA	NA	475.5	42.157	-79.593
USC00307713	SHERMAN	19990114	660	9999	9999	660	NA	NA	475.5	42.157	-79.593
USC00307713	SHERMAN	19990115	762	9999	9999	762	NA	NA	475.5	42.157	-79.593
USC00307713	SHERMAN	19990116	762	9999	9999	762	NA	NA	475.5	42.157	-79.593
USC00307713	SHERMAN	19990117	762	9999	9999	762	NA	NA	475.5	42.157	-79.593
USC00307713	SHERMAN	19990118	660	9999	9999	660	NA	NA	475.5	42.157	-79.593
USC00307713	SHERMAN	19990119	559	9999	9999	559	NA	NA	475.5	42.157	-79.593
USC00307713	SHERMAN	19990120	559	9999	9999	559	NA	NA	475.5	42.157	-79.593
USC00307713	SHERMAN	19990121	508	9999	9999	508	NA	NA	475.5	42.157	-79.593
USC00307713	SHERMAN	19990122	457	9999	9999	457	NA	NA	475.5	42.157	-79.593
USC00307713	SHERMAN	19990123	381	9999	9999	381	NA	NA	475.5	42.157	-79.593
USC00307713	SHERMAN	19990124	254	9999	9999	254	NA	NA	475.5	42.157	-79.593
USC00307713	SHERMAN	19990125	127	9999	9999	127	NA	NA	475.5	42.157	-79.593
USC00307713	SHERMAN	19990126	229	9999	9999	229	NA	NA	475.5	42.157	-79.593
USC00307713	SHERMAN	19990127	203	9999	9999	203	NA	NA	475.5	42.157	-79.593
USC00307713	SHERMAN	19990128	51	9999	9999	51	NA	NA	475.5	42.157	-79.593
USC00307713	SHERMAN	19990129	51	9999	9999	51	NA	NA	475.5	42.157	-79.593
USC00307713	SHERMAN	19990130	51	9999	9999	51	NA	NA	475.5	42.157	-79.593
USC00307713	SHERMAN	19990131	51	9999	9999	51	NA	NA	475.5	42.157	-79.593
USC00307713	SHERMAN	20000101	305	9999	9999	305	NA	NA	475.5	42.157	-79.593
USC00307713	SHERMAN	20000102	102	9999	9999	102	NA	NA	475.5	42.157	-79.593
USC00307713	SHERMAN	20000103	0	9999	9999	0	NA	NA	475.5	42.157	-79.593
USC00307713	SHERMAN	20000104	0	9999	9999	0	NA	NA	475.5	42.157	-79.593
USC00307713	SHERMAN	20000105	76	9999	9999	76	NA	NA	475.5	42.157	-79.593
USC00307713	SHERMAN	20000106	76	9999	9999	76	NA	NA	475.5	42.157	-79.593
USC00307713	SHERMAN	20000107	76	9999	9999	76	NA	NA	475.5	42.157	-79.593
USC00307713	SHERMAN	20000108	127	9999	9999	127	NA	NA	475.5	42.157	-79.593
USC00307713	SHERMAN	20000109	51	9999	9999	51	NA	NA	475.5	42.157	-79.593
USC00307713	SHERMAN	20000110	51	9999	9999	51	NA	NA	475.5	42.157	-79.593
USC00307713	SHERMAN	20000111	25	9999	9999	25	NA	NA	475.5	42.157	-79.593
USC00307713	SHERMAN	20000112	102	9999	9999	102	NA	NA	475.5	42.157	-79.593
USC00307713	SHERMAN	20000113	127	9999	9999	127	NA	NA	475.5	42.157	-79.593
USC00307713	SHERMAN	20000114	51	9999	9999	51	NA	NA	475.5	42.157	-79.593
USC00307713	SHERMAN	20000115	178	9999	9999	178	NA	NA	475.5	42.157	-79.593
USC00307713	SHERMAN	20000116	152	9999	9999	152	NA	NA	475.5	42.157	-79.593
USC00307713	SHERMAN	20000117	152	9999	9999	152	NA	NA	475.5	42.157	-79.593
USC00307713	SHERMAN	20000118	152	9999	9999	152	NA	NA	475.5	42.157	-79.593
USC00307713	SHERMAN	20000119	229	9999	9999	229	NA	NA	475.5	42.157	-79.593
USC00307713	SHERMAN	20000120	229	9999	9999	229	NA	NA	475.5	42.157	-79.593
USC00307713	SHERMAN	20000121	406	9999	9999	406	NA	NA	475.5	42.157	-79.593
USC00307713	SHERMAN	20000122	406	9999	9999	406	NA	NA	475.5	42.157	-79.593
USC00307713	SHERMAN	20000123	406	9999	9999	406	NA	NA	475.5	42.157	-79.593
USC00307713	SHERMAN	20000124	406	9999	9999	406	NA	NA	475.5	42.157	-79.593
USC00307713	SHERMAN	20000125	406	9999	9999	406	NA	NA	475.5	42.157	-79.593
USC00307713	SHERMAN	20000126	406	9999	9999	406	NA	NA	475.5	42.157	-79.593
USC00307713	SHERMAN	20000127	508	9999	9999	508	NA	NA	475.5	42.157	-79.593
USC00307713	SHERMAN	20000128	508	9999	9999	508	NA	NA	475.5	42.157	-79.593
USC00307713	SHERMAN	20000129	457	9999	9999	457	NA	NA	475.5	42.157	-79.593
USC00307713	SHERMAN	20000130	457	9999	9999	457	NA	NA	475.5	42.157	-79.593
USC00307713	SHERMAN	20000131	457	9999	9999	457	NA	NA	475.5	42.157	-79.593
USC00307713	SHERMAN	20010101	457	9999	9999	457	NA	NA	475.5	42.157	-79.593
USC00307713	SHERMAN	20010102	457	9999	9999	457	NA	NA	475.5	42.157	-79.593
USC00307713	SHERMAN	20010103	457	9999	9999	457	NA	NA	475.5	42.157	-79.593
USC00307713	SHERMAN	20010104	457	9999	9999	457	NA	NA	475.5	42.157	-79.593
USC00307713	SHERMAN	20010105	457	9999	9999	457	NA	NA	475.5	42.157	-79.593
USC00307713	SHERMAN	20010106	457	9999	9999	457	NA	NA	475.5	42.157	-79.593
USC00307713	SHERMAN	20010107	457	9999	9999	457	NA	NA	475.5	42.157	-79.593
USC00307713	SHERMAN	20010108	457	9999	9999	457	NA	NA	475.5	42.157	-79.593
USC00307713	SHERMAN	20010109	406	9999	9999	406	NA	NA	475.5	42.157	-79.593
USC00307713	SHERMAN	20010110	406	9999	9999	406	NA	NA	475.5	42.157	-79.593
USC00307713	SHERMAN	20010111	406	9999	9999	406	NA	NA	475.5	42.157	-79.593
USC00307713	SHERMAN	20010112	406	9999	9999	406	NA	NA	475.5	42.157	-79.593
USC00307713	SHERMAN	20010113	381	9999	9999	381	NA	NA	475.5	42.157	-79.593
USC00307713	SHERMAN	20010114	356	9999	9999	356	NA	NA	475.5	42.157	-79.593
USC00307713	SHERMAN	20010115	356	9999	9999	356	NA	NA	475.5	42.157	-79.593
USC00307713	SHERMAN	20010116	356	9999	9999	356	NA	NA	475.5	42.157	-79.593
USC00307713	SHERMAN	20010117	356	9999	9999	356	NA	NA	475.5	42.157	-79.593
USC00307713	SHERMAN	20010118	356	9999	9999	356	NA	NA	475.5	42.157	-79.593
USC00307713	SHERMAN	20010119	305	9999	9999	305	NA	NA	475.5	42.157	-79.593
USC00307713	SHERMAN	20010120	305	9999	9999	305	NA	NA	475.5	42.157	-79.593
USC00307713	SHERMAN	20010121	305	9999	9999	305	NA	NA	475.5	42.157	-79.593
USC00307713	SHERMAN	20010122	305	9999	9999	305	NA	NA	475.5	42.157	-79.593
USC00307713	SHERMAN	20010123	305	9999	9999	305	NA	NA	475.5	42.157	-79.593
USC00307713	SHERMAN	20010124	254	9999	9999	254	NA	NA	475.5	42.157	-79.593
USC00307713	SHERMAN	20010125	356	9999	9999	356	NA	NA	475.5	42.157	-79.593
USC00307713	SHERMAN	20010126	356	9999	9999	356	NA	NA	475.5	42.157	-79.593
USC00307713	SHERMAN	20010127	406	9999	9999	406	NA	NA	475.5	42.157	-79.593
USC00307713	SHERMAN	20010128	406	9999	9999	406	NA	NA	475.5	42.157	-79.593
USC00307713	SHERMAN	20010129	406	9999	9999	406	NA	NA	475.5	42.157	-79.593
USC00307713	SHERMAN	20010130	305	9999	9999	305	NA	NA	475.5	42.157	-79.593
USC00307713	SHERMAN	20010131	254	9999	9999	254	NA	NA	475.5	42.157	-79.593
USC00307713	SHERMAN	20020101	762	9999	9999	762	NA	NA	475.5	42.157	-79.593
USC00307713	SHERMAN	20020102	762	9999	9999	762	NA	NA	475.5	42.157	-79.593
USC00307713	SHERMAN	20020103	762	9999	9999	762	NA	NA	475.5	42.157	-79.593
USC00307713	SHERMAN	20020104	737	9999	9999	737	NA	NA	475.5	42.157	-79.593
USC00307713	SHERMAN	20020105	737	9999	9999	737	NA	NA	475.5	42.157	-79.593
USC00307713	SHERMAN	20020106	610	9999	9999	610	NA	NA	475.5	42.157	-79.593
USC00307713	SHERMAN	20020107	610	9999	9999	610	NA	NA	475.5	42.157	-79.593
USC00307713	SHERMAN	20020108	457	9999	9999	457	NA	NA	475.5	42.157	-79.593
USC00307713	SHERMAN	20020109	406	9999	9999	406	NA	NA	475.5	42.157	-79.593
USC00307713	SHERMAN	20020110	305	9999	9999	305	NA	NA	475.5	42.157	-79.593
USC00307713	SHERMAN	20020111	254	9999	9999	254	NA	NA	475.5	42.157	-79.593
USC00307713	SHERMAN	20020112	254	9999	9999	254	NA	NA	475.5	42.157	-79.593
USC00307713	SHERMAN	20020113	254	9999	9999	254	NA	NA	475.5	42.157	-79.593
USC00307713	SHERMAN	20020114	203	9999	9999	203	NA	NA	475.5	42.157	-79.593
USC00307713	SHERMAN	20020115	203	9999	9999	203	NA	NA	475.5	42.157	-79.593
USC00307713	SHERMAN	20020116	203	9999	9999	203	NA	NA	475.5	42.157	-79.593
USC00307713	SHERMAN	20020117	203	9999	9999	203	NA	NA	475.5	42.157	-79.593
USC00307713	SHERMAN	20020118	305	9999	9999	305	NA	NA	475.5	42.157	-79.593
USC00307713	SHERMAN	20020119	305	9999	9999	305	NA	NA	475.5	42.157	-79.593
USC00307713	SHERMAN	20020120	305	9999	9999	305	NA	NA	475.5	42.157	-79.593
USC00307713	SHERMAN	20020121	305	9999	9999	305	NA	NA	475.5	42.157	-79.593
USC00307713	SHERMAN	20020122	254	9999	9999	254	NA	NA	475.5	42.157	-79.593
USC00307713	SHERMAN	20020123	254	9999	9999	254	NA	NA	475.5	42.157	-79.593
USC00307713	SHERMAN	20020124	152	9999	9999	152	NA	NA	475.5	42.157	-79.593
USC00307713	SHERMAN	20020125	152	9999	9999	152	NA	NA	475.5	42.157	-79.593
USC00307713	SHERMAN	20020126	102	9999	9999	102	NA	NA	475.5	42.157	-79.593
USC00307713	SHERMAN	20020127	51	9999	9999	51	NA	NA	475.5	42.157	-79.593
USC00307713	SHERMAN	20020128	51	9999	9999	51	NA	NA	475.5	42.157	-79.593
USC00307713	SHERMAN	20020129	51	9999	9999	51	NA	NA	475.5	42.157	-79.593
USC00307713	SHERMAN	20020130	51	9999	9999	51	NA	NA	475.5	42.157	-79.593
USC00307713	SHERMAN	20020131	0	9999	9999	0	NA	NA	475.5	42.157	-79.593
USC00307713	SHERMAN	20030101	25	9999	9999	25	NA	NA	475.5	42.157	-79.593
USC00307713	SHERMAN	20030102	0	9999	9999	0	NA	NA	475.5	42.157	-79.593
USC00307713	SHERMAN	20030103	51	9999	9999	51	NA	NA	475.5	42.157	-79.593
USC00307713	SHERMAN	20030104	102	9999	9999	102	NA	NA	475.5	42.157	-79.593
USC00307713	SHERMAN	20030105	127	9999	9999	127	NA	NA	475.5	42.157	-79.593
USC00307713	SHERMAN	20030106	9999	9999	9999	NA	NA	NA	475.5	42.157	-79.593
USC00307713	SHERMAN	20030107	406	9999	9999	406	NA	NA	475.5	42.157	-79.593
USC00307713	SHERMAN	20030108	406	9999	9999	406	NA	NA	475.5	42.157	-79.593
USC00307713	SHERMAN	20030109	254	9999	9999	254	NA	NA	475.5	42.157	-79.593
USC00307713	SHERMAN	20030110	305	9999	9999	305	NA	NA	475.5	42.157	-79.593
USC00307713	SHERMAN	20030111	305	9999	9999	305	NA	NA	475.5	42.157	-79.593
USC00307713	SHERMAN	20030112	406	9999	9999	406	NA	NA	475.5	42.157	-79.593
USC00307713	SHERMAN	20030113	406	9999	9999	406	NA	NA	475.5	42.157	-79.593
USC00307713	SHERMAN	20030114	406	9999	9999	406	NA	NA	475.5	42.157	-79.593
USC00307713	SHERMAN	20030115	432	9999	9999	432	NA	NA	475.5	42.157	-79.593
USC00307713	SHERMAN	20030116	432	9999	9999	432	NA	NA	475.5	42.157	-79.593
USC00307713	SHERMAN	20030117	406	9999	9999	406	NA	NA	475.5	42.157	-79.593
USC00307713	SHERMAN	20030118	432	9999	9999	432	NA	NA	475.5	42.157	-79.593
USC00307713	SHERMAN	20030119	483	9999	9999	483	NA	NA	475.5	42.157	-79.593
USC00307713	SHERMAN	20030120	483	9999	9999	483	NA	NA	475.5	42.157	-79.593
USC00307713	SHERMAN	20030121	508	9999	9999	508	NA	NA	475.5	42.157	-79.593
USC00307713	SHERMAN	20030122	508	9999	9999	508	NA	NA	475.5	42.157	-79.593
USC00307713	SHERMAN	20030123	508	9999	9999	508	NA	NA	475.5	42.157	-79.593
USC00307713	SHERMAN	20030124	508	9999	9999	508	NA	NA	475.5	42.157	-79.593
USC00307713	SHERMAN	20030125	508	9999	9999	508	NA	NA	475.5	42.157	-79.593
USC00307713	SHERMAN	20030126	508	9999	9999	508	NA	NA	475.5	42.157	-79.593
USC00307713	SHERMAN	20030127	508	9999	9999	508	NA	NA	475.5	42.157	-79.593
USC00307713	SHERMAN	20030128	508	9999	9999	508	NA	NA	475.5	42.157	-79.593
USC00307713	SHERMAN	20030129	508	9999	9999	508	NA	NA	475.5	42.157	-79.593
USC00307713	SHERMAN	20030130	508	9999	9999	508	NA	NA	475.5	42.157	-79.593
USC00307713	SHERMAN	20030131	508	9999	9999	508	NA	NA	475.5	42.157	-79.593
USC00307713	SHERMAN	20040101	0	9999	9999	0	NA	NA	475.5	42.157	-79.593
USC00307713	SHERMAN	20040102	0	9999	9999	0	NA	NA	475.5	42.157	-79.593
USC00307713	SHERMAN	20040103	0	9999	9999	0	NA	NA	475.5	42.157	-79.593
USC00307713	SHERMAN	20040104	0	9999	9999	0	NA	NA	475.5	42.157	-79.593
USC00307713	SHERMAN	20040105	76	9999	9999	76	NA	NA	475.5	42.157	-79.593
USC00307713	SHERMAN	20040106	127	9999	9999	127	NA	NA	475.5	42.157	-79.593
USC00307713	SHERMAN	20040107	330	9999	9999	330	NA	NA	475.5	42.157	-79.593
USC00307713	SHERMAN	20040108	406	9999	9999	406	NA	NA	475.5	42.157	-79.593
USC00307713	SHERMAN	20040109	406	9999	9999	406	NA	NA	475.5	42.157	-79.593
USC00307713	SHERMAN	20040110	406	9999	9999	406	NA	NA	475.5	42.157	-79.593
USC00307713	SHERMAN	20040111	406	9999	9999	406	NA	NA	475.5	42.157	-79.593
USC00307713	SHERMAN	20040112	406	9999	9999	406	NA	NA	475.5	42.157	-79.593
USC00307713	SHERMAN	20040113	406	9999	9999	406	NA	NA	475.5	42.157	-79.593
USC00307713	SHERMAN	20040114	432	9999	9999	432	NA	NA	475.5	42.157	-79.593
USC00307713	SHERMAN	20040115	483	9999	9999	483	NA	NA	475.5	42.157	-79.593
USC00307713	SHERMAN	20040116	483	9999	9999	483	NA	NA	475.5	42.157	-79.593
USC00307713	SHERMAN	20040117	483	9999	9999	483	NA	NA	475.5	42.157	-79.593
USC00307713	SHERMAN	20040118	483	9999	9999	483	NA	NA	475.5	42.157	-79.593
USC00307713	SHERMAN	20040119	508	9999	9999	508	NA	NA	475.5	42.157	-79.593
USC00307713	SHERMAN	20040120	508	9999	9999	508	NA	NA	475.5	42.157	-79.593
USC00307713	SHERMAN	20040121	610	9999	9999	610	NA	NA	475.5	42.157	-79.593
USC00307713	SHERMAN	20040122	635	9999	9999	635	NA	NA	475.5	42.157	-79.593
USC00307713	SHERMAN	20040123	686	9999	9999	686	NA	NA	475.5	42.157	-79.593
USC00307713	SHERMAN	20040124	686	9999	9999	686	NA	NA	475.5	42.157	-79.593
USC00307713	SHERMAN	20040125	762	9999	9999	762	NA	NA	475.5	42.157	-79.593
USC00307713	SHERMAN	20040126	711	9999	9999	711	NA	NA	475.5	42.157	-79.593
USC00307713	SHERMAN	20040127	635	9999	9999	635	NA	NA	475.5	42.157	-79.593
USC00307713	SHERMAN	20040128	559	9999	9999	559	NA	NA	475.5	42.157	-79.593
USC00307713	SHERMAN	20040129	660	9999	9999	660	NA	NA	475.5	42.157	-79.593
USC00307713	SHERMAN	20040130	660	9999	9999	660	NA	NA	475.5	42.157	-79.593
USC00307713	SHERMAN	20040131	660	9999	9999	660	NA	NA	475.5	42.157	-79.593
USC00307713	SHERMAN	20050101	0	9999	9999	0	NA	NA	475.5	42.157	-79.593
USC00307713	SHERMAN	20050102	0	9999	9999	0	NA	NA	475.5	42.157	-79.593
USC00307713	SHERMAN	20050103	0	9999	9999	0	NA	NA	475.5	42.157	-79.593
USC00307713	SHERMAN	20050104	0	9999	9999	0	NA	NA	475.5	42.157	-79.593
USC00307713	SHERMAN	20050105	76	9999	9999	76	NA	NA	475.5	42.157	-79.593
USC00307713	SHERMAN	20050106	152	9999	9999	152	NA	NA	475.5	42.157	-79.593
USC00307713	SHERMAN	20050107	127	9999	9999	127	NA	NA	475.5	42.157	-79.593
USC00307713	SHERMAN	20050108	127	9999	9999	127	NA	NA	475.5	42.157	-79.593
USC00307713	SHERMAN	20050109	127	9999	9999	127	NA	NA	475.5	42.157	-79.593
USC00307713	SHERMAN	20050110	102	9999	9999	102	NA	NA	475.5	42.157	-79.593
USC00307713	SHERMAN	20050111	102	9999	9999	102	NA	NA	475.5	42.157	-79.593
USC00307713	SHERMAN	20050112	51	9999	9999	51	NA	NA	475.5	42.157	-79.593
USC00307713	SHERMAN	20050113	25	9999	9999	25	NA	NA	475.5	42.157	-79.593
USC00307713	SHERMAN	20050114	102	9999	9999	102	NA	NA	475.5	42.157	-79.593
USC00307713	SHERMAN	20050115	152	9999	9999	152	NA	NA	475.5	42.157	-79.593
USC00307713	SHERMAN	20050116	203	9999	9999	203	NA	NA	475.5	42.157	-79.593
USC00307713	SHERMAN	20050117	305	9999	9999	305	NA	NA	475.5	42.157	-79.593
USC00307713	SHERMAN	20050118	330	9999	9999	330	NA	NA	475.5	42.157	-79.593
USC00307713	SHERMAN	20050119	330	9999	9999	330	NA	NA	475.5	42.157	-79.593
USC00307713	SHERMAN	20050120	305	9999	9999	305	NA	NA	475.5	42.157	-79.593
USC00307713	SHERMAN	20050121	305	9999	9999	305	NA	NA	475.5	42.157	-79.593
USC00307713	SHERMAN	20050122	356	9999	9999	356	NA	NA	475.5	42.157	-79.593
USC00307713	SHERMAN	20050123	508	9999	9999	508	NA	NA	475.5	42.157	-79.593
USC00307713	SHERMAN	20050124	508	9999	9999	508	NA	NA	475.5	42.157	-79.593
USC00307713	SHERMAN	20050125	508	9999	9999	508	NA	NA	475.5	42.157	-79.593
USC00307713	SHERMAN	20050126	457	9999	9999	457	NA	NA	475.5	42.157	-79.593
USC00307713	SHERMAN	20050127	457	9999	9999	457	NA	NA	475.5	42.157	-79.593
USC00307713	SHERMAN	20050128	432	9999	9999	432	NA	NA	475.5	42.157	-79.593
USC00307713	SHERMAN	20050129	406	9999	9999	406	NA	NA	475.5	42.157	-79.593
USC00307713	SHERMAN	20050130	406	9999	9999	406	NA	NA	475.5	42.157	-79.593
USC00307713	SHERMAN	20050131	406	9999	9999	406	NA	NA	475.5	42.157	-79.593
