STATION	NAME	DATE	SNWD	TMAX	TMIN	SNWD2	TMAX2	TMIN2	ELEV	LAT	LONG
USC00307799	SLIDEMOUNTAIN	19950101	0	44	-44	0	44	-44	807.4	42.01667	-74.41667
USC00307799	SLIDEMOUNTAIN	19950102	152	39	-50	152	39	-50	807.4	42.01667	-74.41667
USC00307799	SLIDEMOUNTAIN	19950103	152	-50	-128	152	-50	-128	807.4	42.01667	-74.41667
USC00307799	SLIDEMOUNTAIN	19950104	152	-67	-128	152	-67	-128	807.4	42.01667	-74.41667
USC00307799	SLIDEMOUNTAIN	19950105	127	-89	-183	127	-89	-183	807.4	42.01667	-74.41667
USC00307799	SLIDEMOUNTAIN	19950106	127	-111	-172	127	-111	-172	807.4	42.01667	-74.41667
USC00307799	SLIDEMOUNTAIN	19950107	102	22	-150	102	22	-150	807.4	42.01667	-74.41667
USC00307799	SLIDEMOUNTAIN	19950108	102	6	-106	102	6	-106	807.4	42.01667	-74.41667
USC00307799	SLIDEMOUNTAIN	19950109	102	-56	-111	102	-56	-111	807.4	42.01667	-74.41667
USC00307799	SLIDEMOUNTAIN	19950110	102	-61	-150	102	-61	-150	807.4	42.01667	-74.41667
USC00307799	SLIDEMOUNTAIN	19950111	102	-67	-139	102	-67	-139	807.4	42.01667	-74.41667
USC00307799	SLIDEMOUNTAIN	19950112	102	17	-100	102	17	-100	807.4	42.01667	-74.41667
USC00307799	SLIDEMOUNTAIN	19950113	25	56	6	25	56	6	807.4	42.01667	-74.41667
USC00307799	SLIDEMOUNTAIN	19950114	0	106	33	0	106	33	807.4	42.01667	-74.41667
USC00307799	SLIDEMOUNTAIN	19950115	0	117	100	0	117	100	807.4	42.01667	-74.41667
USC00307799	SLIDEMOUNTAIN	19950116	0	122	94	0	122	94	807.4	42.01667	-74.41667
USC00307799	SLIDEMOUNTAIN	19950117	0	100	0	0	100	0	807.4	42.01667	-74.41667
USC00307799	SLIDEMOUNTAIN	19950118	0	44	-11	0	44	-11	807.4	42.01667	-74.41667
USC00307799	SLIDEMOUNTAIN	19950119	0	33	0	0	33	0	807.4	42.01667	-74.41667
USC00307799	SLIDEMOUNTAIN	19950120	0	72	11	0	72	11	807.4	42.01667	-74.41667
USC00307799	SLIDEMOUNTAIN	19950121	127	50	-11	127	50	-11	807.4	42.01667	-74.41667
USC00307799	SLIDEMOUNTAIN	19950122	152	-6	-56	152	-6	-56	807.4	42.01667	-74.41667
USC00307799	SLIDEMOUNTAIN	19950123	178	-44	-83	178	-44	-83	807.4	42.01667	-74.41667
USC00307799	SLIDEMOUNTAIN	19950124	178	-44	-83	178	-44	-83	807.4	42.01667	-74.41667
USC00307799	SLIDEMOUNTAIN	19950125	178	-50	-67	178	-50	-67	807.4	42.01667	-74.41667
USC00307799	SLIDEMOUNTAIN	19950126	178	-44	-83	178	-44	-83	807.4	42.01667	-74.41667
USC00307799	SLIDEMOUNTAIN	19950127	178	-67	-100	178	-67	-100	807.4	42.01667	-74.41667
USC00307799	SLIDEMOUNTAIN	19950128	178	-67	-189	178	-67	-189	807.4	42.01667	-74.41667
USC00307799	SLIDEMOUNTAIN	19950129	178	-67	-189	178	-67	-189	807.4	42.01667	-74.41667
USC00307799	SLIDEMOUNTAIN	19950130	178	-17	-144	178	-17	-144	807.4	42.01667	-74.41667
USC00307799	SLIDEMOUNTAIN	19950131	178	0	-122	178	0	-122	807.4	42.01667	-74.41667
USC00307799	SLIDEMOUNTAIN	19960101	432	22	-61	432	22	-61	807.4	42.01667	-74.41667
USC00307799	SLIDEMOUNTAIN	19960102	406	6	-44	406	6	-44	807.4	42.01667	-74.41667
USC00307799	SLIDEMOUNTAIN	19960103	584	-28	-83	584	-28	-83	807.4	42.01667	-74.41667
USC00307799	SLIDEMOUNTAIN	19960104	660	-72	-200	660	-72	-200	807.4	42.01667	-74.41667
USC00307799	SLIDEMOUNTAIN	19960105	660	-133	-200	660	-133	-200	807.4	42.01667	-74.41667
USC00307799	SLIDEMOUNTAIN	19960106	635	-128	-256	635	-128	-256	807.4	42.01667	-74.41667
USC00307799	SLIDEMOUNTAIN	19960107	610	-144	-233	610	-144	-233	807.4	42.01667	-74.41667
USC00307799	SLIDEMOUNTAIN	19960108	1016	-128	-156	1016	-128	-156	807.4	42.01667	-74.41667
USC00307799	SLIDEMOUNTAIN	19960109	991	-122	-178	991	-122	-178	807.4	42.01667	-74.41667
USC00307799	SLIDEMOUNTAIN	19960110	940	-83	-128	940	-83	-128	807.4	42.01667	-74.41667
USC00307799	SLIDEMOUNTAIN	19960111	889	-89	-189	889	-89	-189	807.4	42.01667	-74.41667
USC00307799	SLIDEMOUNTAIN	19960112	889	-89	-183	889	-89	-183	807.4	42.01667	-74.41667
USC00307799	SLIDEMOUNTAIN	19960113	1092	-39	-89	1092	-39	-89	807.4	42.01667	-74.41667
USC00307799	SLIDEMOUNTAIN	19960114	1092	-56	-89	1092	-56	-89	807.4	42.01667	-74.41667
USC00307799	SLIDEMOUNTAIN	19960115	1067	0	-78	1067	0	-78	807.4	42.01667	-74.41667
USC00307799	SLIDEMOUNTAIN	19960117	914	33	-156	914	33	-156	807.4	42.01667	-74.41667
USC00307799	SLIDEMOUNTAIN	19960118	813	56	11	813	56	11	807.4	42.01667	-74.41667
USC00307799	SLIDEMOUNTAIN	19960119	457	100	44	457	100	44	807.4	42.01667	-74.41667
USC00307799	SLIDEMOUNTAIN	19960120	305	106	-133	305	106	-133	807.4	42.01667	-74.41667
USC00307799	SLIDEMOUNTAIN	19960121	305	-67	-133	305	-67	-133	807.4	42.01667	-74.41667
USC00307799	SLIDEMOUNTAIN	19960122	305	-61	-111	305	-61	-111	807.4	42.01667	-74.41667
USC00307799	SLIDEMOUNTAIN	19960123	305	-6	-106	305	-6	-106	807.4	42.01667	-74.41667
USC00307799	SLIDEMOUNTAIN	19960124	279	11	-72	279	11	-72	807.4	42.01667	-74.41667
USC00307799	SLIDEMOUNTAIN	19960125	279	56	-122	279	56	-122	807.4	42.01667	-74.41667
USC00307799	SLIDEMOUNTAIN	19960126	279	-89	-144	279	-89	-144	807.4	42.01667	-74.41667
USC00307799	SLIDEMOUNTAIN	19960127	229	67	-106	229	67	-106	807.4	42.01667	-74.41667
USC00307799	SLIDEMOUNTAIN	19960128	127	67	-122	127	67	-122	807.4	42.01667	-74.41667
USC00307799	SLIDEMOUNTAIN	19960129	127	-78	-139	127	-78	-139	807.4	42.01667	-74.41667
USC00307799	SLIDEMOUNTAIN	19960130	178	-56	-106	178	-56	-106	807.4	42.01667	-74.41667
USC00307799	SLIDEMOUNTAIN	19960131	229	-6	-133	229	-6	-133	807.4	42.01667	-74.41667
USC00307799	SLIDEMOUNTAIN	19970101	25	-78	-194	25	-78	-194	807.4	42.01667	-74.41667
USC00307799	SLIDEMOUNTAIN	19970102	25	-33	-150	25	-33	-150	807.4	42.01667	-74.41667
USC00307799	SLIDEMOUNTAIN	19970103	9999	56	-33	NA	56	-33	807.4	42.01667	-74.41667
USC00307799	SLIDEMOUNTAIN	19970104	9999	67	-11	NA	67	-11	807.4	42.01667	-74.41667
USC00307799	SLIDEMOUNTAIN	19970105	0	78	6	0	78	6	807.4	42.01667	-74.41667
USC00307799	SLIDEMOUNTAIN	19970106	0	83	-22	0	83	-22	807.4	42.01667	-74.41667
USC00307799	SLIDEMOUNTAIN	19970107	25	-22	-94	25	-22	-94	807.4	42.01667	-74.41667
USC00307799	SLIDEMOUNTAIN	19970108	25	-72	-117	25	-72	-117	807.4	42.01667	-74.41667
USC00307799	SLIDEMOUNTAIN	19970109	25	-72	-117	25	-72	-117	807.4	42.01667	-74.41667
USC00307799	SLIDEMOUNTAIN	19970110	102	-17	-78	102	-17	-78	807.4	42.01667	-74.41667
USC00307799	SLIDEMOUNTAIN	19970111	127	-44	-117	127	-44	-117	807.4	42.01667	-74.41667
USC00307799	SLIDEMOUNTAIN	19970112	127	-89	-150	127	-89	-150	807.4	42.01667	-74.41667
USC00307799	SLIDEMOUNTAIN	19970113	102	-100	-133	102	-100	-133	807.4	42.01667	-74.41667
USC00307799	SLIDEMOUNTAIN	19970114	102	-78	-122	102	-78	-122	807.4	42.01667	-74.41667
USC00307799	SLIDEMOUNTAIN	19970115	76	-72	-122	76	-72	-122	807.4	42.01667	-74.41667
USC00307799	SLIDEMOUNTAIN	19970116	229	0	-117	229	0	-117	807.4	42.01667	-74.41667
USC00307799	SLIDEMOUNTAIN	19970117	254	-6	-200	254	-6	-200	807.4	42.01667	-74.41667
USC00307799	SLIDEMOUNTAIN	19970118	254	-167	-261	254	-167	-261	807.4	42.01667	-74.41667
USC00307799	SLIDEMOUNTAIN	19970119	254	-167	-267	254	-167	-267	807.4	42.01667	-74.41667
USC00307799	SLIDEMOUNTAIN	19970120	254	-128	-233	254	-128	-233	807.4	42.01667	-74.41667
USC00307799	SLIDEMOUNTAIN	19970121	254	-61	-150	254	-61	-150	807.4	42.01667	-74.41667
USC00307799	SLIDEMOUNTAIN	19970122	229	-39	-150	229	-39	-150	807.4	42.01667	-74.41667
USC00307799	SLIDEMOUNTAIN	19970123	152	28	-50	152	28	-50	807.4	42.01667	-74.41667
USC00307799	SLIDEMOUNTAIN	19970124	152	6	-139	152	6	-139	807.4	42.01667	-74.41667
USC00307799	SLIDEMOUNTAIN	19970125	152	44	-117	152	44	-117	807.4	42.01667	-74.41667
USC00307799	SLIDEMOUNTAIN	19970126	152	33	-122	152	33	-122	807.4	42.01667	-74.41667
USC00307799	SLIDEMOUNTAIN	19970127	152	-100	-156	152	-100	-156	807.4	42.01667	-74.41667
USC00307799	SLIDEMOUNTAIN	19970128	356	-11	-139	356	-11	-139	807.4	42.01667	-74.41667
USC00307799	SLIDEMOUNTAIN	19970129	356	-11	-156	356	-11	-156	807.4	42.01667	-74.41667
USC00307799	SLIDEMOUNTAIN	19970130	356	-111	-178	356	-111	-178	807.4	42.01667	-74.41667
USC00307799	SLIDEMOUNTAIN	19970131	356	-50	-167	356	-50	-167	807.4	42.01667	-74.41667
USC00307799	SLIDEMOUNTAIN	19980101	533	-78	-217	533	-78	-217	807.4	42.01667	-74.41667
USC00307799	SLIDEMOUNTAIN	19980102	483	-39	-128	483	-39	-128	807.4	42.01667	-74.41667
USC00307799	SLIDEMOUNTAIN	19980103	457	50	-39	457	50	-39	807.4	42.01667	-74.41667
USC00307799	SLIDEMOUNTAIN	19980104	330	78	33	330	78	33	807.4	42.01667	-74.41667
USC00307799	SLIDEMOUNTAIN	19980105	279	56	11	279	56	11	807.4	42.01667	-74.41667
USC00307799	SLIDEMOUNTAIN	19980106	178	83	11	178	83	11	807.4	42.01667	-74.41667
USC00307799	SLIDEMOUNTAIN	19980107	127	72	33	127	72	33	807.4	42.01667	-74.41667
USC00307799	SLIDEMOUNTAIN	19980108	51	111	28	51	111	28	807.4	42.01667	-74.41667
USC00307799	SLIDEMOUNTAIN	19980109	0	139	94	0	139	94	807.4	42.01667	-74.41667
USC00307799	SLIDEMOUNTAIN	19980110	0	106	-28	0	106	-28	807.4	42.01667	-74.41667
USC00307799	SLIDEMOUNTAIN	19980111	0	22	-39	0	22	-39	807.4	42.01667	-74.41667
USC00307799	SLIDEMOUNTAIN	19980112	0	17	-106	0	17	-106	807.4	42.01667	-74.41667
USC00307799	SLIDEMOUNTAIN	19980113	0	-6	-106	0	-6	-106	807.4	42.01667	-74.41667
USC00307799	SLIDEMOUNTAIN	19980114	25	-6	-133	25	-6	-133	807.4	42.01667	-74.41667
USC00307799	SLIDEMOUNTAIN	19980115	25	-78	-128	25	-78	-128	807.4	42.01667	-74.41667
USC00307799	SLIDEMOUNTAIN	19980116	25	6	-78	25	6	-78	807.4	42.01667	-74.41667
USC00307799	SLIDEMOUNTAIN	19980117	25	-17	-67	25	-17	-67	807.4	42.01667	-74.41667
USC00307799	SLIDEMOUNTAIN	19980118	25	-17	-61	25	-17	-61	807.4	42.01667	-74.41667
USC00307799	SLIDEMOUNTAIN	19980119	51	-33	-61	51	-33	-61	807.4	42.01667	-74.41667
USC00307799	SLIDEMOUNTAIN	19980120	51	-33	-78	51	-33	-78	807.4	42.01667	-74.41667
USC00307799	SLIDEMOUNTAIN	19980121	76	-61	-89	76	-61	-89	807.4	42.01667	-74.41667
USC00307799	SLIDEMOUNTAIN	19980122	51	-56	-128	51	-56	-128	807.4	42.01667	-74.41667
USC00307799	SLIDEMOUNTAIN	19980123	152	-50	-106	152	-50	-106	807.4	42.01667	-74.41667
USC00307799	SLIDEMOUNTAIN	19980124	152	17	-72	152	17	-72	807.4	42.01667	-74.41667
USC00307799	SLIDEMOUNTAIN	19980125	178	-6	-72	178	-6	-72	807.4	42.01667	-74.41667
USC00307799	SLIDEMOUNTAIN	19980126	178	-50	-83	178	-50	-83	807.4	42.01667	-74.41667
USC00307799	SLIDEMOUNTAIN	19980127	178	-33	-111	178	-33	-111	807.4	42.01667	-74.41667
USC00307799	SLIDEMOUNTAIN	19980128	178	-33	-72	178	-33	-72	807.4	42.01667	-74.41667
USC00307799	SLIDEMOUNTAIN	19980129	178	-17	-72	178	-17	-72	807.4	42.01667	-74.41667
USC00307799	SLIDEMOUNTAIN	19980130	152	39	-50	152	39	-50	807.4	42.01667	-74.41667
USC00307799	SLIDEMOUNTAIN	19980131	152	0	-61	152	0	-61	807.4	42.01667	-74.41667
USC00307799	SLIDEMOUNTAIN	19990101	127	-94	-156	127	-94	-156	807.7	42.01667	-74.41667
USC00307799	SLIDEMOUNTAIN	19990102	102	-100	-222	102	-100	-222	807.7	42.01667	-74.41667
USC00307799	SLIDEMOUNTAIN	19990103	102	17	17	102	17	17	807.7	42.01667	-74.41667
USC00307799	SLIDEMOUNTAIN	19990104	76	78	-133	76	78	-133	807.7	42.01667	-74.41667
USC00307799	SLIDEMOUNTAIN	19990105	76	-78	-144	76	-78	-144	807.7	42.01667	-74.41667
USC00307799	SLIDEMOUNTAIN	19990106	76	-106	-172	76	-106	-172	807.7	42.01667	-74.41667
USC00307799	SLIDEMOUNTAIN	19990107	127	-72	-172	127	-72	-172	807.7	42.01667	-74.41667
USC00307799	SLIDEMOUNTAIN	19990108	102	-89	-189	102	-89	-189	807.7	42.01667	-74.41667
USC00307799	SLIDEMOUNTAIN	19990109	127	28	-161	127	28	-161	807.7	42.01667	-74.41667
USC00307799	SLIDEMOUNTAIN	19990110	127	33	-178	127	33	-178	807.7	42.01667	-74.41667
USC00307799	SLIDEMOUNTAIN	19990111	102	-67	-178	102	-67	-178	807.7	42.01667	-74.41667
USC00307799	SLIDEMOUNTAIN	19990112	127	-56	-167	127	-56	-167	807.7	42.01667	-74.41667
USC00307799	SLIDEMOUNTAIN	19990113	102	33	-67	102	33	-67	807.7	42.01667	-74.41667
USC00307799	SLIDEMOUNTAIN	19990114	178	33	-161	178	33	-161	807.7	42.01667	-74.41667
USC00307799	SLIDEMOUNTAIN	19990115	305	33	-161	305	33	-161	807.7	42.01667	-74.41667
USC00307799	SLIDEMOUNTAIN	19990116	254	44	-122	254	44	-122	807.7	42.01667	-74.41667
USC00307799	SLIDEMOUNTAIN	19990117	254	6	-122	254	6	-122	807.7	42.01667	-74.41667
USC00307799	SLIDEMOUNTAIN	19990118	178	61	-39	178	61	-39	807.7	42.01667	-74.41667
USC00307799	SLIDEMOUNTAIN	19990119	76	94	-17	76	94	-17	807.7	42.01667	-74.41667
USC00307799	SLIDEMOUNTAIN	19990120	76	28	-50	76	28	-50	807.7	42.01667	-74.41667
USC00307799	SLIDEMOUNTAIN	19990121	76	11	-56	76	11	-56	807.7	42.01667	-74.41667
USC00307799	SLIDEMOUNTAIN	19990122	76	28	-28	76	28	-28	807.7	42.01667	-74.41667
USC00307799	SLIDEMOUNTAIN	19990123	76	72	11	76	72	11	807.7	42.01667	-74.41667
USC00307799	SLIDEMOUNTAIN	19990124	0	117	50	0	117	50	807.7	42.01667	-74.41667
USC00307799	SLIDEMOUNTAIN	19990125	0	117	-39	0	117	-39	807.7	42.01667	-74.41667
USC00307799	SLIDEMOUNTAIN	19990126	0	-22	-89	0	-22	-89	807.7	42.01667	-74.41667
USC00307799	SLIDEMOUNTAIN	19990127	0	-11	-89	0	-11	-89	807.7	42.01667	-74.41667
USC00307799	SLIDEMOUNTAIN	19990128	0	17	-50	0	17	-50	807.7	42.01667	-74.41667
USC00307799	SLIDEMOUNTAIN	19990129	0	6	-106	0	6	-106	807.7	42.01667	-74.41667
USC00307799	SLIDEMOUNTAIN	19990130	0	-39	-106	0	-39	-106	807.7	42.01667	-74.41667
USC00307799	SLIDEMOUNTAIN	19990131	76	-33	-194	76	-33	-194	807.7	42.01667	-74.41667
USC00307799	SLIDEMOUNTAIN	20000101	25	-11	-72	25	-11	-72	807.7	42.01667	-74.41667
USC00307799	SLIDEMOUNTAIN	20000102	9999	50	-39	NA	50	-39	807.7	42.01667	-74.41667
USC00307799	SLIDEMOUNTAIN	20000103	9999	100	33	NA	100	33	807.7	42.01667	-74.41667
USC00307799	SLIDEMOUNTAIN	20000104	0	111	67	0	111	67	807.7	42.01667	-74.41667
USC00307799	SLIDEMOUNTAIN	20000105	0	117	-89	0	117	-89	807.7	42.01667	-74.41667
USC00307799	SLIDEMOUNTAIN	20000106	0	-56	-122	0	-56	-122	807.7	42.01667	-74.41667
USC00307799	SLIDEMOUNTAIN	20000107	0	-22	-106	0	-22	-106	807.7	42.01667	-74.41667
USC00307799	SLIDEMOUNTAIN	20000108	0	6	-106	0	6	-106	807.7	42.01667	-74.41667
USC00307799	SLIDEMOUNTAIN	20000109	0	-11	-89	0	-11	-89	807.7	42.01667	-74.41667
USC00307799	SLIDEMOUNTAIN	20000110	0	50	-11	0	50	-11	807.7	42.01667	-74.41667
USC00307799	SLIDEMOUNTAIN	20000111	0	44	-11	0	44	-11	807.7	42.01667	-74.41667
USC00307799	SLIDEMOUNTAIN	20000112	0	22	-33	0	22	-33	807.7	42.01667	-74.41667
USC00307799	SLIDEMOUNTAIN	20000113	76	-11	-67	76	-11	-67	807.7	42.01667	-74.41667
USC00307799	SLIDEMOUNTAIN	20000114	152	-61	-206	152	-61	-206	807.7	42.01667	-74.41667
USC00307799	SLIDEMOUNTAIN	20000115	152	-156	-200	152	-156	-200	807.7	42.01667	-74.41667
USC00307799	SLIDEMOUNTAIN	20000116	127	-72	-178	127	-72	-178	807.7	42.01667	-74.41667
USC00307799	SLIDEMOUNTAIN	20000117	127	-28	-256	127	-28	-256	807.7	42.01667	-74.41667
USC00307799	SLIDEMOUNTAIN	20000118	127	-178	-261	127	-178	-261	807.7	42.01667	-74.41667
USC00307799	SLIDEMOUNTAIN	20000119	127	-111	-189	127	-111	-189	807.7	42.01667	-74.41667
USC00307799	SLIDEMOUNTAIN	20000120	127	-89	-167	127	-89	-167	807.7	42.01667	-74.41667
USC00307799	SLIDEMOUNTAIN	20000121	178	-83	-194	178	-83	-194	807.7	42.01667	-74.41667
USC00307799	SLIDEMOUNTAIN	20000122	178	-172	-233	178	-172	-233	807.7	42.01667	-74.41667
USC00307799	SLIDEMOUNTAIN	20000123	178	-150	-222	178	-150	-222	807.7	42.01667	-74.41667
USC00307799	SLIDEMOUNTAIN	20000124	178	-67	-150	178	-67	-150	807.7	42.01667	-74.41667
USC00307799	SLIDEMOUNTAIN	20000125	178	-6	-150	178	-6	-150	807.7	42.01667	-74.41667
USC00307799	SLIDEMOUNTAIN	20000126	406	-72	-122	406	-72	-122	807.7	42.01667	-74.41667
USC00307799	SLIDEMOUNTAIN	20000127	406	-100	-200	406	-100	-200	807.7	42.01667	-74.41667
USC00307799	SLIDEMOUNTAIN	20000128	381	-161	-217	381	-161	-217	807.7	42.01667	-74.41667
USC00307799	SLIDEMOUNTAIN	20000129	381	-128	-206	381	-128	-206	807.7	42.01667	-74.41667
USC00307799	SLIDEMOUNTAIN	20000130	330	-44	-150	330	-44	-150	807.7	42.01667	-74.41667
USC00307799	SLIDEMOUNTAIN	20000131	508	-6	-83	508	-6	-83	807.7	42.01667	-74.41667
USC00307799	SLIDEMOUNTAIN	20010101	686	-106	-117	686	-106	-117	807.7	42.01667	-74.41667
USC00307799	SLIDEMOUNTAIN	20010102	533	-83	-144	533	-83	-144	807.7	42.01667	-74.41667
USC00307799	SLIDEMOUNTAIN	20010103	483	-89	-144	483	-89	-144	807.7	42.01667	-74.41667
USC00307799	SLIDEMOUNTAIN	20010104	406	-61	-122	406	-61	-122	807.7	42.01667	-74.41667
USC00307799	SLIDEMOUNTAIN	20010105	381	-61	-122	381	-61	-122	807.7	42.01667	-74.41667
USC00307799	SLIDEMOUNTAIN	20010106	432	-44	-89	432	-44	-89	807.7	42.01667	-74.41667
USC00307799	SLIDEMOUNTAIN	20010107	381	-44	-83	381	-44	-83	807.7	42.01667	-74.41667
USC00307799	SLIDEMOUNTAIN	20010108	381	-22	-61	381	-22	-61	807.7	42.01667	-74.41667
USC00307799	SLIDEMOUNTAIN	20010109	406	-6	-94	406	-6	-94	807.7	42.01667	-74.41667
USC00307799	SLIDEMOUNTAIN	20010110	406	-78	-167	406	-78	-167	807.7	42.01667	-74.41667
USC00307799	SLIDEMOUNTAIN	20010111	381	-11	-167	381	-11	-167	807.7	42.01667	-74.41667
USC00307799	SLIDEMOUNTAIN	20010113	381	-11	-100	381	-11	-100	807.7	42.01667	-74.41667
USC00307799	SLIDEMOUNTAIN	20010114	356	44	-83	356	44	-83	807.7	42.01667	-74.41667
USC00307799	SLIDEMOUNTAIN	20010115	356	50	-33	356	50	-33	807.7	42.01667	-74.41667
USC00307799	SLIDEMOUNTAIN	20010116	356	-6	-22	356	-6	-22	807.7	42.01667	-74.41667
USC00307799	SLIDEMOUNTAIN	20010117	356	-6	-28	356	-6	-28	807.7	42.01667	-74.41667
USC00307799	SLIDEMOUNTAIN	20010118	330	-17	-117	330	-17	-117	807.7	42.01667	-74.41667
USC00307799	SLIDEMOUNTAIN	20010119	330	-22	-67	330	-22	-67	807.7	42.01667	-74.41667
USC00307799	SLIDEMOUNTAIN	20010120	356	0	-50	356	0	-50	807.7	42.01667	-74.41667
USC00307799	SLIDEMOUNTAIN	20010121	457	-44	-122	457	-44	-122	807.7	42.01667	-74.41667
USC00307799	SLIDEMOUNTAIN	20010122	457	-72	-128	457	-72	-128	807.7	42.01667	-74.41667
USC00307799	SLIDEMOUNTAIN	20010123	432	-61	-128	432	-61	-128	807.7	42.01667	-74.41667
USC00307799	SLIDEMOUNTAIN	20010124	381	6	-122	381	6	-122	807.7	42.01667	-74.41667
USC00307799	SLIDEMOUNTAIN	20010125	356	0	-72	356	0	-72	807.7	42.01667	-74.41667
USC00307799	SLIDEMOUNTAIN	20010126	356	-44	-150	356	-44	-150	807.7	42.01667	-74.41667
USC00307799	SLIDEMOUNTAIN	20010127	356	11	-150	356	11	-150	807.7	42.01667	-74.41667
USC00307799	SLIDEMOUNTAIN	20010128	381	-17	-94	381	-17	-94	807.7	42.01667	-74.41667
USC00307799	SLIDEMOUNTAIN	20010129	381	-44	-117	381	-44	-117	807.7	42.01667	-74.41667
USC00307799	SLIDEMOUNTAIN	20010130	356	11	-111	356	11	-111	807.7	42.01667	-74.41667
USC00307799	SLIDEMOUNTAIN	20010131	330	39	-6	330	39	-6	807.7	42.01667	-74.41667
USC00307799	SLIDEMOUNTAIN	20020101	76	-72	-139	76	-72	-139	807.7	42.01667	-74.41667
USC00307799	SLIDEMOUNTAIN	20020102	76	-78	-117	76	-78	-117	807.7	42.01667	-74.41667
USC00307799	SLIDEMOUNTAIN	20020103	76	-50	-128	76	-50	-128	807.7	42.01667	-74.41667
USC00307799	SLIDEMOUNTAIN	20020104	76	-39	-89	76	-39	-89	807.7	42.01667	-74.41667
USC00307799	SLIDEMOUNTAIN	20020105	51	-39	-83	51	-39	-83	807.7	42.01667	-74.41667
USC00307799	SLIDEMOUNTAIN	20020106	51	-11	-67	51	-11	-67	807.7	42.01667	-74.41667
USC00307799	SLIDEMOUNTAIN	20020107	356	17	-44	356	17	-44	807.7	42.01667	-74.41667
USC00307799	SLIDEMOUNTAIN	20020108	483	-44	-139	483	-44	-139	807.7	42.01667	-74.41667
USC00307799	SLIDEMOUNTAIN	20020109	330	-50	-117	330	-50	-117	807.7	42.01667	-74.41667
USC00307799	SLIDEMOUNTAIN	20020110	305	28	-56	305	28	-56	807.7	42.01667	-74.41667
USC00307799	SLIDEMOUNTAIN	20020111	279	33	-11	279	33	-11	807.7	42.01667	-74.41667
USC00307799	SLIDEMOUNTAIN	20020112	305	11	-33	305	11	-33	807.7	42.01667	-74.41667
USC00307799	SLIDEMOUNTAIN	20020113	305	22	-33	305	22	-33	807.7	42.01667	-74.41667
USC00307799	SLIDEMOUNTAIN	20020114	305	-22	-72	305	-22	-72	807.7	42.01667	-74.41667
USC00307799	SLIDEMOUNTAIN	20020115	279	0	-83	279	0	-83	807.7	42.01667	-74.41667
USC00307799	SLIDEMOUNTAIN	20020116	279	17	-61	279	17	-61	807.7	42.01667	-74.41667
USC00307799	SLIDEMOUNTAIN	20020117	305	-33	-67	305	-33	-67	807.7	42.01667	-74.41667
USC00307799	SLIDEMOUNTAIN	20020118	305	-17	-100	305	-17	-100	807.7	42.01667	-74.41667
USC00307799	SLIDEMOUNTAIN	20020119	305	-44	-150	305	-44	-150	807.7	42.01667	-74.41667
USC00307799	SLIDEMOUNTAIN	20020120	432	-72	-122	432	-72	-122	807.7	42.01667	-74.41667
USC00307799	SLIDEMOUNTAIN	20020121	406	-28	-106	406	-28	-106	807.7	42.01667	-74.41667
USC00307799	SLIDEMOUNTAIN	20020122	381	-22	-56	381	-22	-56	807.7	42.01667	-74.41667
USC00307799	SLIDEMOUNTAIN	20020123	330	28	-39	330	28	-39	807.7	42.01667	-74.41667
USC00307799	SLIDEMOUNTAIN	20020124	279	67	6	279	67	6	807.7	42.01667	-74.41667
USC00307799	SLIDEMOUNTAIN	20020125	203	78	-50	203	78	-50	807.7	42.01667	-74.41667
USC00307799	SLIDEMOUNTAIN	20020126	203	6	-56	203	6	-56	807.7	42.01667	-74.41667
USC00307799	SLIDEMOUNTAIN	20020127	203	72	-28	203	72	-28	807.7	42.01667	-74.41667
USC00307799	SLIDEMOUNTAIN	20020128	203	100	-28	203	100	-28	807.7	42.01667	-74.41667
USC00307799	SLIDEMOUNTAIN	20020129	203	106	6	203	106	6	807.7	42.01667	-74.41667
USC00307799	SLIDEMOUNTAIN	20020130	127	111	33	127	111	33	807.7	42.01667	-74.41667
USC00307799	SLIDEMOUNTAIN	20020131	102	72	-33	102	72	-33	807.7	42.01667	-74.41667
USC00307799	SLIDEMOUNTAIN	20030101	330	78	-6	330	78	-6	807.7	42.01667	-74.41667
USC00307799	SLIDEMOUNTAIN	20030102	356	6	-78	356	6	-78	807.7	42.01667	-74.41667
USC00307799	SLIDEMOUNTAIN	20030103	381	-61	-89	381	-61	-89	807.7	42.01667	-74.41667
USC00307799	SLIDEMOUNTAIN	20030104	711	-39	-67	711	-39	-67	807.7	42.01667	-74.41667
USC00307799	SLIDEMOUNTAIN	20030105	635	-44	-72	635	-44	-72	807.7	42.01667	-74.41667
USC00307799	SLIDEMOUNTAIN	20030106	610	-50	-72	610	-50	-72	807.7	42.01667	-74.41667
USC00307799	SLIDEMOUNTAIN	20030107	635	-50	-117	635	-50	-117	807.7	42.01667	-74.41667
USC00307799	SLIDEMOUNTAIN	20030108	584	-33	-139	584	-33	-139	807.7	42.01667	-74.41667
USC00307799	SLIDEMOUNTAIN	20030109	584	-6	-33	584	-6	-33	807.7	42.01667	-74.41667
USC00307799	SLIDEMOUNTAIN	20030110	635	-11	-44	635	-11	-44	807.7	42.01667	-74.41667
USC00307799	SLIDEMOUNTAIN	20030111	635	-44	-133	635	-44	-133	807.7	42.01667	-74.41667
USC00307799	SLIDEMOUNTAIN	20030112	635	-94	-117	635	-94	-117	807.7	42.01667	-74.41667
USC00307799	SLIDEMOUNTAIN	20030113	610	-78	-139	610	-78	-139	807.7	42.01667	-74.41667
USC00307799	SLIDEMOUNTAIN	20030114	610	-78	-156	610	-78	-156	807.7	42.01667	-74.41667
USC00307799	SLIDEMOUNTAIN	20030115	610	-122	-156	610	-122	-156	807.7	42.01667	-74.41667
USC00307799	SLIDEMOUNTAIN	20030116	610	-106	-167	610	-106	-167	807.7	42.01667	-74.41667
USC00307799	SLIDEMOUNTAIN	20030117	610	-94	-144	610	-94	-144	807.7	42.01667	-74.41667
USC00307799	SLIDEMOUNTAIN	20030118	610	-100	-233	610	-100	-233	807.7	42.01667	-74.41667
USC00307799	SLIDEMOUNTAIN	20030119	610	-100	-211	610	-100	-211	807.7	42.01667	-74.41667
USC00307799	SLIDEMOUNTAIN	20030120	660	-106	-150	660	-106	-150	807.7	42.01667	-74.41667
USC00307799	SLIDEMOUNTAIN	20030121	635	-117	-206	635	-117	-206	807.7	42.01667	-74.41667
USC00307799	SLIDEMOUNTAIN	20030122	610	-133	-200	610	-133	-200	807.7	42.01667	-74.41667
USC00307799	SLIDEMOUNTAIN	20030123	610	-161	-206	610	-161	-206	807.7	42.01667	-74.41667
USC00307799	SLIDEMOUNTAIN	20030124	610	-156	-228	610	-156	-228	807.7	42.01667	-74.41667
USC00307799	SLIDEMOUNTAIN	20030125	610	-117	-200	610	-117	-200	807.7	42.01667	-74.41667
USC00307799	SLIDEMOUNTAIN	20030126	610	-67	-122	610	-67	-122	807.7	42.01667	-74.41667
USC00307799	SLIDEMOUNTAIN	20030127	660	-67	-217	660	-67	-217	807.7	42.01667	-74.41667
USC00307799	SLIDEMOUNTAIN	20030128	635	-167	-222	635	-167	-222	807.7	42.01667	-74.41667
USC00307799	SLIDEMOUNTAIN	20030129	635	-94	-167	635	-94	-167	807.7	42.01667	-74.41667
USC00307799	SLIDEMOUNTAIN	20030130	635	-39	-156	635	-39	-156	807.7	42.01667	-74.41667
USC00307799	SLIDEMOUNTAIN	20030131	635	-28	-144	635	-28	-144	807.7	42.01667	-74.41667
USC00307799	SLIDEMOUNTAIN	20040101	0	33	-39	0	33	-39	807.7	42.01667	-74.41667
USC00307799	SLIDEMOUNTAIN	20040102	0	-11	-44	0	-11	-44	807.7	42.01667	-74.41667
USC00307799	SLIDEMOUNTAIN	20040103	0	33	-22	0	33	-22	807.7	42.01667	-74.41667
USC00307799	SLIDEMOUNTAIN	20040104	0	78	17	0	78	17	807.7	42.01667	-74.41667
USC00307799	SLIDEMOUNTAIN	20040105	0	28	-22	0	28	-22	807.7	42.01667	-74.41667
USC00307799	SLIDEMOUNTAIN	20040106	0	-6	-78	0	-6	-78	807.7	42.01667	-74.41667
USC00307799	SLIDEMOUNTAIN	20040107	25	-61	-167	25	-61	-167	807.7	42.01667	-74.41667
USC00307799	SLIDEMOUNTAIN	20040108	25	-128	-167	25	-128	-167	807.7	42.01667	-74.41667
USC00307799	SLIDEMOUNTAIN	20040109	25	-106	-228	25	-106	-228	807.7	42.01667	-74.41667
USC00307799	SLIDEMOUNTAIN	20040110	51	-183	-261	51	-183	-261	807.7	42.01667	-74.41667
USC00307799	SLIDEMOUNTAIN	20040111	51	-183	-250	51	-183	-250	807.7	42.01667	-74.41667
USC00307799	SLIDEMOUNTAIN	20040112	127	-56	-183	127	-56	-183	807.7	42.01667	-74.41667
USC00307799	SLIDEMOUNTAIN	20040113	127	-22	-56	127	-22	-56	807.7	42.01667	-74.41667
USC00307799	SLIDEMOUNTAIN	20040114	152	-33	-244	152	-33	-244	807.7	42.01667	-74.41667
USC00307799	SLIDEMOUNTAIN	20040115	203	-178	-244	203	-178	-244	807.7	42.01667	-74.41667
USC00307799	SLIDEMOUNTAIN	20040116	178	-178	-267	178	-178	-267	807.7	42.01667	-74.41667
USC00307799	SLIDEMOUNTAIN	20040117	152	-139	-200	152	-139	-200	807.7	42.01667	-74.41667
USC00307799	SLIDEMOUNTAIN	20040118	152	-44	-144	152	-44	-144	807.7	42.01667	-74.41667
USC00307799	SLIDEMOUNTAIN	20040119	178	-33	-144	178	-33	-144	807.7	42.01667	-74.41667
USC00307799	SLIDEMOUNTAIN	20040120	178	-128	-144	178	-128	-144	807.7	42.01667	-74.41667
USC00307799	SLIDEMOUNTAIN	20040121	178	-111	-167	178	-111	-167	807.7	42.01667	-74.41667
USC00307799	SLIDEMOUNTAIN	20040122	178	-83	-167	178	-83	-167	807.7	42.01667	-74.41667
USC00307799	SLIDEMOUNTAIN	20040123	229	-44	-183	229	-44	-183	807.7	42.01667	-74.41667
USC00307799	SLIDEMOUNTAIN	20040124	229	-156	-194	229	-156	-194	807.7	42.01667	-74.41667
USC00307799	SLIDEMOUNTAIN	20040125	229	-144	-233	229	-144	-233	807.7	42.01667	-74.41667
USC00307799	SLIDEMOUNTAIN	20040126	229	-144	-217	229	-144	-217	807.7	42.01667	-74.41667
USC00307799	SLIDEMOUNTAIN	20040127	330	-100	-172	330	-100	-172	807.7	42.01667	-74.41667
USC00307799	SLIDEMOUNTAIN	20040128	533	-78	-133	533	-78	-133	807.7	42.01667	-74.41667
USC00307799	SLIDEMOUNTAIN	20040129	533	-78	-133	533	-78	-133	807.7	42.01667	-74.41667
USC00307799	SLIDEMOUNTAIN	20040130	483	-111	-167	483	-111	-167	807.7	42.01667	-74.41667
USC00307799	SLIDEMOUNTAIN	20040131	406	-111	-167	406	-111	-167	807.7	42.01667	-74.41667
USC00307799	SLIDEMOUNTAIN	20050101	0	67	0	0	67	0	807.7	42.01667	-74.41667
USC00307799	SLIDEMOUNTAIN	20050102	0	28	-56	0	28	-56	807.7	42.01667	-74.41667
USC00307799	SLIDEMOUNTAIN	20050103	0	56	-39	0	56	-39	807.7	42.01667	-74.41667
USC00307799	SLIDEMOUNTAIN	20050104	0	72	-6	0	72	-6	807.7	42.01667	-74.41667
USC00307799	SLIDEMOUNTAIN	20050105	25	44	-33	25	44	-33	807.7	42.01667	-74.41667
USC00307799	SLIDEMOUNTAIN	20050106	178	-28	-67	178	-28	-67	807.7	42.01667	-74.41667
USC00307799	SLIDEMOUNTAIN	20050107	152	0	-67	152	0	-67	807.7	42.01667	-74.41667
USC00307799	SLIDEMOUNTAIN	20050108	152	-17	-83	152	-17	-83	807.7	42.01667	-74.41667
USC00307799	SLIDEMOUNTAIN	20050109	152	-11	-83	152	-11	-83	807.7	42.01667	-74.41667
USC00307799	SLIDEMOUNTAIN	20050110	152	-28	-83	152	-28	-83	807.7	42.01667	-74.41667
USC00307799	SLIDEMOUNTAIN	20050111	152	-11	-83	152	-11	-83	807.7	42.01667	-74.41667
USC00307799	SLIDEMOUNTAIN	20050112	229	0	-61	229	0	-61	807.7	42.01667	-74.41667
USC00307799	SLIDEMOUNTAIN	20050113	127	72	-6	127	72	-6	807.7	42.01667	-74.41667
USC00307799	SLIDEMOUNTAIN	20050114	51	128	-22	51	128	-22	807.7	42.01667	-74.41667
USC00307799	SLIDEMOUNTAIN	20050115	76	-22	-133	76	-22	-133	807.7	42.01667	-74.41667
USC00307799	SLIDEMOUNTAIN	20050116	76	-72	-128	76	-72	-128	807.7	42.01667	-74.41667
USC00307799	SLIDEMOUNTAIN	20050117	102	-78	-122	102	-78	-122	807.7	42.01667	-74.41667
USC00307799	SLIDEMOUNTAIN	20050118	102	-122	-222	102	-122	-222	807.7	42.01667	-74.41667
USC00307799	SLIDEMOUNTAIN	20050119	102	-161	-228	102	-161	-228	807.7	42.01667	-74.41667
USC00307799	SLIDEMOUNTAIN	20050120	178	-94	-167	178	-94	-167	807.7	42.01667	-74.41667
USC00307799	SLIDEMOUNTAIN	20050121	178	-106	-233	178	-106	-233	807.7	42.01667	-74.41667
USC00307799	SLIDEMOUNTAIN	20050122	178	-161	-239	178	-161	-239	807.7	42.01667	-74.41667
USC00307799	SLIDEMOUNTAIN	20050123	483	-106	-167	483	-106	-167	807.7	42.01667	-74.41667
USC00307799	SLIDEMOUNTAIN	20050124	483	-150	-228	483	-150	-228	807.7	42.01667	-74.41667
USC00307799	SLIDEMOUNTAIN	20050125	381	-111	-172	381	-111	-172	807.7	42.01667	-74.41667
USC00307799	SLIDEMOUNTAIN	20050126	406	-72	-122	406	-72	-122	807.7	42.01667	-74.41667
USC00307799	SLIDEMOUNTAIN	20050127	406	-56	-211	406	-56	-211	807.7	42.01667	-74.41667
USC00307799	SLIDEMOUNTAIN	20050128	330	-156	-239	330	-156	-239	807.7	42.01667	-74.41667
USC00307799	SLIDEMOUNTAIN	20050129	279	-83	-211	279	-83	-211	807.7	42.01667	-74.41667
USC00307799	SLIDEMOUNTAIN	20050130	279	-6	-122	279	-6	-122	807.7	42.01667	-74.41667
USC00307799	SLIDEMOUNTAIN	20050131	279	-6	-144	279	-6	-144	807.7	42.01667	-74.41667
