STATION	NAME	DATE	SNWD	TMAX	TMIN	SNWD2	TMAX2	TMIN2	ELEV	LAT	LONG
USC00368184	SLIPPERYROCK	19950101	9999	67	-117	NA	67	-117	381.0	41.0557	-80.0601
USC00368184	SLIPPERYROCK	19950102	9999	-67	-139	NA	-67	-139	381.0	41.0557	-80.0601
USC00368184	SLIPPERYROCK	19950103	9999	-33	-161	NA	-33	-161	381.0	41.0557	-80.0601
USC00368184	SLIPPERYROCK	19950104	9999	-83	-194	NA	-83	-194	381.0	41.0557	-80.0601
USC00368184	SLIPPERYROCK	19950105	9999	-78	-183	NA	-78	-183	381.0	41.0557	-80.0601
USC00368184	SLIPPERYROCK	19950106	9999	22	-128	NA	22	-128	381.0	41.0557	-80.0601
USC00368184	SLIPPERYROCK	19950107	9999	-11	-94	NA	-11	-94	381.0	41.0557	-80.0601
USC00368184	SLIPPERYROCK	19950108	9999	-11	-83	NA	-11	-83	381.0	41.0557	-80.0601
USC00368184	SLIPPERYROCK	19950109	9999	-22	-150	NA	-22	-150	381.0	41.0557	-80.0601
USC00368184	SLIPPERYROCK	19950110	9999	-22	-117	NA	-22	-117	381.0	41.0557	-80.0601
USC00368184	SLIPPERYROCK	19950111	9999	39	-50	NA	39	-50	381.0	41.0557	-80.0601
USC00368184	SLIPPERYROCK	19950112	9999	128	17	NA	128	17	381.0	41.0557	-80.0601
USC00368184	SLIPPERYROCK	19950113	9999	200	-11	NA	200	-11	381.0	41.0557	-80.0601
USC00368184	SLIPPERYROCK	19950114	9999	183	111	NA	183	111	381.0	41.0557	-80.0601
USC00368184	SLIPPERYROCK	19950115	9999	94	-22	NA	94	-22	381.0	41.0557	-80.0601
USC00368184	SLIPPERYROCK	19950116	9999	17	-33	NA	17	-33	381.0	41.0557	-80.0601
USC00368184	SLIPPERYROCK	19950117	9999	28	-33	NA	28	-33	381.0	41.0557	-80.0601
USC00368184	SLIPPERYROCK	19950118	9999	139	6	NA	139	6	381.0	41.0557	-80.0601
USC00368184	SLIPPERYROCK	19950119	9999	139	11	NA	139	11	381.0	41.0557	-80.0601
USC00368184	SLIPPERYROCK	19950120	9999	50	-22	NA	50	-22	381.0	41.0557	-80.0601
USC00368184	SLIPPERYROCK	19950121	9999	-11	-94	NA	-11	-94	381.0	41.0557	-80.0601
USC00368184	SLIPPERYROCK	19950122	9999	-39	-117	NA	-39	-117	381.0	41.0557	-80.0601
USC00368184	SLIPPERYROCK	19950123	9999	-50	-117	NA	-50	-117	381.0	41.0557	-80.0601
USC00368184	SLIPPERYROCK	19950124	9999	-11	-94	NA	-11	-94	381.0	41.0557	-80.0601
USC00368184	SLIPPERYROCK	19950125	9999	-33	-111	NA	-33	-111	381.0	41.0557	-80.0601
USC00368184	SLIPPERYROCK	19950126	9999	-17	-133	NA	-17	-133	381.0	41.0557	-80.0601
USC00368184	SLIPPERYROCK	19950127	9999	28	-133	NA	28	-133	381.0	41.0557	-80.0601
USC00368184	SLIPPERYROCK	19950128	9999	28	-139	NA	28	-139	381.0	41.0557	-80.0601
USC00368184	SLIPPERYROCK	19950129	9999	56	-150	NA	56	-150	381.0	41.0557	-80.0601
USC00368184	SLIPPERYROCK	19950130	9999	61	-150	NA	61	-150	381.0	41.0557	-80.0601
USC00368184	SLIPPERYROCK	19950131	9999	6	-106	NA	6	-106	381.0	41.0557	-80.0601
USC00368184	SLIPPERYROCK	19960101	9999	44	11	NA	44	11	381.0	41.0557	-80.0601
USC00368184	SLIPPERYROCK	19960102	9999	11	-67	NA	11	-67	381.0	41.0557	-80.0601
USC00368184	SLIPPERYROCK	19960103	9999	-56	-222	NA	-56	-222	381.0	41.0557	-80.0601
USC00368184	SLIPPERYROCK	19960104	9999	-67	-222	NA	-67	-222	381.0	41.0557	-80.0601
USC00368184	SLIPPERYROCK	19960105	9999	-33	-222	NA	-33	-222	381.0	41.0557	-80.0601
USC00368184	SLIPPERYROCK	19960106	9999	-61	-200	NA	-61	-200	381.0	41.0557	-80.0601
USC00368184	SLIPPERYROCK	19960107	9999	-83	-233	NA	-83	-233	381.0	41.0557	-80.0601
USC00368184	SLIPPERYROCK	19960108	9999	-22	-144	NA	-22	-144	381.0	41.0557	-80.0601
USC00368184	SLIPPERYROCK	19960109	9999	-39	-100	NA	-39	-100	381.0	41.0557	-80.0601
USC00368184	SLIPPERYROCK	19960110	9999	-44	-200	NA	-44	-200	381.0	41.0557	-80.0601
USC00368184	SLIPPERYROCK	19960111	9999	-67	-200	NA	-67	-200	381.0	41.0557	-80.0601
USC00368184	SLIPPERYROCK	19960112	9999	-22	-72	NA	-22	-72	381.0	41.0557	-80.0601
USC00368184	SLIPPERYROCK	19960113	9999	-11	-72	NA	-11	-72	381.0	41.0557	-80.0601
USC00368184	SLIPPERYROCK	19960114	9999	94	-22	NA	94	-22	381.0	41.0557	-80.0601
USC00368184	SLIPPERYROCK	19960115	9999	17	-61	NA	17	-61	381.0	41.0557	-80.0601
USC00368184	SLIPPERYROCK	19960116	9999	89	-61	NA	89	-61	381.0	41.0557	-80.0601
USC00368184	SLIPPERYROCK	19960117	9999	111	67	NA	111	67	381.0	41.0557	-80.0601
USC00368184	SLIPPERYROCK	19960118	9999	156	78	NA	156	78	381.0	41.0557	-80.0601
USC00368184	SLIPPERYROCK	19960119	9999	89	-228	NA	89	-228	381.0	41.0557	-80.0601
USC00368184	SLIPPERYROCK	19960120	9999	-39	-133	NA	-39	-133	381.0	41.0557	-80.0601
USC00368184	SLIPPERYROCK	19960121	9999	33	-67	NA	33	-67	381.0	41.0557	-80.0601
USC00368184	SLIPPERYROCK	19960122	9999	67	-67	NA	67	-67	381.0	41.0557	-80.0601
USC00368184	SLIPPERYROCK	19960123	9999	56	28	NA	56	28	381.0	41.0557	-80.0601
USC00368184	SLIPPERYROCK	19960124	9999	67	-106	NA	67	-106	381.0	41.0557	-80.0601
USC00368184	SLIPPERYROCK	19960125	9999	-22	-106	NA	-22	-106	381.0	41.0557	-80.0601
USC00368184	SLIPPERYROCK	19960126	9999	100	-100	NA	100	-100	381.0	41.0557	-80.0601
USC00368184	SLIPPERYROCK	19960127	9999	100	-111	NA	100	-111	381.0	41.0557	-80.0601
USC00368184	SLIPPERYROCK	19960128	9999	-11	-94	NA	-11	-94	381.0	41.0557	-80.0601
USC00368184	SLIPPERYROCK	19960129	9999	22	-50	NA	22	-50	381.0	41.0557	-80.0601
USC00368184	SLIPPERYROCK	19960130	9999	6	-128	NA	6	-128	381.0	41.0557	-80.0601
USC00368184	SLIPPERYROCK	19960131	9999	-56	-189	NA	-56	-189	381.0	41.0557	-80.0601
USC00368184	SLIPPERYROCK	19970101	9999	78	-39	NA	78	-39	381.0	41.0557	-80.0601
USC00368184	SLIPPERYROCK	19970102	9999	122	67	NA	122	67	381.0	41.0557	-80.0601
USC00368184	SLIPPERYROCK	19970103	9999	150	89	NA	150	89	381.0	41.0557	-80.0601
USC00368184	SLIPPERYROCK	19970104	9999	189	-17	NA	189	-17	381.0	41.0557	-80.0601
USC00368184	SLIPPERYROCK	19970105	9999	189	-67	NA	189	-67	381.0	41.0557	-80.0601
USC00368184	SLIPPERYROCK	19970106	9999	-11	-78	NA	-11	-78	381.0	41.0557	-80.0601
USC00368184	SLIPPERYROCK	19970107	9999	-44	-72	NA	-44	-72	381.0	41.0557	-80.0601
USC00368184	SLIPPERYROCK	19970108	9999	-11	-50	NA	-11	-50	381.0	41.0557	-80.0601
USC00368184	SLIPPERYROCK	19970109	9999	22	-161	NA	22	-161	381.0	41.0557	-80.0601
USC00368184	SLIPPERYROCK	19970110	9999	-33	-161	NA	-33	-161	381.0	41.0557	-80.0601
USC00368184	SLIPPERYROCK	19970111	9999	-100	-206	NA	-100	-206	381.0	41.0557	-80.0601
USC00368184	SLIPPERYROCK	19970112	9999	-100	-206	NA	-100	-206	381.0	41.0557	-80.0601
USC00368184	SLIPPERYROCK	19970113	9999	-94	-150	NA	-94	-150	381.0	41.0557	-80.0601
USC00368184	SLIPPERYROCK	19970114	9999	-11	-128	NA	-11	-128	381.0	41.0557	-80.0601
USC00368184	SLIPPERYROCK	19970115	9999	50	-194	NA	50	-194	381.0	41.0557	-80.0601
USC00368184	SLIPPERYROCK	19970116	9999	0	-206	NA	0	-206	381.0	41.0557	-80.0601
USC00368184	SLIPPERYROCK	19970117	9999	-139	-244	NA	-139	-244	381.0	41.0557	-80.0601
USC00368184	SLIPPERYROCK	19970118	9999	-122	-67	NA	-122	-67	381.0	41.0557	-80.0601
USC00368184	SLIPPERYROCK	19970119	9999	-39	-144	NA	-39	-144	381.0	41.0557	-80.0601
USC00368184	SLIPPERYROCK	19970120	9999	0	-144	NA	0	-144	381.0	41.0557	-80.0601
USC00368184	SLIPPERYROCK	19970121	9999	67	0	NA	67	0	381.0	41.0557	-80.0601
USC00368184	SLIPPERYROCK	19970122	9999	94	-67	NA	94	-67	381.0	41.0557	-80.0601
USC00368184	SLIPPERYROCK	19970123	9999	17	-33	NA	17	-33	381.0	41.0557	-80.0601
USC00368184	SLIPPERYROCK	19970124	9999	72	-100	NA	72	-100	381.0	41.0557	-80.0601
USC00368184	SLIPPERYROCK	19970125	9999	39	-111	NA	39	-111	381.0	41.0557	-80.0601
USC00368184	SLIPPERYROCK	19970126	9999	44	-100	NA	44	-100	381.0	41.0557	-80.0601
USC00368184	SLIPPERYROCK	19970127	9999	39	-50	NA	39	-50	381.0	41.0557	-80.0601
USC00368184	SLIPPERYROCK	19970128	9999	0	-111	NA	0	-111	381.0	41.0557	-80.0601
USC00368184	SLIPPERYROCK	19970129	9999	-22	-106	NA	-22	-106	381.0	41.0557	-80.0601
USC00368184	SLIPPERYROCK	19970130	9999	33	-78	NA	33	-78	381.0	41.0557	-80.0601
USC00368184	SLIPPERYROCK	19970131	9999	61	-11	NA	61	-11	381.0	41.0557	-80.0601
USC00368184	SLIPPERYROCK	19980101	9999	28	-183	NA	28	-183	381.0	41.0557	-80.0601
USC00368184	SLIPPERYROCK	19980102	9999	89	6	NA	89	6	381.0	41.0557	-80.0601
USC00368184	SLIPPERYROCK	19980103	9999	128	61	NA	128	61	381.0	41.0557	-80.0601
USC00368184	SLIPPERYROCK	19980104	9999	122	28	NA	122	28	381.0	41.0557	-80.0601
USC00368184	SLIPPERYROCK	19980105	9999	172	33	NA	172	33	381.0	41.0557	-80.0601
USC00368184	SLIPPERYROCK	19980106	9999	144	106	NA	144	106	381.0	41.0557	-80.0601
USC00368184	SLIPPERYROCK	19980107	9999	178	89	NA	178	89	381.0	41.0557	-80.0601
USC00368184	SLIPPERYROCK	19980108	9999	161	72	NA	161	72	381.0	41.0557	-80.0601
USC00368184	SLIPPERYROCK	19980109	9999	83	11	NA	83	11	381.0	41.0557	-80.0601
USC00368184	SLIPPERYROCK	19980110	9999	67	-56	NA	67	-56	381.0	41.0557	-80.0601
USC00368184	SLIPPERYROCK	19980111	9999	39	-83	NA	39	-83	381.0	41.0557	-80.0601
USC00368184	SLIPPERYROCK	19980112	9999	89	-56	NA	89	-56	381.0	41.0557	-80.0601
USC00368184	SLIPPERYROCK	19980113	9999	17	-122	NA	17	-122	381.0	41.0557	-80.0601
USC00368184	SLIPPERYROCK	19980114	9999	11	-122	NA	11	-122	381.0	41.0557	-80.0601
USC00368184	SLIPPERYROCK	19980115	9999	22	-6	NA	22	-6	381.0	41.0557	-80.0601
USC00368184	SLIPPERYROCK	19980116	9999	6	-28	NA	6	-28	381.0	41.0557	-80.0601
USC00368184	SLIPPERYROCK	19980117	9999	17	-28	NA	17	-28	381.0	41.0557	-80.0601
USC00368184	SLIPPERYROCK	19980118	9999	-6	-94	NA	-6	-94	381.0	41.0557	-80.0601
USC00368184	SLIPPERYROCK	19980119	9999	28	-106	NA	28	-106	381.0	41.0557	-80.0601
USC00368184	SLIPPERYROCK	19980120	9999	11	-117	NA	11	-117	381.0	41.0557	-80.0601
USC00368184	SLIPPERYROCK	19980121	9999	-17	-100	NA	-17	-100	381.0	41.0557	-80.0601
USC00368184	SLIPPERYROCK	19980122	9999	22	-33	NA	22	-33	381.0	41.0557	-80.0601
USC00368184	SLIPPERYROCK	19980123	9999	39	-33	NA	39	-33	381.0	41.0557	-80.0601
USC00368184	SLIPPERYROCK	19980124	9999	-11	-39	NA	-11	-39	381.0	41.0557	-80.0601
USC00368184	SLIPPERYROCK	19980125	9999	39	-39	NA	39	-39	381.0	41.0557	-80.0601
USC00368184	SLIPPERYROCK	19980126	9999	61	-22	NA	61	-22	381.0	41.0557	-80.0601
USC00368184	SLIPPERYROCK	19980127	9999	61	0	NA	61	0	381.0	41.0557	-80.0601
USC00368184	SLIPPERYROCK	19980128	9999	94	-44	NA	94	-44	381.0	41.0557	-80.0601
USC00368184	SLIPPERYROCK	19980129	9999	78	-11	NA	78	-11	381.0	41.0557	-80.0601
USC00368184	SLIPPERYROCK	19980130	9999	11	-22	NA	11	-22	381.0	41.0557	-80.0601
USC00368184	SLIPPERYROCK	19980131	9999	11	-78	NA	11	-78	381.0	41.0557	-80.0601
USC00368184	SLIPPERYROCK	19990101	9999	-44	-161	NA	-44	-161	381.0	41.0557	-80.0601
USC00368184	SLIPPERYROCK	19990102	9999	17	-122	NA	17	-122	381.0	41.0557	-80.0601
USC00368184	SLIPPERYROCK	19990103	9999	17	-117	NA	17	-117	381.0	41.0557	-80.0601
USC00368184	SLIPPERYROCK	19990104	9999	-89	-183	NA	-89	-183	381.0	41.0557	-80.0601
USC00368184	SLIPPERYROCK	19990105	9999	-106	-200	NA	-106	-200	381.0	41.0557	-80.0601
USC00368184	SLIPPERYROCK	19990106	9999	-33	-122	NA	-33	-122	381.0	41.0557	-80.0601
USC00368184	SLIPPERYROCK	19990107	9999	-56	-189	NA	-56	-189	381.0	41.0557	-80.0601
USC00368184	SLIPPERYROCK	19990108	9999	11	-111	NA	11	-111	381.0	41.0557	-80.0601
USC00368184	SLIPPERYROCK	19990109	9999	-39	-156	NA	-39	-156	381.0	41.0557	-80.0601
USC00368184	SLIPPERYROCK	19990110	9999	-56	-150	NA	-56	-150	381.0	41.0557	-80.0601
USC00368184	SLIPPERYROCK	19990111	9999	28	-150	NA	28	-150	381.0	41.0557	-80.0601
USC00368184	SLIPPERYROCK	19990112	9999	61	0	NA	61	0	381.0	41.0557	-80.0601
USC00368184	SLIPPERYROCK	19990113	9999	11	-106	NA	11	-106	381.0	41.0557	-80.0601
USC00368184	SLIPPERYROCK	19990114	9999	6	-100	NA	6	-100	381.0	41.0557	-80.0601
USC00368184	SLIPPERYROCK	19990115	9999	-22	-133	NA	-22	-133	381.0	41.0557	-80.0601
USC00368184	SLIPPERYROCK	19990116	9999	39	-89	NA	39	-89	381.0	41.0557	-80.0601
USC00368184	SLIPPERYROCK	19990117	9999	111	-61	NA	111	-61	381.0	41.0557	-80.0601
USC00368184	SLIPPERYROCK	19990118	9999	89	-6	NA	89	-6	381.0	41.0557	-80.0601
USC00368184	SLIPPERYROCK	19990119	9999	56	-22	NA	56	-22	381.0	41.0557	-80.0601
USC00368184	SLIPPERYROCK	19990120	9999	83	-44	NA	83	-44	381.0	41.0557	-80.0601
USC00368184	SLIPPERYROCK	19990121	9999	44	-17	NA	44	-17	381.0	41.0557	-80.0601
USC00368184	SLIPPERYROCK	19990122	9999	133	-11	NA	133	-11	381.0	41.0557	-80.0601
USC00368184	SLIPPERYROCK	19990123	9999	133	28	NA	133	28	381.0	41.0557	-80.0601
USC00368184	SLIPPERYROCK	19990124	9999	39	-11	NA	39	-11	381.0	41.0557	-80.0601
USC00368184	SLIPPERYROCK	19990125	9999	17	-17	NA	17	-17	381.0	41.0557	-80.0601
USC00368184	SLIPPERYROCK	19990126	9999	50	-61	NA	50	-61	381.0	41.0557	-80.0601
USC00368184	SLIPPERYROCK	19990127	9999	144	-61	NA	144	-61	381.0	41.0557	-80.0601
USC00368184	SLIPPERYROCK	19990128	9999	67	-17	NA	67	-17	381.0	41.0557	-80.0601
USC00368184	SLIPPERYROCK	19990129	9999	33	-83	NA	33	-83	381.0	41.0557	-80.0601
USC00368184	SLIPPERYROCK	19990130	9999	61	-83	NA	61	-83	381.0	41.0557	-80.0601
USC00368184	SLIPPERYROCK	19990131	9999	67	-72	NA	67	-72	381.0	41.0557	-80.0601
USC00368184	SLIPPERYROCK	20000101	9999	128	-83	NA	128	-83	381.0	41.0557	-80.0601
USC00368184	SLIPPERYROCK	20000102	9999	117	61	NA	117	61	381.0	41.0557	-80.0601
USC00368184	SLIPPERYROCK	20000103	9999	133	89	NA	133	89	381.0	41.0557	-80.0601
USC00368184	SLIPPERYROCK	20000104	9999	128	-22	NA	128	-22	381.0	41.0557	-80.0601
USC00368184	SLIPPERYROCK	20000105	9999	6	-78	NA	6	-78	381.0	41.0557	-80.0601
USC00368184	SLIPPERYROCK	20000106	9999	67	-50	NA	67	-50	381.0	41.0557	-80.0601
USC00368184	SLIPPERYROCK	20000107	9999	39	-72	NA	39	-72	381.0	41.0557	-80.0601
USC00368184	SLIPPERYROCK	20000108	9999	50	-72	NA	50	-72	381.0	41.0557	-80.0601
USC00368184	SLIPPERYROCK	20000109	9999	100	0	NA	100	0	381.0	41.0557	-80.0601
USC00368184	SLIPPERYROCK	20000110	9999	122	39	NA	122	39	381.0	41.0557	-80.0601
USC00368184	SLIPPERYROCK	20000111	9999	67	-28	NA	67	-28	381.0	41.0557	-80.0601
USC00368184	SLIPPERYROCK	20000112	9999	50	-56	NA	50	-56	381.0	41.0557	-80.0601
USC00368184	SLIPPERYROCK	20000113	9999	0	-111	NA	0	-111	381.0	41.0557	-80.0601
USC00368184	SLIPPERYROCK	20000114	9999	-33	-106	NA	-33	-106	381.0	41.0557	-80.0601
USC00368184	SLIPPERYROCK	20000115	9999	50	-83	NA	50	-83	381.0	41.0557	-80.0601
USC00368184	SLIPPERYROCK	20000116	9999	50	-128	NA	50	-128	381.0	41.0557	-80.0601
USC00368184	SLIPPERYROCK	20000117	9999	-61	-139	NA	-61	-139	381.0	41.0557	-80.0601
USC00368184	SLIPPERYROCK	20000118	9999	-11	-111	NA	-11	-111	381.0	41.0557	-80.0601
USC00368184	SLIPPERYROCK	20000119	9999	-11	-56	NA	-11	-56	381.0	41.0557	-80.0601
USC00368184	SLIPPERYROCK	20000120	9999	-11	-172	NA	-11	-172	381.0	41.0557	-80.0601
USC00368184	SLIPPERYROCK	20000121	9999	-83	-167	NA	-83	-167	381.0	41.0557	-80.0601
USC00368184	SLIPPERYROCK	20000122	9999	-72	-144	NA	-72	-144	381.0	41.0557	-80.0601
USC00368184	SLIPPERYROCK	20000123	9999	-6	-128	NA	-6	-128	381.0	41.0557	-80.0601
USC00368184	SLIPPERYROCK	20000124	9999	0	-156	NA	0	-156	381.0	41.0557	-80.0601
USC00368184	SLIPPERYROCK	20000125	9999	-44	-111	NA	-44	-111	381.0	41.0557	-80.0601
USC00368184	SLIPPERYROCK	20000126	9999	-22	-156	NA	-22	-156	381.0	41.0557	-80.0601
USC00368184	SLIPPERYROCK	20000127	9999	-67	-172	NA	-67	-172	381.0	41.0557	-80.0601
USC00368184	SLIPPERYROCK	20000128	9999	-33	-167	NA	-33	-167	381.0	41.0557	-80.0601
USC00368184	SLIPPERYROCK	20000129	9999	33	-133	NA	33	-133	381.0	41.0557	-80.0601
USC00368184	SLIPPERYROCK	20000130	9999	17	-78	NA	17	-78	381.0	41.0557	-80.0601
USC00368184	SLIPPERYROCK	20000131	9999	-11	-78	NA	-11	-78	381.0	41.0557	-80.0601
USC00368184	SLIPPERYROCK	20010101	9999	-11	-94	NA	-11	-94	381.0	41.0557	-80.0601
USC00368184	SLIPPERYROCK	20010102	9999	-22	-167	NA	-22	-167	381.0	41.0557	-80.0601
USC00368184	SLIPPERYROCK	20010103	9999	-22	-167	NA	-22	-167	381.0	41.0557	-80.0601
USC00368184	SLIPPERYROCK	20010104	9999	6	-56	NA	6	-56	381.0	41.0557	-80.0601
USC00368184	SLIPPERYROCK	20010105	9999	11	-33	NA	11	-33	381.0	41.0557	-80.0601
USC00368184	SLIPPERYROCK	20010106	9999	11	-33	NA	11	-33	381.0	41.0557	-80.0601
USC00368184	SLIPPERYROCK	20010107	9999	50	-17	NA	50	-17	381.0	41.0557	-80.0601
USC00368184	SLIPPERYROCK	20010108	9999	22	-139	NA	22	-139	381.0	41.0557	-80.0601
USC00368184	SLIPPERYROCK	20010109	9999	-44	-144	NA	-44	-144	381.0	41.0557	-80.0601
USC00368184	SLIPPERYROCK	20010110	9999	-22	-100	NA	-22	-100	381.0	41.0557	-80.0601
USC00368184	SLIPPERYROCK	20010111	9999	33	-67	NA	33	-67	381.0	41.0557	-80.0601
USC00368184	SLIPPERYROCK	20010112	9999	89	-72	NA	89	-72	381.0	41.0557	-80.0601
USC00368184	SLIPPERYROCK	20010113	9999	94	-44	NA	94	-44	381.0	41.0557	-80.0601
USC00368184	SLIPPERYROCK	20010114	9999	83	-28	NA	83	-28	381.0	41.0557	-80.0601
USC00368184	SLIPPERYROCK	20010115	9999	56	11	NA	56	11	381.0	41.0557	-80.0601
USC00368184	SLIPPERYROCK	20010116	9999	17	-6	NA	17	-6	381.0	41.0557	-80.0601
USC00368184	SLIPPERYROCK	20010117	9999	6	-11	NA	6	-11	381.0	41.0557	-80.0601
USC00368184	SLIPPERYROCK	20010118	9999	50	-28	NA	50	-28	381.0	41.0557	-80.0601
USC00368184	SLIPPERYROCK	20010119	9999	22	-44	NA	22	-44	381.0	41.0557	-80.0601
USC00368184	SLIPPERYROCK	20010120	9999	-11	-111	NA	-11	-111	381.0	41.0557	-80.0601
USC00368184	SLIPPERYROCK	20010121	9999	-11	-83	NA	-11	-83	381.0	41.0557	-80.0601
USC00368184	SLIPPERYROCK	20010122	9999	-11	-133	NA	-11	-133	381.0	41.0557	-80.0601
USC00368184	SLIPPERYROCK	20010123	9999	44	-139	NA	44	-139	381.0	41.0557	-80.0601
USC00368184	SLIPPERYROCK	20010124	9999	6	-56	NA	6	-56	381.0	41.0557	-80.0601
USC00368184	SLIPPERYROCK	20010125	9999	-11	-117	NA	-11	-117	381.0	41.0557	-80.0601
USC00368184	SLIPPERYROCK	20010126	9999	17	-122	NA	17	-122	381.0	41.0557	-80.0601
USC00368184	SLIPPERYROCK	20010127	9999	0	-100	NA	0	-100	381.0	41.0557	-80.0601
USC00368184	SLIPPERYROCK	20010128	9999	-11	-122	NA	-11	-122	381.0	41.0557	-80.0601
USC00368184	SLIPPERYROCK	20010129	9999	50	-94	NA	50	-94	381.0	41.0557	-80.0601
USC00368184	SLIPPERYROCK	20010130	9999	106	17	NA	106	17	381.0	41.0557	-80.0601
USC00368184	SLIPPERYROCK	20010131	9999	22	11	NA	22	11	381.0	41.0557	-80.0601
USC00368184	SLIPPERYROCK	20020101	9999	-17	-111	NA	-17	-111	381.0	41.0557	-80.0601
USC00368184	SLIPPERYROCK	20020102	9999	11	-122	NA	11	-122	381.0	41.0557	-80.0601
USC00368184	SLIPPERYROCK	20020103	9999	22	-78	NA	22	-78	381.0	41.0557	-80.0601
USC00368184	SLIPPERYROCK	20020104	9999	17	-50	NA	17	-50	381.0	41.0557	-80.0601
USC00368184	SLIPPERYROCK	20020105	9999	44	-39	NA	44	-39	381.0	41.0557	-80.0601
USC00368184	SLIPPERYROCK	20020106	9999	17	0	NA	17	0	381.0	41.0557	-80.0601
USC00368184	SLIPPERYROCK	20020107	9999	6	-61	NA	6	-61	381.0	41.0557	-80.0601
USC00368184	SLIPPERYROCK	20020108	9999	6	-61	NA	6	-61	381.0	41.0557	-80.0601
USC00368184	SLIPPERYROCK	20020109	9999	56	6	NA	56	6	381.0	41.0557	-80.0601
USC00368184	SLIPPERYROCK	20020110	9999	100	22	NA	100	22	381.0	41.0557	-80.0601
USC00368184	SLIPPERYROCK	20020111	9999	28	-22	NA	28	-22	381.0	41.0557	-80.0601
USC00368184	SLIPPERYROCK	20020112	9999	61	-22	NA	61	-22	381.0	41.0557	-80.0601
USC00368184	SLIPPERYROCK	20020113	9999	44	-39	NA	44	-39	381.0	41.0557	-80.0601
USC00368184	SLIPPERYROCK	20020114	9999	83	-28	NA	83	-28	381.0	41.0557	-80.0601
USC00368184	SLIPPERYROCK	20020115	9999	28	-11	NA	28	-11	381.0	41.0557	-80.0601
USC00368184	SLIPPERYROCK	20020116	9999	33	-33	NA	33	-33	381.0	41.0557	-80.0601
USC00368184	SLIPPERYROCK	20020117	9999	33	-39	NA	33	-39	381.0	41.0557	-80.0601
USC00368184	SLIPPERYROCK	20020118	9999	17	-78	NA	17	-78	381.0	41.0557	-80.0601
USC00368184	SLIPPERYROCK	20020119	9999	-6	-128	NA	-6	-128	381.0	41.0557	-80.0601
USC00368184	SLIPPERYROCK	20020120	9999	11	-117	NA	11	-117	381.0	41.0557	-80.0601
USC00368184	SLIPPERYROCK	20020121	9999	28	-61	NA	28	-61	381.0	41.0557	-80.0601
USC00368184	SLIPPERYROCK	20020122	9999	106	-67	NA	106	-67	381.0	41.0557	-80.0601
USC00368184	SLIPPERYROCK	20020123	9999	100	44	NA	100	44	381.0	41.0557	-80.0601
USC00368184	SLIPPERYROCK	20020124	9999	106	-33	NA	106	-33	381.0	41.0557	-80.0601
USC00368184	SLIPPERYROCK	20020125	9999	78	-28	NA	78	-28	381.0	41.0557	-80.0601
USC00368184	SLIPPERYROCK	20020126	9999	117	-22	NA	117	-22	381.0	41.0557	-80.0601
USC00368184	SLIPPERYROCK	20020127	9999	156	-22	NA	156	-22	381.0	41.0557	-80.0601
USC00368184	SLIPPERYROCK	20020128	9999	167	6	NA	167	6	381.0	41.0557	-80.0601
USC00368184	SLIPPERYROCK	20020129	9999	172	94	NA	172	94	381.0	41.0557	-80.0601
USC00368184	SLIPPERYROCK	20020130	9999	106	33	NA	106	33	381.0	41.0557	-80.0601
USC00368184	SLIPPERYROCK	20020131	9999	189	44	NA	189	44	381.0	41.0557	-80.0601
USC00368184	SLIPPERYROCK	20030101	9999	28	-11	NA	28	-11	381.0	41.0557	-80.0601
USC00368184	SLIPPERYROCK	20030102	9999	22	-11	NA	22	-11	381.0	41.0557	-80.0601
USC00368184	SLIPPERYROCK	20030103	9999	17	-39	NA	17	-39	381.0	41.0557	-80.0601
USC00368184	SLIPPERYROCK	20030104	9999	-6	-39	NA	-6	-39	381.0	41.0557	-80.0601
USC00368184	SLIPPERYROCK	20030105	9999	0	-33	NA	0	-33	381.0	41.0557	-80.0601
USC00368184	SLIPPERYROCK	20030106	9999	0	-94	NA	0	-94	381.0	41.0557	-80.0601
USC00368184	SLIPPERYROCK	20030107	9999	22	-106	NA	22	-106	381.0	41.0557	-80.0601
USC00368184	SLIPPERYROCK	20030108	9999	67	22	NA	67	22	381.0	41.0557	-80.0601
USC00368184	SLIPPERYROCK	20030109	9999	100	-28	NA	100	-28	381.0	41.0557	-80.0601
USC00368184	SLIPPERYROCK	20030110	9999	-17	-94	NA	-17	-94	381.0	41.0557	-80.0601
USC00368184	SLIPPERYROCK	20030111	9999	-39	-94	NA	-39	-94	381.0	41.0557	-80.0601
USC00368184	SLIPPERYROCK	20030112	9999	33	-89	NA	33	-89	381.0	41.0557	-80.0601
USC00368184	SLIPPERYROCK	20030113	9999	-6	-111	NA	-6	-111	381.0	41.0557	-80.0601
USC00368184	SLIPPERYROCK	20030114	9999	-39	-89	NA	-39	-89	381.0	41.0557	-80.0601
USC00368184	SLIPPERYROCK	20030115	9999	-72	-144	NA	-72	-144	381.0	41.0557	-80.0601
USC00368184	SLIPPERYROCK	20030116	9999	-72	-144	NA	-72	-144	381.0	41.0557	-80.0601
USC00368184	SLIPPERYROCK	20030117	9999	-44	-183	NA	-44	-183	381.0	41.0557	-80.0601
USC00368184	SLIPPERYROCK	20030118	9999	-61	-183	NA	-61	-183	381.0	41.0557	-80.0601
USC00368184	SLIPPERYROCK	20030119	9999	-44	-100	NA	-44	-100	381.0	41.0557	-80.0601
USC00368184	SLIPPERYROCK	20030120	9999	-50	-117	NA	-50	-117	381.0	41.0557	-80.0601
USC00368184	SLIPPERYROCK	20030121	9999	-50	-161	NA	-50	-161	381.0	41.0557	-80.0601
USC00368184	SLIPPERYROCK	20030122	9999	-72	-217	NA	-72	-217	381.0	41.0557	-80.0601
USC00368184	SLIPPERYROCK	20030123	9999	-100	-217	NA	-100	-217	381.0	41.0557	-80.0601
USC00368184	SLIPPERYROCK	20030124	9999	-39	-106	NA	-39	-106	381.0	41.0557	-80.0601
USC00368184	SLIPPERYROCK	20030125	9999	-39	-94	NA	-39	-94	381.0	41.0557	-80.0601
USC00368184	SLIPPERYROCK	20030126	9999	-33	-233	NA	-33	-233	381.0	41.0557	-80.0601
USC00368184	SLIPPERYROCK	20030127	9999	-78	-228	NA	-78	-228	381.0	41.0557	-80.0601
USC00368184	SLIPPERYROCK	20030128	9999	-6	-94	NA	-6	-94	381.0	41.0557	-80.0601
USC00368184	SLIPPERYROCK	20030129	9999	0	-156	NA	0	-156	381.0	41.0557	-80.0601
USC00368184	SLIPPERYROCK	20030130	9999	39	-144	NA	39	-144	381.0	41.0557	-80.0601
USC00368184	SLIPPERYROCK	20030131	9999	39	-150	NA	39	-150	381.0	41.0557	-80.0601
USC00368184	SLIPPERYROCK	20040101	9999	78	-33	NA	78	-33	381.0	41.0557	-80.0601
USC00368184	SLIPPERYROCK	20040102	9999	139	56	NA	139	56	381.0	41.0557	-80.0601
USC00368184	SLIPPERYROCK	20040103	9999	150	33	NA	150	33	381.0	41.0557	-80.0601
USC00368184	SLIPPERYROCK	20040104	9999	50	22	NA	50	22	381.0	41.0557	-80.0601
USC00368184	SLIPPERYROCK	20040105	9999	50	-39	NA	50	-39	381.0	41.0557	-80.0601
USC00368184	SLIPPERYROCK	20040106	9999	-33	-117	NA	-33	-117	381.0	41.0557	-80.0601
USC00368184	SLIPPERYROCK	20040107	9999	-61	-111	NA	-61	-111	381.0	41.0557	-80.0601
USC00368184	SLIPPERYROCK	20040108	9999	-22	-94	NA	-22	-94	381.0	41.0557	-80.0601
USC00368184	SLIPPERYROCK	20040109	9999	-33	-172	NA	-33	-172	381.0	41.0557	-80.0601
USC00368184	SLIPPERYROCK	20040110	9999	-78	-172	NA	-78	-172	381.0	41.0557	-80.0601
USC00368184	SLIPPERYROCK	20040111	9999	28	-94	NA	28	-94	381.0	41.0557	-80.0601
USC00368184	SLIPPERYROCK	20040112	9999	33	0	NA	33	0	381.0	41.0557	-80.0601
USC00368184	SLIPPERYROCK	20040113	9999	17	-122	NA	17	-122	381.0	41.0557	-80.0601
USC00368184	SLIPPERYROCK	20040114	9999	-33	-117	NA	-33	-117	381.0	41.0557	-80.0601
USC00368184	SLIPPERYROCK	20040115	9999	-61	-222	NA	-61	-222	381.0	41.0557	-80.0601
USC00368184	SLIPPERYROCK	20040116	9999	-61	-222	NA	-61	-222	381.0	41.0557	-80.0601
USC00368184	SLIPPERYROCK	20040117	9999	17	-133	NA	17	-133	381.0	41.0557	-80.0601
USC00368184	SLIPPERYROCK	20040118	9999	6	-94	NA	6	-94	381.0	41.0557	-80.0601
USC00368184	SLIPPERYROCK	20040119	9999	-67	-100	NA	-67	-100	381.0	41.0557	-80.0601
USC00368184	SLIPPERYROCK	20040120	9999	-33	-167	NA	-33	-167	381.0	41.0557	-80.0601
USC00368184	SLIPPERYROCK	20040121	9999	0	-178	NA	0	-178	381.0	41.0557	-80.0601
USC00368184	SLIPPERYROCK	20040122	9999	0	-161	NA	0	-161	381.0	41.0557	-80.0601
USC00368184	SLIPPERYROCK	20040123	9999	-89	-156	NA	-89	-156	381.0	41.0557	-80.0601
USC00368184	SLIPPERYROCK	20040124	9999	-56	-239	NA	-56	-239	381.0	41.0557	-80.0601
USC00368184	SLIPPERYROCK	20040125	9999	-78	-228	NA	-78	-228	381.0	41.0557	-80.0601
USC00368184	SLIPPERYROCK	20040126	9999	-11	-94	NA	-11	-94	381.0	41.0557	-80.0601
USC00368184	SLIPPERYROCK	20040127	9999	17	-89	NA	17	-89	381.0	41.0557	-80.0601
USC00368184	SLIPPERYROCK	20040128	9999	-44	-111	NA	-44	-111	381.0	41.0557	-80.0601
USC00368184	SLIPPERYROCK	20040129	9999	-67	-144	NA	-67	-144	381.0	41.0557	-80.0601
USC00368184	SLIPPERYROCK	20040130	9999	-94	-150	NA	-94	-150	381.0	41.0557	-80.0601
USC00368184	SLIPPERYROCK	20040131	9999	-72	-167	NA	-72	-167	381.0	41.0557	-80.0601
USC00368184	SLIPPERYROCK	20050101	9999	106	11	NA	106	11	381.0	41.0557	-80.0601
USC00368184	SLIPPERYROCK	20050102	9999	172	61	NA	172	61	381.0	41.0557	-80.0601
USC00368184	SLIPPERYROCK	20050103	9999	133	50	NA	133	50	381.0	41.0557	-80.0601
USC00368184	SLIPPERYROCK	20050104	9999	78	22	NA	78	22	381.0	41.0557	-80.0601
USC00368184	SLIPPERYROCK	20050105	9999	33	11	NA	33	11	381.0	41.0557	-80.0601
USC00368184	SLIPPERYROCK	20050106	9999	89	-11	NA	89	-11	381.0	41.0557	-80.0601
USC00368184	SLIPPERYROCK	20050107	9999	33	-11	NA	33	-11	381.0	41.0557	-80.0601
USC00368184	SLIPPERYROCK	20050108	9999	33	0	NA	33	0	381.0	41.0557	-80.0601
USC00368184	SLIPPERYROCK	20050109	9999	83	-6	NA	83	-6	381.0	41.0557	-80.0601
USC00368184	SLIPPERYROCK	20050110	9999	50	-6	NA	50	-6	381.0	41.0557	-80.0601
USC00368184	SLIPPERYROCK	20050111	9999	89	6	NA	89	6	381.0	41.0557	-80.0601
USC00368184	SLIPPERYROCK	20050112	9999	161	83	NA	161	83	381.0	41.0557	-80.0601
USC00368184	SLIPPERYROCK	20050113	9999	206	6	NA	206	6	381.0	41.0557	-80.0601
USC00368184	SLIPPERYROCK	20050114	9999	11	-94	NA	11	-94	381.0	41.0557	-80.0601
USC00368184	SLIPPERYROCK	20050115	9999	0	-83	NA	0	-83	381.0	41.0557	-80.0601
USC00368184	SLIPPERYROCK	20050116	9999	-22	-128	NA	-22	-128	381.0	41.0557	-80.0601
USC00368184	SLIPPERYROCK	20050117	9999	-83	-172	NA	-83	-172	381.0	41.0557	-80.0601
USC00368184	SLIPPERYROCK	20050118	9999	-72	-156	NA	-72	-156	381.0	41.0557	-80.0601
USC00368184	SLIPPERYROCK	20050119	9999	-11	-83	NA	-11	-83	381.0	41.0557	-80.0601
USC00368184	SLIPPERYROCK	20050120	9999	-39	-161	NA	-39	-161	381.0	41.0557	-80.0601
USC00368184	SLIPPERYROCK	20050121	9999	-56	-172	NA	-56	-172	381.0	41.0557	-80.0601
USC00368184	SLIPPERYROCK	20050122	9999	-33	-156	NA	-33	-156	381.0	41.0557	-80.0601
USC00368184	SLIPPERYROCK	20050123	9999	-83	-178	NA	-83	-178	381.0	41.0557	-80.0601
USC00368184	SLIPPERYROCK	20050124	9999	-44	-172	NA	-44	-172	381.0	41.0557	-80.0601
USC00368184	SLIPPERYROCK	20050125	9999	44	-56	NA	44	-56	381.0	41.0557	-80.0601
USC00368184	SLIPPERYROCK	20050126	9999	33	-167	NA	33	-167	381.0	41.0557	-80.0601
USC00368184	SLIPPERYROCK	20050127	9999	-33	-217	NA	-33	-217	381.0	41.0557	-80.0601
USC00368184	SLIPPERYROCK	20050128	9999	11	-217	NA	11	-217	381.0	41.0557	-80.0601
USC00368184	SLIPPERYROCK	20050129	9999	33	-94	NA	33	-94	381.0	41.0557	-80.0601
USC00368184	SLIPPERYROCK	20050130	9999	72	-128	NA	72	-128	381.0	41.0557	-80.0601
USC00368184	SLIPPERYROCK	20050131	9999	61	-122	NA	61	-122	381.0	41.0557	-80.0601
