STATION	NAME	DATE	SNWD	TMAX	TMIN	SNWD2	TMAX2	TMIN2	ELEV	LAT	LONG
USC00288194	SOMERVILLE	19950101	9999	44	-100	NA	44	-100	48.8	40.61528	-74.65306
USC00288194	SOMERVILLE	19950102	9999	100	11	NA	100	11	48.8	40.61528	-74.65306
USC00288194	SOMERVILLE	19950103	9999	39	-61	NA	39	-61	48.8	40.61528	-74.65306
USC00288194	SOMERVILLE	19950104	9999	100	-67	NA	100	-67	48.8	40.61528	-74.65306
USC00288194	SOMERVILLE	19950105	9999	0	-111	NA	0	-111	48.8	40.61528	-74.65306
USC00288194	SOMERVILLE	19950106	9999	-44	-117	NA	-44	-117	48.8	40.61528	-74.65306
USC00288194	SOMERVILLE	19950107	9999	22	-117	NA	22	-117	48.8	40.61528	-74.65306
USC00288194	SOMERVILLE	19950108	9999	61	-33	NA	61	-33	48.8	40.61528	-74.65306
USC00288194	SOMERVILLE	19950109	9999	28	-67	NA	28	-67	48.8	40.61528	-74.65306
USC00288194	SOMERVILLE	19950110	9999	33	-83	NA	33	-83	48.8	40.61528	-74.65306
USC00288194	SOMERVILLE	19950111	9999	6	-67	NA	6	-67	48.8	40.61528	-74.65306
USC00288194	SOMERVILLE	19950112	9999	6	-28	NA	6	-28	48.8	40.61528	-74.65306
USC00288194	SOMERVILLE	19950113	9999	33	0	NA	33	0	48.8	40.61528	-74.65306
USC00288194	SOMERVILLE	19950114	9999	122	11	NA	122	11	48.8	40.61528	-74.65306
USC00288194	SOMERVILLE	19950115	9999	200	78	NA	200	78	48.8	40.61528	-74.65306
USC00288194	SOMERVILLE	19950116	9999	189	122	NA	189	122	48.8	40.61528	-74.65306
USC00288194	SOMERVILLE	19950117	9999	156	67	NA	156	67	48.8	40.61528	-74.65306
USC00288194	SOMERVILLE	19950118	9999	133	44	NA	133	44	48.8	40.61528	-74.65306
USC00288194	SOMERVILLE	19950119	9999	67	28	NA	67	28	48.8	40.61528	-74.65306
USC00288194	SOMERVILLE	19950120	9999	61	28	NA	61	28	48.8	40.61528	-74.65306
USC00288194	SOMERVILLE	19950121	9999	83	28	NA	83	28	48.8	40.61528	-74.65306
USC00288194	SOMERVILLE	19950122	9999	61	-11	NA	61	-11	48.8	40.61528	-74.65306
USC00288194	SOMERVILLE	19950123	9999	28	-39	NA	28	-39	48.8	40.61528	-74.65306
USC00288194	SOMERVILLE	19950124	9999	33	-44	NA	33	-44	48.8	40.61528	-74.65306
USC00288194	SOMERVILLE	19950125	9999	39	-17	NA	39	-17	48.8	40.61528	-74.65306
USC00288194	SOMERVILLE	19950126	9999	50	-22	NA	50	-22	48.8	40.61528	-74.65306
USC00288194	SOMERVILLE	19950127	9999	44	-33	NA	44	-33	48.8	40.61528	-74.65306
USC00288194	SOMERVILLE	19950128	9999	33	-67	NA	33	-67	48.8	40.61528	-74.65306
USC00288194	SOMERVILLE	19950129	9999	0	-100	NA	0	-100	48.8	40.61528	-74.65306
USC00288194	SOMERVILLE	19950130	9999	17	-100	NA	17	-100	48.8	40.61528	-74.65306
USC00288194	SOMERVILLE	19950131	9999	56	-83	NA	56	-83	48.8	40.61528	-74.65306
USC00288194	SOMERVILLE	19960101	9999	72	-72	NA	72	-72	48.8	40.61528	-74.65306
USC00288194	SOMERVILLE	19960102	9999	61	11	NA	61	11	48.8	40.61528	-74.65306
USC00288194	SOMERVILLE	19960103	9999	22	-39	NA	22	-39	48.8	40.61528	-74.65306
USC00288194	SOMERVILLE	19960104	9999	-17	-111	NA	-17	-111	48.8	40.61528	-74.65306
USC00288194	SOMERVILLE	19960105	9999	-44	-133	NA	-44	-133	48.8	40.61528	-74.65306
USC00288194	SOMERVILLE	19960106	9999	-33	-167	NA	-33	-167	48.8	40.61528	-74.65306
USC00288194	SOMERVILLE	19960107	9999	-67	-161	NA	-67	-161	48.8	40.61528	-74.65306
USC00288194	SOMERVILLE	19960108	9999	-50	-122	NA	-50	-122	48.8	40.61528	-74.65306
USC00288194	SOMERVILLE	19960109	9999	-44	-156	NA	-44	-156	48.8	40.61528	-74.65306
USC00288194	SOMERVILLE	19960110	9999	-28	-150	NA	-28	-150	48.8	40.61528	-74.65306
USC00288194	SOMERVILLE	19960111	9999	6	-133	NA	6	-133	48.8	40.61528	-74.65306
USC00288194	SOMERVILLE	19960112	9999	-28	-128	NA	-28	-128	48.8	40.61528	-74.65306
USC00288194	SOMERVILLE	19960113	9999	11	-56	NA	11	-56	48.8	40.61528	-74.65306
USC00288194	SOMERVILLE	19960114	9999	17	-67	NA	17	-67	48.8	40.61528	-74.65306
USC00288194	SOMERVILLE	19960115	9999	56	-67	NA	56	-67	48.8	40.61528	-74.65306
USC00288194	SOMERVILLE	19960116	9999	44	-117	NA	44	-117	48.8	40.61528	-74.65306
USC00288194	SOMERVILLE	19960117	9999	0	-100	NA	0	-100	48.8	40.61528	-74.65306
USC00288194	SOMERVILLE	19960118	9999	61	-28	NA	61	-28	48.8	40.61528	-74.65306
USC00288194	SOMERVILLE	19960119	9999	117	-6	NA	117	-6	48.8	40.61528	-74.65306
USC00288194	SOMERVILLE	19960120	9999	144	-89	NA	144	-89	48.8	40.61528	-74.65306
USC00288194	SOMERVILLE	19960121	9999	-6	-89	NA	-6	-89	48.8	40.61528	-74.65306
USC00288194	SOMERVILLE	19960122	9999	-17	-72	NA	-17	-72	48.8	40.61528	-74.65306
USC00288194	SOMERVILLE	19960123	9999	33	-72	NA	33	-72	48.8	40.61528	-74.65306
USC00288194	SOMERVILLE	19960124	9999	44	11	NA	44	11	48.8	40.61528	-74.65306
USC00288194	SOMERVILLE	19960125	9999	111	-28	NA	111	-28	48.8	40.61528	-74.65306
USC00288194	SOMERVILLE	19960126	9999	0	-89	NA	0	-89	48.8	40.61528	-74.65306
USC00288194	SOMERVILLE	19960127	9999	94	-83	NA	94	-83	48.8	40.61528	-74.65306
USC00288194	SOMERVILLE	19960128	9999	128	-22	NA	128	-22	48.8	40.61528	-74.65306
USC00288194	SOMERVILLE	19960129	9999	28	-67	NA	28	-67	48.8	40.61528	-74.65306
USC00288194	SOMERVILLE	19960130	9999	22	-44	NA	22	-44	48.8	40.61528	-74.65306
USC00288194	SOMERVILLE	19960131	9999	61	-39	NA	61	-39	48.8	40.61528	-74.65306
USC00288194	SOMERVILLE	19970101	9999	11	-117	NA	11	-117	48.8	40.61528	-74.65306
USC00288194	SOMERVILLE	19970102	9999	-22	-117	NA	-22	-117	48.8	40.61528	-74.65306
USC00288194	SOMERVILLE	19970103	9999	39	-22	NA	39	-22	48.8	40.61528	-74.65306
USC00288194	SOMERVILLE	19970104	9999	172	39	NA	172	39	48.8	40.61528	-74.65306
USC00288194	SOMERVILLE	19970105	9999	89	67	NA	89	67	48.8	40.61528	-74.65306
USC00288194	SOMERVILLE	19970106	9999	106	39	NA	106	39	48.8	40.61528	-74.65306
USC00288194	SOMERVILLE	19970107	9999	94	-22	NA	94	-22	48.8	40.61528	-74.65306
USC00288194	SOMERVILLE	19970108	9999	17	-28	NA	17	-28	48.8	40.61528	-74.65306
USC00288194	SOMERVILLE	19970109	9999	22	-50	NA	22	-50	48.8	40.61528	-74.65306
USC00288194	SOMERVILLE	19970110	9999	17	-39	NA	17	-39	48.8	40.61528	-74.65306
USC00288194	SOMERVILLE	19970111	9999	33	-50	NA	33	-50	48.8	40.61528	-74.65306
USC00288194	SOMERVILLE	19970112	9999	-22	-100	NA	-22	-100	48.8	40.61528	-74.65306
USC00288194	SOMERVILLE	19970113	9999	-28	-94	NA	-28	-94	48.8	40.61528	-74.65306
USC00288194	SOMERVILLE	19970114	9999	0	-83	NA	0	-83	48.8	40.61528	-74.65306
USC00288194	SOMERVILLE	19970115	9999	-6	-117	NA	-6	-117	48.8	40.61528	-74.65306
USC00288194	SOMERVILLE	19970116	9999	22	-111	NA	22	-111	48.8	40.61528	-74.65306
USC00288194	SOMERVILLE	19970117	9999	56	-111	NA	56	-111	48.8	40.61528	-74.65306
USC00288194	SOMERVILLE	19970118	9999	-89	-144	NA	-89	-144	48.8	40.61528	-74.65306
USC00288194	SOMERVILLE	19970119	9999	-83	-172	NA	-83	-172	48.8	40.61528	-74.65306
USC00288194	SOMERVILLE	19970120	9999	-67	-167	NA	-67	-167	48.8	40.61528	-74.65306
USC00288194	SOMERVILLE	19970121	9999	6	-111	NA	6	-111	48.8	40.61528	-74.65306
USC00288194	SOMERVILLE	19970122	9999	33	-61	NA	33	-61	48.8	40.61528	-74.65306
USC00288194	SOMERVILLE	19970123	9999	89	-50	NA	89	-50	48.8	40.61528	-74.65306
USC00288194	SOMERVILLE	19970124	9999	111	-56	NA	111	-56	48.8	40.61528	-74.65306
USC00288194	SOMERVILLE	19970125	9999	56	-56	NA	56	-56	48.8	40.61528	-74.65306
USC00288194	SOMERVILLE	19970126	9999	56	-22	NA	56	-22	48.8	40.61528	-74.65306
USC00288194	SOMERVILLE	19970127	9999	6	-72	NA	6	-72	48.8	40.61528	-74.65306
USC00288194	SOMERVILLE	19970128	9999	56	-56	NA	56	-56	48.8	40.61528	-74.65306
USC00288194	SOMERVILLE	19970129	9999	56	-61	NA	56	-61	48.8	40.61528	-74.65306
USC00288194	SOMERVILLE	19970130	9999	-11	-83	NA	-11	-83	48.8	40.61528	-74.65306
USC00288194	SOMERVILLE	19970131	9999	-11	-83	NA	-11	-83	48.8	40.61528	-74.65306
USC00288194	SOMERVILLE	19990101	9999	-39	-100	NA	-39	-100	48.8	40.61528	-74.65306
USC00288194	SOMERVILLE	19990102	9999	-22	-150	NA	-22	-150	48.8	40.61528	-74.65306
USC00288194	SOMERVILLE	19990103	9999	22	-156	NA	22	-156	48.8	40.61528	-74.65306
USC00288194	SOMERVILLE	19990104	9999	94	-56	NA	94	-56	48.8	40.61528	-74.65306
USC00288194	SOMERVILLE	19990105	9999	-22	-100	NA	-22	-100	48.8	40.61528	-74.65306
USC00288194	SOMERVILLE	19990106	9999	-22	-144	NA	-22	-144	48.8	40.61528	-74.65306
USC00288194	SOMERVILLE	19990107	9999	6	-150	NA	6	-150	48.8	40.61528	-74.65306
USC00288194	SOMERVILLE	19990108	9999	6	-94	NA	6	-94	48.8	40.61528	-74.65306
USC00288194	SOMERVILLE	19990109	9999	6	-72	NA	6	-72	48.8	40.61528	-74.65306
USC00288194	SOMERVILLE	19990110	9999	44	-67	NA	44	-67	48.8	40.61528	-74.65306
USC00288194	SOMERVILLE	19990111	9999	-22	-94	NA	-22	-94	48.8	40.61528	-74.65306
USC00288194	SOMERVILLE	19990112	9999	-50	-100	NA	-50	-100	48.8	40.61528	-74.65306
USC00288194	SOMERVILLE	19990113	9999	78	-50	NA	78	-50	48.8	40.61528	-74.65306
USC00288194	SOMERVILLE	19990114	9999	100	-106	NA	100	-106	48.8	40.61528	-74.65306
USC00288194	SOMERVILLE	19990115	9999	-6	-117	NA	-6	-117	48.8	40.61528	-74.65306
USC00288194	SOMERVILLE	19990116	9999	22	-67	NA	22	-67	48.8	40.61528	-74.65306
USC00288194	SOMERVILLE	19990117	9999	67	-67	NA	67	-67	48.8	40.61528	-74.65306
USC00288194	SOMERVILLE	19990118	9999	100	-28	NA	100	-28	48.8	40.61528	-74.65306
USC00288194	SOMERVILLE	19990119	9999	133	-11	NA	133	-11	48.8	40.61528	-74.65306
USC00288194	SOMERVILLE	19990120	9999	89	-11	NA	89	-11	48.8	40.61528	-74.65306
USC00288194	SOMERVILLE	19990121	9999	78	-44	NA	78	-44	48.8	40.61528	-74.65306
USC00288194	SOMERVILLE	19990122	9999	72	-44	NA	72	-44	48.8	40.61528	-74.65306
USC00288194	SOMERVILLE	19990123	9999	56	44	NA	56	44	48.8	40.61528	-74.65306
USC00288194	SOMERVILLE	19990124	9999	172	44	NA	172	44	48.8	40.61528	-74.65306
USC00288194	SOMERVILLE	19990125	9999	150	11	NA	150	11	48.8	40.61528	-74.65306
USC00288194	SOMERVILLE	19990126	9999	28	-44	NA	28	-44	48.8	40.61528	-74.65306
USC00288194	SOMERVILLE	19990127	9999	56	-67	NA	56	-67	48.8	40.61528	-74.65306
USC00288194	SOMERVILLE	19990128	9999	78	-67	NA	78	-67	48.8	40.61528	-74.65306
USC00288194	SOMERVILLE	19990129	9999	89	0	NA	89	0	48.8	40.61528	-74.65306
USC00288194	SOMERVILLE	19990130	9999	33	-72	NA	33	-72	48.8	40.61528	-74.65306
USC00288194	SOMERVILLE	19990131	9999	50	-89	NA	50	-89	48.8	40.61528	-74.65306
USC00288194	SOMERVILLE	20000101	9999	39	-50	NA	39	-50	48.8	40.61528	-74.65306
USC00288194	SOMERVILLE	20000102	9999	44	-17	NA	44	-17	48.8	40.61528	-74.65306
USC00288194	SOMERVILLE	20000103	9999	139	-6	NA	139	-6	48.8	40.61528	-74.65306
USC00288194	SOMERVILLE	20000104	9999	167	83	NA	167	83	48.8	40.61528	-74.65306
USC00288194	SOMERVILLE	20000105	9999	189	28	NA	189	28	48.8	40.61528	-74.65306
USC00288194	SOMERVILLE	20000106	9999	33	-83	NA	33	-83	48.8	40.61528	-74.65306
USC00288194	SOMERVILLE	20000107	9999	56	-83	NA	56	-83	48.8	40.61528	-74.65306
USC00288194	SOMERVILLE	20000108	9999	89	-56	NA	89	-56	48.8	40.61528	-74.65306
USC00288194	SOMERVILLE	20000109	9999	33	-67	NA	33	-67	48.8	40.61528	-74.65306
USC00288194	SOMERVILLE	20000110	9999	94	0	NA	94	0	48.8	40.61528	-74.65306
USC00288194	SOMERVILLE	20000111	9999	144	33	NA	144	33	48.8	40.61528	-74.65306
USC00288194	SOMERVILLE	20000112	9999	100	33	NA	100	33	48.8	40.61528	-74.65306
USC00288194	SOMERVILLE	20000113	9999	78	-22	NA	78	-22	48.8	40.61528	-74.65306
USC00288194	SOMERVILLE	20000114	9999	22	-100	NA	22	-100	48.8	40.61528	-74.65306
USC00288194	SOMERVILLE	20000115	9999	-56	-117	NA	-56	-117	48.8	40.61528	-74.65306
USC00288194	SOMERVILLE	20000116	9999	-28	-117	NA	-28	-117	48.8	40.61528	-74.65306
USC00288194	SOMERVILLE	20000117	9999	89	-122	NA	89	-122	48.8	40.61528	-74.65306
USC00288194	SOMERVILLE	20000118	9999	-78	-156	NA	-78	-156	48.8	40.61528	-74.65306
USC00288194	SOMERVILLE	20000119	9999	-67	-156	NA	-67	-156	48.8	40.61528	-74.65306
USC00288194	SOMERVILLE	20000120	9999	0	-94	NA	0	-94	48.8	40.61528	-74.65306
USC00288194	SOMERVILLE	20000121	9999	-22	-106	NA	-22	-106	48.8	40.61528	-74.65306
USC00288194	SOMERVILLE	20000122	9999	-78	-139	NA	-78	-139	48.8	40.61528	-74.65306
USC00288194	SOMERVILLE	20000123	9999	-67	-139	NA	-67	-139	48.8	40.61528	-74.65306
USC00288194	SOMERVILLE	20000124	9999	-22	-89	NA	-22	-89	48.8	40.61528	-74.65306
USC00288194	SOMERVILLE	20000125	9999	44	-39	NA	44	-39	48.8	40.61528	-74.65306
USC00288194	SOMERVILLE	20000126	9999	0	-50	NA	0	-50	48.8	40.61528	-74.65306
USC00288194	SOMERVILLE	20000127	9999	0	-94	NA	0	-94	48.8	40.61528	-74.65306
USC00288194	SOMERVILLE	20000128	9999	-78	-133	NA	-78	-133	48.8	40.61528	-74.65306
USC00288194	SOMERVILLE	20000129	9999	-50	-139	NA	-50	-139	48.8	40.61528	-74.65306
USC00288194	SOMERVILLE	20000130	9999	22	-178	NA	22	-178	48.8	40.61528	-74.65306
USC00288194	SOMERVILLE	20000131	9999	17	-178	NA	17	-178	48.8	40.61528	-74.65306
USC00288194	SOMERVILLE	20010101	9999	-6	-111	NA	-6	-111	48.8	40.61528	-74.65306
USC00288194	SOMERVILLE	20010102	9999	11	-106	NA	11	-106	48.8	40.61528	-74.65306
USC00288194	SOMERVILLE	20010103	9999	-33	-200	NA	-33	-200	48.8	40.61528	-74.65306
USC00288194	SOMERVILLE	20010104	9999	-11	-206	NA	-11	-206	48.8	40.61528	-74.65306
USC00288194	SOMERVILLE	20010105	9999	11	-156	NA	11	-156	48.8	40.61528	-74.65306
USC00288194	SOMERVILLE	20010106	9999	-17	-156	NA	-17	-156	48.8	40.61528	-74.65306
USC00288194	SOMERVILLE	20010107	9999	39	-100	NA	39	-100	48.8	40.61528	-74.65306
USC00288194	SOMERVILLE	20010108	9999	61	-100	NA	61	-100	48.8	40.61528	-74.65306
USC00288194	SOMERVILLE	20010109	9999	50	-61	NA	50	-61	48.8	40.61528	-74.65306
USC00288194	SOMERVILLE	20010110	9999	-6	-50	NA	-6	-50	48.8	40.61528	-74.65306
USC00288194	SOMERVILLE	20010111	9999	-6	-111	NA	-6	-111	48.8	40.61528	-74.65306
USC00288194	SOMERVILLE	20010112	9999	78	-83	NA	78	-83	48.8	40.61528	-74.65306
USC00288194	SOMERVILLE	20010113	9999	61	-100	NA	61	-100	48.8	40.61528	-74.65306
USC00288194	SOMERVILLE	20010114	9999	44	-100	NA	44	-100	48.8	40.61528	-74.65306
USC00288194	SOMERVILLE	20010115	9999	44	-106	NA	44	-106	48.8	40.61528	-74.65306
USC00288194	SOMERVILLE	20010116	9999	28	0	NA	28	0	48.8	40.61528	-74.65306
USC00288194	SOMERVILLE	20010117	9999	67	-22	NA	67	-22	48.8	40.61528	-74.65306
USC00288194	SOMERVILLE	20010118	9999	44	-33	NA	44	-33	48.8	40.61528	-74.65306
USC00288194	SOMERVILLE	20010119	9999	28	-28	NA	28	-28	48.8	40.61528	-74.65306
USC00288194	SOMERVILLE	20010120	9999	33	11	NA	33	11	48.8	40.61528	-74.65306
USC00288194	SOMERVILLE	20010121	9999	11	-50	NA	11	-50	48.8	40.61528	-74.65306
USC00288194	SOMERVILLE	20010122	9999	0	-133	NA	0	-133	48.8	40.61528	-74.65306
USC00288194	SOMERVILLE	20010123	9999	17	-144	NA	17	-144	48.8	40.61528	-74.65306
USC00288194	SOMERVILLE	20010124	9999	22	-144	NA	22	-144	48.8	40.61528	-74.65306
USC00288194	SOMERVILLE	20010125	9999	56	-106	NA	56	-106	48.8	40.61528	-74.65306
USC00288194	SOMERVILLE	20010126	9999	39	-83	NA	39	-83	48.8	40.61528	-74.65306
USC00288194	SOMERVILLE	20010127	9999	11	-89	NA	11	-89	48.8	40.61528	-74.65306
USC00288194	SOMERVILLE	20010128	9999	39	-39	NA	39	-39	48.8	40.61528	-74.65306
USC00288194	SOMERVILLE	20010129	9999	28	-100	NA	28	-100	48.8	40.61528	-74.65306
USC00288194	SOMERVILLE	20010130	9999	33	-106	NA	33	-106	48.8	40.61528	-74.65306
USC00288194	SOMERVILLE	20010131	9999	106	-17	NA	106	-17	48.8	40.61528	-74.65306
USC00288194	SOMERVILLE	20020101	9999	-6	-111	NA	-6	-111	48.8	40.61528	-74.65306
USC00288194	SOMERVILLE	20020102	9999	22	-106	NA	22	-106	48.8	40.61528	-74.65306
USC00288194	SOMERVILLE	20020103	9999	22	-89	NA	22	-89	48.8	40.61528	-74.65306
USC00288194	SOMERVILLE	20020104	9999	28	-78	NA	28	-78	48.8	40.61528	-74.65306
USC00288194	SOMERVILLE	20020105	9999	39	-78	NA	39	-78	48.8	40.61528	-74.65306
USC00288194	SOMERVILLE	20020106	9999	56	-78	NA	56	-78	48.8	40.61528	-74.65306
USC00288194	SOMERVILLE	20020107	9999	28	-56	NA	28	-56	48.8	40.61528	-74.65306
USC00288194	SOMERVILLE	20020108	9999	17	-61	NA	17	-61	48.8	40.61528	-74.65306
USC00288194	SOMERVILLE	20020109	9999	17	-61	NA	17	-61	48.8	40.61528	-74.65306
USC00288194	SOMERVILLE	20020110	9999	33	-22	NA	33	-22	48.8	40.61528	-74.65306
USC00288194	SOMERVILLE	20020111	9999	111	-28	NA	111	-28	48.8	40.61528	-74.65306
USC00288194	SOMERVILLE	20020112	9999	72	11	NA	72	11	48.8	40.61528	-74.65306
USC00288194	SOMERVILLE	20020113	9999	72	0	NA	72	0	48.8	40.61528	-74.65306
USC00288194	SOMERVILLE	20020114	9999	67	-22	NA	67	-22	48.8	40.61528	-74.65306
USC00288194	SOMERVILLE	20020115	9999	72	-33	NA	72	-33	48.8	40.61528	-74.65306
USC00288194	SOMERVILLE	20020116	9999	89	-33	NA	89	-33	48.8	40.61528	-74.65306
USC00288194	SOMERVILLE	20020117	9999	56	-22	NA	56	-22	48.8	40.61528	-74.65306
USC00288194	SOMERVILLE	20020118	9999	83	-33	NA	83	-33	48.8	40.61528	-74.65306
USC00288194	SOMERVILLE	20020119	9999	33	-67	NA	33	-67	48.8	40.61528	-74.65306
USC00288194	SOMERVILLE	20020120	9999	-17	-78	NA	-17	-78	48.8	40.61528	-74.65306
USC00288194	SOMERVILLE	20020121	9999	28	-94	NA	28	-94	48.8	40.61528	-74.65306
USC00288194	SOMERVILLE	20020122	9999	44	-67	NA	44	-67	48.8	40.61528	-74.65306
USC00288194	SOMERVILLE	20020123	9999	78	-44	NA	78	-44	48.8	40.61528	-74.65306
USC00288194	SOMERVILLE	20020124	9999	78	6	NA	78	6	48.8	40.61528	-74.65306
USC00288194	SOMERVILLE	20020125	9999	83	44	NA	83	44	48.8	40.61528	-74.65306
USC00288194	SOMERVILLE	20020126	9999	78	-22	NA	78	-22	48.8	40.61528	-74.65306
USC00288194	SOMERVILLE	20020127	9999	133	-50	NA	133	-50	48.8	40.61528	-74.65306
USC00288194	SOMERVILLE	20020128	9999	172	-56	NA	172	-56	48.8	40.61528	-74.65306
USC00288194	SOMERVILLE	20020129	9999	161	-39	NA	161	-39	48.8	40.61528	-74.65306
USC00288194	SOMERVILLE	20020130	9999	200	-11	NA	200	-11	48.8	40.61528	-74.65306
USC00288194	SOMERVILLE	20020131	9999	161	22	NA	161	22	48.8	40.61528	-74.65306
USC00288194	SOMERVILLE	20030101	9999	100	17	NA	100	17	48.8	40.61528	-74.65306
USC00288194	SOMERVILLE	20030102	9999	67	22	NA	67	22	48.8	40.61528	-74.65306
USC00288194	SOMERVILLE	20030103	9999	28	-22	NA	28	-22	48.8	40.61528	-74.65306
USC00288194	SOMERVILLE	20030104	9999	11	-17	NA	11	-17	48.8	40.61528	-74.65306
USC00288194	SOMERVILLE	20030105	9999	28	0	NA	28	0	48.8	40.61528	-74.65306
USC00288194	SOMERVILLE	20030106	9999	22	-11	NA	22	-11	48.8	40.61528	-74.65306
USC00288194	SOMERVILLE	20030107	9999	11	-28	NA	11	-28	48.8	40.61528	-74.65306
USC00288194	SOMERVILLE	20030108	9999	-22	-44	NA	-22	-44	48.8	40.61528	-74.65306
USC00288194	SOMERVILLE	20030109	9999	56	-28	NA	56	-28	48.8	40.61528	-74.65306
USC00288194	SOMERVILLE	20030110	9999	100	-17	NA	100	-17	48.8	40.61528	-74.65306
USC00288194	SOMERVILLE	20030111	9999	56	-44	NA	56	-44	48.8	40.61528	-74.65306
USC00288194	SOMERVILLE	20030112	9999	-6	-56	NA	-6	-56	48.8	40.61528	-74.65306
USC00288194	SOMERVILLE	20030113	9999	17	-78	NA	17	-78	48.8	40.61528	-74.65306
USC00288194	SOMERVILLE	20030114	9999	44	-83	NA	44	-83	48.8	40.61528	-74.65306
USC00288194	SOMERVILLE	20030115	9999	-22	-78	NA	-22	-78	48.8	40.61528	-74.65306
USC00288194	SOMERVILLE	20030116	9999	-17	-94	NA	-17	-94	48.8	40.61528	-74.65306
USC00288194	SOMERVILLE	20030117	9999	-22	-100	NA	-22	-100	48.8	40.61528	-74.65306
USC00288194	SOMERVILLE	20030118	9999	-6	-167	NA	-6	-167	48.8	40.61528	-74.65306
USC00288194	SOMERVILLE	20030119	9999	-67	-172	NA	-67	-172	48.8	40.61528	-74.65306
USC00288194	SOMERVILLE	20030120	9999	-22	-150	NA	-22	-150	48.8	40.61528	-74.65306
USC00288194	SOMERVILLE	20030121	9999	0	-122	NA	0	-122	48.8	40.61528	-74.65306
USC00288194	SOMERVILLE	20030122	9999	-33	-133	NA	-33	-133	48.8	40.61528	-74.65306
USC00288194	SOMERVILLE	20030123	9999	-56	-139	NA	-56	-139	48.8	40.61528	-74.65306
USC00288194	SOMERVILLE	20030124	9999	-72	-139	NA	-72	-139	48.8	40.61528	-74.65306
USC00288194	SOMERVILLE	20030125	9999	-22	-117	NA	-22	-117	48.8	40.61528	-74.65306
USC00288194	SOMERVILLE	20030126	9999	-11	-106	NA	-11	-106	48.8	40.61528	-74.65306
USC00288194	SOMERVILLE	20030127	9999	-6	-117	NA	-6	-117	48.8	40.61528	-74.65306
USC00288194	SOMERVILLE	20030128	9999	-83	-178	NA	-83	-178	48.8	40.61528	-74.65306
USC00288194	SOMERVILLE	20030129	9999	-50	-128	NA	-50	-128	48.8	40.61528	-74.65306
USC00288194	SOMERVILLE	20030130	9999	-11	-122	NA	-11	-122	48.8	40.61528	-74.65306
USC00288194	SOMERVILLE	20030131	9999	17	-139	NA	17	-139	48.8	40.61528	-74.65306
USC00288194	SOMERVILLE	20040101	9999	78	-50	NA	78	-50	48.8	40.61528	-74.65306
USC00288194	SOMERVILLE	20040102	9999	78	-39	NA	78	-39	48.8	40.61528	-74.65306
USC00288194	SOMERVILLE	20040103	9999	83	6	NA	83	6	48.8	40.61528	-74.65306
USC00288194	SOMERVILLE	20040104	9999	117	44	NA	117	44	48.8	40.61528	-74.65306
USC00288194	SOMERVILLE	20040105	9999	94	22	NA	94	22	48.8	40.61528	-74.65306
USC00288194	SOMERVILLE	20040106	9999	33	0	NA	33	0	48.8	40.61528	-74.65306
USC00288194	SOMERVILLE	20040107	9999	33	-83	NA	33	-83	48.8	40.61528	-74.65306
USC00288194	SOMERVILLE	20040108	9999	-39	-83	NA	-39	-83	48.8	40.61528	-74.65306
USC00288194	SOMERVILLE	20040109	9999	-11	-83	NA	-11	-83	48.8	40.61528	-74.65306
USC00288194	SOMERVILLE	20040110	9999	-61	-172	NA	-61	-172	48.8	40.61528	-74.65306
USC00288194	SOMERVILLE	20040111	9999	-94	-178	NA	-94	-178	48.8	40.61528	-74.65306
USC00288194	SOMERVILLE	20040112	9999	-28	-172	NA	-28	-172	48.8	40.61528	-74.65306
USC00288194	SOMERVILLE	20040113	9999	28	-33	NA	28	-33	48.8	40.61528	-74.65306
USC00288194	SOMERVILLE	20040114	9999	56	-128	NA	56	-128	48.8	40.61528	-74.65306
USC00288194	SOMERVILLE	20040115	9999	-89	-133	NA	-89	-133	48.8	40.61528	-74.65306
USC00288194	SOMERVILLE	20040116	9999	-72	-178	NA	-72	-178	48.8	40.61528	-74.65306
USC00288194	SOMERVILLE	20040117	9999	-28	-156	NA	-28	-156	48.8	40.61528	-74.65306
USC00288194	SOMERVILLE	20040118	9999	6	-89	NA	6	-89	48.8	40.61528	-74.65306
USC00288194	SOMERVILLE	20040119	9999	6	-67	NA	6	-67	48.8	40.61528	-74.65306
USC00288194	SOMERVILLE	20040120	9999	-28	-83	NA	-28	-83	48.8	40.61528	-74.65306
USC00288194	SOMERVILLE	20040121	9999	-17	-133	NA	-17	-133	48.8	40.61528	-74.65306
USC00288194	SOMERVILLE	20040122	9999	-28	-133	NA	-28	-133	48.8	40.61528	-74.65306
USC00288194	SOMERVILLE	20040123	9999	44	-117	NA	44	-117	48.8	40.61528	-74.65306
USC00288194	SOMERVILLE	20040124	9999	-89	-122	NA	-89	-122	48.8	40.61528	-74.65306
USC00288194	SOMERVILLE	20040125	9999	-50	-161	NA	-50	-161	48.8	40.61528	-74.65306
USC00288194	SOMERVILLE	20040126	9999	-89	-178	NA	-89	-178	48.8	40.61528	-74.65306
USC00288194	SOMERVILLE	20040127	9999	-72	-100	NA	-72	-100	48.8	40.61528	-74.65306
USC00288194	SOMERVILLE	20040128	9999	-56	-83	NA	-56	-83	48.8	40.61528	-74.65306
USC00288194	SOMERVILLE	20040129	9999	-22	-89	NA	-22	-89	48.8	40.61528	-74.65306
USC00288194	SOMERVILLE	20040130	9999	-33	-122	NA	-33	-122	48.8	40.61528	-74.65306
USC00288194	SOMERVILLE	20040131	9999	-50	-106	NA	-50	-106	48.8	40.61528	-74.65306
USC00288194	SOMERVILLE	20050101	9999	122	11	NA	122	11	48.8	40.61528	-74.65306
USC00288194	SOMERVILLE	20050102	9999	167	-44	NA	167	-44	48.8	40.61528	-74.65306
USC00288194	SOMERVILLE	20050103	9999	56	-44	NA	56	-44	48.8	40.61528	-74.65306
USC00288194	SOMERVILLE	20050104	9999	111	44	NA	111	44	48.8	40.61528	-74.65306
USC00288194	SOMERVILLE	20050105	9999	89	28	NA	89	28	48.8	40.61528	-74.65306
USC00288194	SOMERVILLE	20050106	9999	39	0	NA	39	0	48.8	40.61528	-74.65306
USC00288194	SOMERVILLE	20050107	9999	39	-6	NA	39	-6	48.8	40.61528	-74.65306
USC00288194	SOMERVILLE	20050108	9999	33	-6	NA	33	-6	48.8	40.61528	-74.65306
USC00288194	SOMERVILLE	20050109	9999	39	-6	NA	39	-6	48.8	40.61528	-74.65306
USC00288194	SOMERVILLE	20050110	9999	17	0	NA	17	0	48.8	40.61528	-74.65306
USC00288194	SOMERVILLE	20050111	9999	89	-22	NA	89	-22	48.8	40.61528	-74.65306
USC00288194	SOMERVILLE	20050112	9999	22	-28	NA	22	-28	48.8	40.61528	-74.65306
USC00288194	SOMERVILLE	20050113	9999	39	22	NA	39	22	48.8	40.61528	-74.65306
USC00288194	SOMERVILLE	20050114	9999	189	28	NA	189	28	48.8	40.61528	-74.65306
USC00288194	SOMERVILLE	20050115	9999	133	-50	NA	133	-50	48.8	40.61528	-74.65306
USC00288194	SOMERVILLE	20050116	9999	-6	-72	NA	-6	-72	48.8	40.61528	-74.65306
USC00288194	SOMERVILLE	20050117	9999	-11	-50	NA	-11	-50	48.8	40.61528	-74.65306
USC00288194	SOMERVILLE	20050118	9999	-22	-111	NA	-22	-111	48.8	40.61528	-74.65306
USC00288194	SOMERVILLE	20050119	9999	-94	-150	NA	-94	-150	48.8	40.61528	-74.65306
USC00288194	SOMERVILLE	20050120	9999	-56	-150	NA	-56	-150	48.8	40.61528	-74.65306
USC00288194	SOMERVILLE	20050121	9999	-17	-117	NA	-17	-117	48.8	40.61528	-74.65306
USC00288194	SOMERVILLE	20050122	9999	-78	-183	NA	-78	-183	48.8	40.61528	-74.65306
USC00288194	SOMERVILLE	20050123	9999	-67	-161	NA	-67	-161	48.8	40.61528	-74.65306
USC00288194	SOMERVILLE	20050124	9999	-61	-178	NA	-61	-178	48.8	40.61528	-74.65306
USC00288194	SOMERVILLE	20050125	9999	-61	-189	NA	-61	-189	48.8	40.61528	-74.65306
USC00288194	SOMERVILLE	20050126	9999	11	-133	NA	11	-133	48.8	40.61528	-74.65306
USC00288194	SOMERVILLE	20050127	9999	33	-128	NA	33	-128	48.8	40.61528	-74.65306
USC00288194	SOMERVILLE	20050128	9999	-72	-189	NA	-72	-189	48.8	40.61528	-74.65306
USC00288194	SOMERVILLE	20050129	9999	-39	-211	NA	-39	-211	48.8	40.61528	-74.65306
USC00288194	SOMERVILLE	20050130	9999	6	-206	NA	6	-206	48.8	40.61528	-74.65306
USC00288194	SOMERVILLE	20050131	9999	44	9999	NA	44	NA	48.8	40.61528	-74.65306
