STATION	NAME	DATE	SNWD	TMAX	TMIN	SNWD2	TMAX2	TMIN2	ELEV	LAT	LONG
USC00368308	SOUTH MOUNTAIN	19950101	0	9999	9999	0	NA	NA	463.3	39.8582	-77.4774
USC00368308	SOUTH MOUNTAIN	19950102	0	9999	9999	0	NA	NA	463.3	39.8582	-77.4774
USC00368308	SOUTH MOUNTAIN	19950103	0	9999	9999	0	NA	NA	463.3	39.8582	-77.4774
USC00368308	SOUTH MOUNTAIN	19950104	0	9999	9999	0	NA	NA	463.3	39.8582	-77.4774
USC00368308	SOUTH MOUNTAIN	19950105	0	9999	9999	0	NA	NA	463.3	39.8582	-77.4774
USC00368308	SOUTH MOUNTAIN	19950106	0	9999	9999	0	NA	NA	463.3	39.8582	-77.4774
USC00368308	SOUTH MOUNTAIN	19950107	0	9999	9999	0	NA	NA	463.3	39.8582	-77.4774
USC00368308	SOUTH MOUNTAIN	19950108	0	9999	9999	0	NA	NA	463.3	39.8582	-77.4774
USC00368308	SOUTH MOUNTAIN	19950109	0	9999	9999	0	NA	NA	463.3	39.8582	-77.4774
USC00368308	SOUTH MOUNTAIN	19950110	0	9999	9999	0	NA	NA	463.3	39.8582	-77.4774
USC00368308	SOUTH MOUNTAIN	19950111	0	9999	9999	0	NA	NA	463.3	39.8582	-77.4774
USC00368308	SOUTH MOUNTAIN	19950112	0	9999	9999	0	NA	NA	463.3	39.8582	-77.4774
USC00368308	SOUTH MOUNTAIN	19950113	0	9999	9999	0	NA	NA	463.3	39.8582	-77.4774
USC00368308	SOUTH MOUNTAIN	19950114	0	9999	9999	0	NA	NA	463.3	39.8582	-77.4774
USC00368308	SOUTH MOUNTAIN	19950115	0	9999	9999	0	NA	NA	463.3	39.8582	-77.4774
USC00368308	SOUTH MOUNTAIN	19950116	0	9999	9999	0	NA	NA	463.3	39.8582	-77.4774
USC00368308	SOUTH MOUNTAIN	19950117	0	9999	9999	0	NA	NA	463.3	39.8582	-77.4774
USC00368308	SOUTH MOUNTAIN	19950118	0	9999	9999	0	NA	NA	463.3	39.8582	-77.4774
USC00368308	SOUTH MOUNTAIN	19950119	0	9999	9999	0	NA	NA	463.3	39.8582	-77.4774
USC00368308	SOUTH MOUNTAIN	19950120	0	9999	9999	0	NA	NA	463.3	39.8582	-77.4774
USC00368308	SOUTH MOUNTAIN	19950121	0	9999	9999	0	NA	NA	463.3	39.8582	-77.4774
USC00368308	SOUTH MOUNTAIN	19950122	0	9999	9999	0	NA	NA	463.3	39.8582	-77.4774
USC00368308	SOUTH MOUNTAIN	19950123	0	9999	9999	0	NA	NA	463.3	39.8582	-77.4774
USC00368308	SOUTH MOUNTAIN	19950124	25	9999	9999	25	NA	NA	463.3	39.8582	-77.4774
USC00368308	SOUTH MOUNTAIN	19950125	0	9999	9999	0	NA	NA	463.3	39.8582	-77.4774
USC00368308	SOUTH MOUNTAIN	19950126	0	9999	9999	0	NA	NA	463.3	39.8582	-77.4774
USC00368308	SOUTH MOUNTAIN	19950127	0	9999	9999	0	NA	NA	463.3	39.8582	-77.4774
USC00368308	SOUTH MOUNTAIN	19950128	0	9999	9999	0	NA	NA	463.3	39.8582	-77.4774
USC00368308	SOUTH MOUNTAIN	19950129	0	9999	9999	0	NA	NA	463.3	39.8582	-77.4774
USC00368308	SOUTH MOUNTAIN	19950130	0	9999	9999	0	NA	NA	463.3	39.8582	-77.4774
USC00368308	SOUTH MOUNTAIN	19950131	0	9999	9999	0	NA	NA	463.3	39.8582	-77.4774
USC00368308	SOUTH MOUNTAIN	19960101	0	9999	9999	0	NA	NA	463.3	39.8582	-77.4774
USC00368308	SOUTH MOUNTAIN	19960102	0	9999	9999	0	NA	NA	463.3	39.8582	-77.4774
USC00368308	SOUTH MOUNTAIN	19960103	51	9999	9999	51	NA	NA	463.3	39.8582	-77.4774
USC00368308	SOUTH MOUNTAIN	19960104	51	9999	9999	51	NA	NA	463.3	39.8582	-77.4774
USC00368308	SOUTH MOUNTAIN	19960105	51	9999	9999	51	NA	NA	463.3	39.8582	-77.4774
USC00368308	SOUTH MOUNTAIN	19960106	51	9999	9999	51	NA	NA	463.3	39.8582	-77.4774
USC00368308	SOUTH MOUNTAIN	19960107	254	9999	9999	254	NA	NA	463.3	39.8582	-77.4774
USC00368308	SOUTH MOUNTAIN	19960108	838	9999	9999	838	NA	NA	463.3	39.8582	-77.4774
USC00368308	SOUTH MOUNTAIN	19960109	838	9999	9999	838	NA	NA	463.3	39.8582	-77.4774
USC00368308	SOUTH MOUNTAIN	19960110	864	9999	9999	864	NA	NA	463.3	39.8582	-77.4774
USC00368308	SOUTH MOUNTAIN	19960111	864	9999	9999	864	NA	NA	463.3	39.8582	-77.4774
USC00368308	SOUTH MOUNTAIN	19960112	914	9999	9999	914	NA	NA	463.3	39.8582	-77.4774
USC00368308	SOUTH MOUNTAIN	19960113	1168	9999	9999	1168	NA	NA	463.3	39.8582	-77.4774
USC00368308	SOUTH MOUNTAIN	19960114	1168	9999	9999	1168	NA	NA	463.3	39.8582	-77.4774
USC00368308	SOUTH MOUNTAIN	19960115	1016	9999	9999	1016	NA	NA	463.3	39.8582	-77.4774
USC00368308	SOUTH MOUNTAIN	19960116	940	9999	9999	940	NA	NA	463.3	39.8582	-77.4774
USC00368308	SOUTH MOUNTAIN	19960117	914	9999	9999	914	NA	NA	463.3	39.8582	-77.4774
USC00368308	SOUTH MOUNTAIN	19960118	838	9999	9999	838	NA	NA	463.3	39.8582	-77.4774
USC00368308	SOUTH MOUNTAIN	19960119	305	9999	9999	305	NA	NA	463.3	39.8582	-77.4774
USC00368308	SOUTH MOUNTAIN	19960120	203	9999	9999	203	NA	NA	463.3	39.8582	-77.4774
USC00368308	SOUTH MOUNTAIN	19960121	203	9999	9999	203	NA	NA	463.3	39.8582	-77.4774
USC00368308	SOUTH MOUNTAIN	19960122	203	9999	9999	203	NA	NA	463.3	39.8582	-77.4774
USC00368308	SOUTH MOUNTAIN	19960123	178	9999	9999	178	NA	NA	463.3	39.8582	-77.4774
USC00368308	SOUTH MOUNTAIN	19960124	152	9999	9999	152	NA	NA	463.3	39.8582	-77.4774
USC00368308	SOUTH MOUNTAIN	19960125	127	9999	9999	127	NA	NA	463.3	39.8582	-77.4774
USC00368308	SOUTH MOUNTAIN	19960126	127	9999	9999	127	NA	NA	463.3	39.8582	-77.4774
USC00368308	SOUTH MOUNTAIN	19960127	102	9999	9999	102	NA	NA	463.3	39.8582	-77.4774
USC00368308	SOUTH MOUNTAIN	19960128	51	9999	9999	51	NA	NA	463.3	39.8582	-77.4774
USC00368308	SOUTH MOUNTAIN	19960129	51	9999	9999	51	NA	NA	463.3	39.8582	-77.4774
USC00368308	SOUTH MOUNTAIN	19960130	51	9999	9999	51	NA	NA	463.3	39.8582	-77.4774
USC00368308	SOUTH MOUNTAIN	19960131	51	9999	9999	51	NA	NA	463.3	39.8582	-77.4774
USC00368308	SOUTH MOUNTAIN	19970101	0	9999	9999	0	NA	NA	463.3	39.8582	-77.4774
USC00368308	SOUTH MOUNTAIN	19970102	0	9999	9999	0	NA	NA	463.3	39.8582	-77.4774
USC00368308	SOUTH MOUNTAIN	19970103	0	9999	9999	0	NA	NA	463.3	39.8582	-77.4774
USC00368308	SOUTH MOUNTAIN	19970104	0	9999	9999	0	NA	NA	463.3	39.8582	-77.4774
USC00368308	SOUTH MOUNTAIN	19970105	0	9999	9999	0	NA	NA	463.3	39.8582	-77.4774
USC00368308	SOUTH MOUNTAIN	19970106	0	9999	9999	0	NA	NA	463.3	39.8582	-77.4774
USC00368308	SOUTH MOUNTAIN	19970107	0	9999	9999	0	NA	NA	463.3	39.8582	-77.4774
USC00368308	SOUTH MOUNTAIN	19970108	0	9999	9999	0	NA	NA	463.3	39.8582	-77.4774
USC00368308	SOUTH MOUNTAIN	19970109	0	9999	9999	0	NA	NA	463.3	39.8582	-77.4774
USC00368308	SOUTH MOUNTAIN	19970110	102	9999	9999	102	NA	NA	463.3	39.8582	-77.4774
USC00368308	SOUTH MOUNTAIN	19970111	102	9999	9999	102	NA	NA	463.3	39.8582	-77.4774
USC00368308	SOUTH MOUNTAIN	19970112	76	9999	9999	76	NA	NA	463.3	39.8582	-77.4774
USC00368308	SOUTH MOUNTAIN	19970113	76	9999	9999	76	NA	NA	463.3	39.8582	-77.4774
USC00368308	SOUTH MOUNTAIN	19970114	76	9999	9999	76	NA	NA	463.3	39.8582	-77.4774
USC00368308	SOUTH MOUNTAIN	19970115	51	9999	9999	51	NA	NA	463.3	39.8582	-77.4774
USC00368308	SOUTH MOUNTAIN	19970116	25	9999	9999	25	NA	NA	463.3	39.8582	-77.4774
USC00368308	SOUTH MOUNTAIN	19970117	25	9999	9999	25	NA	NA	463.3	39.8582	-77.4774
USC00368308	SOUTH MOUNTAIN	19970118	25	9999	9999	25	NA	NA	463.3	39.8582	-77.4774
USC00368308	SOUTH MOUNTAIN	19970119	25	9999	9999	25	NA	NA	463.3	39.8582	-77.4774
USC00368308	SOUTH MOUNTAIN	19970120	25	9999	9999	25	NA	NA	463.3	39.8582	-77.4774
USC00368308	SOUTH MOUNTAIN	19970121	25	9999	9999	25	NA	NA	463.3	39.8582	-77.4774
USC00368308	SOUTH MOUNTAIN	19970122	25	9999	9999	25	NA	NA	463.3	39.8582	-77.4774
USC00368308	SOUTH MOUNTAIN	19970123	0	9999	9999	0	NA	NA	463.3	39.8582	-77.4774
USC00368308	SOUTH MOUNTAIN	19970124	0	9999	9999	0	NA	NA	463.3	39.8582	-77.4774
USC00368308	SOUTH MOUNTAIN	19970125	0	9999	9999	0	NA	NA	463.3	39.8582	-77.4774
USC00368308	SOUTH MOUNTAIN	19970126	0	9999	9999	0	NA	NA	463.3	39.8582	-77.4774
USC00368308	SOUTH MOUNTAIN	19970127	0	9999	9999	0	NA	NA	463.3	39.8582	-77.4774
USC00368308	SOUTH MOUNTAIN	19970128	0	9999	9999	0	NA	NA	463.3	39.8582	-77.4774
USC00368308	SOUTH MOUNTAIN	19970129	0	9999	9999	0	NA	NA	463.3	39.8582	-77.4774
USC00368308	SOUTH MOUNTAIN	19970130	0	9999	9999	0	NA	NA	463.3	39.8582	-77.4774
USC00368308	SOUTH MOUNTAIN	19970131	0	9999	9999	0	NA	NA	463.3	39.8582	-77.4774
USC00368308	SOUTH MOUNTAIN	19980101	203	9999	9999	203	NA	NA	463.3	39.8582	-77.4774
USC00368308	SOUTH MOUNTAIN	19980102	178	9999	9999	178	NA	NA	463.3	39.8582	-77.4774
USC00368308	SOUTH MOUNTAIN	19980103	102	9999	9999	102	NA	NA	463.3	39.8582	-77.4774
USC00368308	SOUTH MOUNTAIN	19980104	51	9999	9999	51	NA	NA	463.3	39.8582	-77.4774
USC00368308	SOUTH MOUNTAIN	19980105	0	9999	9999	0	NA	NA	463.3	39.8582	-77.4774
USC00368308	SOUTH MOUNTAIN	19980106	0	9999	9999	0	NA	NA	463.3	39.8582	-77.4774
USC00368308	SOUTH MOUNTAIN	19980107	0	9999	9999	0	NA	NA	463.3	39.8582	-77.4774
USC00368308	SOUTH MOUNTAIN	19980108	0	9999	9999	0	NA	NA	463.3	39.8582	-77.4774
USC00368308	SOUTH MOUNTAIN	19980109	0	9999	9999	0	NA	NA	463.3	39.8582	-77.4774
USC00368308	SOUTH MOUNTAIN	19980110	0	9999	9999	0	NA	NA	463.3	39.8582	-77.4774
USC00368308	SOUTH MOUNTAIN	19980111	0	9999	9999	0	NA	NA	463.3	39.8582	-77.4774
USC00368308	SOUTH MOUNTAIN	19980112	0	9999	9999	0	NA	NA	463.3	39.8582	-77.4774
USC00368308	SOUTH MOUNTAIN	19980113	0	9999	9999	0	NA	NA	463.3	39.8582	-77.4774
USC00368308	SOUTH MOUNTAIN	19980114	0	9999	9999	0	NA	NA	463.3	39.8582	-77.4774
USC00368308	SOUTH MOUNTAIN	19980115	0	9999	9999	0	NA	NA	463.3	39.8582	-77.4774
USC00368308	SOUTH MOUNTAIN	19980116	0	9999	9999	0	NA	NA	463.3	39.8582	-77.4774
USC00368308	SOUTH MOUNTAIN	19980117	0	9999	9999	0	NA	NA	463.3	39.8582	-77.4774
USC00368308	SOUTH MOUNTAIN	19980118	0	9999	9999	0	NA	NA	463.3	39.8582	-77.4774
USC00368308	SOUTH MOUNTAIN	19980119	0	9999	9999	0	NA	NA	463.3	39.8582	-77.4774
USC00368308	SOUTH MOUNTAIN	19980120	0	9999	9999	0	NA	NA	463.3	39.8582	-77.4774
USC00368308	SOUTH MOUNTAIN	19980121	0	9999	9999	0	NA	NA	463.3	39.8582	-77.4774
USC00368308	SOUTH MOUNTAIN	19980122	0	9999	9999	0	NA	NA	463.3	39.8582	-77.4774
USC00368308	SOUTH MOUNTAIN	19980123	51	9999	9999	51	NA	NA	463.3	39.8582	-77.4774
USC00368308	SOUTH MOUNTAIN	19980124	25	9999	9999	25	NA	NA	463.3	39.8582	-77.4774
USC00368308	SOUTH MOUNTAIN	19980125	76	9999	9999	76	NA	NA	463.3	39.8582	-77.4774
USC00368308	SOUTH MOUNTAIN	19980126	51	9999	9999	51	NA	NA	463.3	39.8582	-77.4774
USC00368308	SOUTH MOUNTAIN	19980127	25	9999	9999	25	NA	NA	463.3	39.8582	-77.4774
USC00368308	SOUTH MOUNTAIN	19980128	76	9999	9999	76	NA	NA	463.3	39.8582	-77.4774
USC00368308	SOUTH MOUNTAIN	19980129	76	9999	9999	76	NA	NA	463.3	39.8582	-77.4774
USC00368308	SOUTH MOUNTAIN	19980130	51	9999	9999	51	NA	NA	463.3	39.8582	-77.4774
USC00368308	SOUTH MOUNTAIN	19980131	25	9999	9999	25	NA	NA	463.3	39.8582	-77.4774
USC00368308	SOUTH MOUNTAIN	19990101	0	9999	9999	0	NA	NA	463.3	39.8582	-77.4774
USC00368308	SOUTH MOUNTAIN	19990102	0	9999	9999	0	NA	NA	463.3	39.8582	-77.4774
USC00368308	SOUTH MOUNTAIN	19990103	51	9999	9999	51	NA	NA	463.3	39.8582	-77.4774
USC00368308	SOUTH MOUNTAIN	19990104	51	9999	9999	51	NA	NA	463.3	39.8582	-77.4774
USC00368308	SOUTH MOUNTAIN	19990105	25	9999	9999	25	NA	NA	463.3	39.8582	-77.4774
USC00368308	SOUTH MOUNTAIN	19990106	25	9999	9999	25	NA	NA	463.3	39.8582	-77.4774
USC00368308	SOUTH MOUNTAIN	19990107	25	9999	9999	25	NA	NA	463.3	39.8582	-77.4774
USC00368308	SOUTH MOUNTAIN	19990108	51	9999	9999	51	NA	NA	463.3	39.8582	-77.4774
USC00368308	SOUTH MOUNTAIN	19990109	76	9999	9999	76	NA	NA	463.3	39.8582	-77.4774
USC00368308	SOUTH MOUNTAIN	19990110	76	9999	9999	76	NA	NA	463.3	39.8582	-77.4774
USC00368308	SOUTH MOUNTAIN	19990111	76	9999	9999	76	NA	NA	463.3	39.8582	-77.4774
USC00368308	SOUTH MOUNTAIN	19990112	76	9999	9999	76	NA	NA	463.3	39.8582	-77.4774
USC00368308	SOUTH MOUNTAIN	19990113	51	9999	9999	51	NA	NA	463.3	39.8582	-77.4774
USC00368308	SOUTH MOUNTAIN	19990114	25	9999	9999	25	NA	NA	463.3	39.8582	-77.4774
USC00368308	SOUTH MOUNTAIN	19990115	76	9999	9999	76	NA	NA	463.3	39.8582	-77.4774
USC00368308	SOUTH MOUNTAIN	19990116	76	9999	9999	76	NA	NA	463.3	39.8582	-77.4774
USC00368308	SOUTH MOUNTAIN	19990117	51	9999	9999	51	NA	NA	463.3	39.8582	-77.4774
USC00368308	SOUTH MOUNTAIN	19990118	25	9999	9999	25	NA	NA	463.3	39.8582	-77.4774
USC00368308	SOUTH MOUNTAIN	19990119	0	9999	9999	0	NA	NA	463.3	39.8582	-77.4774
USC00368308	SOUTH MOUNTAIN	19990120	0	9999	9999	0	NA	NA	463.3	39.8582	-77.4774
USC00368308	SOUTH MOUNTAIN	19990121	0	9999	9999	0	NA	NA	463.3	39.8582	-77.4774
USC00368308	SOUTH MOUNTAIN	19990122	0	9999	9999	0	NA	NA	463.3	39.8582	-77.4774
USC00368308	SOUTH MOUNTAIN	19990123	0	9999	9999	0	NA	NA	463.3	39.8582	-77.4774
USC00368308	SOUTH MOUNTAIN	19990124	0	9999	9999	0	NA	NA	463.3	39.8582	-77.4774
USC00368308	SOUTH MOUNTAIN	19990125	0	9999	9999	0	NA	NA	463.3	39.8582	-77.4774
USC00368308	SOUTH MOUNTAIN	19990126	0	9999	9999	0	NA	NA	463.3	39.8582	-77.4774
USC00368308	SOUTH MOUNTAIN	19990127	0	9999	9999	0	NA	NA	463.3	39.8582	-77.4774
USC00368308	SOUTH MOUNTAIN	19990128	0	9999	9999	0	NA	NA	463.3	39.8582	-77.4774
USC00368308	SOUTH MOUNTAIN	19990129	0	9999	9999	0	NA	NA	463.3	39.8582	-77.4774
USC00368308	SOUTH MOUNTAIN	19990130	0	9999	9999	0	NA	NA	463.3	39.8582	-77.4774
USC00368308	SOUTH MOUNTAIN	19990131	0	9999	9999	0	NA	NA	463.3	39.8582	-77.4774
USC00368308	SOUTH MOUNTAIN	20000101	0	9999	9999	0	NA	NA	463.3	39.8582	-77.4774
USC00368308	SOUTH MOUNTAIN	20000102	0	9999	9999	0	NA	NA	463.3	39.8582	-77.4774
USC00368308	SOUTH MOUNTAIN	20000103	0	9999	9999	0	NA	NA	463.3	39.8582	-77.4774
USC00368308	SOUTH MOUNTAIN	20000104	0	9999	9999	0	NA	NA	463.3	39.8582	-77.4774
USC00368308	SOUTH MOUNTAIN	20000105	0	9999	9999	0	NA	NA	463.3	39.8582	-77.4774
USC00368308	SOUTH MOUNTAIN	20000106	0	9999	9999	0	NA	NA	463.3	39.8582	-77.4774
USC00368308	SOUTH MOUNTAIN	20000107	0	9999	9999	0	NA	NA	463.3	39.8582	-77.4774
USC00368308	SOUTH MOUNTAIN	20000108	0	9999	9999	0	NA	NA	463.3	39.8582	-77.4774
USC00368308	SOUTH MOUNTAIN	20000109	0	9999	9999	0	NA	NA	463.3	39.8582	-77.4774
USC00368308	SOUTH MOUNTAIN	20000110	0	9999	9999	0	NA	NA	463.3	39.8582	-77.4774
USC00368308	SOUTH MOUNTAIN	20000111	0	9999	9999	0	NA	NA	463.3	39.8582	-77.4774
USC00368308	SOUTH MOUNTAIN	20000112	0	9999	9999	0	NA	NA	463.3	39.8582	-77.4774
USC00368308	SOUTH MOUNTAIN	20000113	0	9999	9999	0	NA	NA	463.3	39.8582	-77.4774
USC00368308	SOUTH MOUNTAIN	20000114	0	9999	9999	0	NA	NA	463.3	39.8582	-77.4774
USC00368308	SOUTH MOUNTAIN	20000115	0	9999	9999	0	NA	NA	463.3	39.8582	-77.4774
USC00368308	SOUTH MOUNTAIN	20000116	0	9999	9999	0	NA	NA	463.3	39.8582	-77.4774
USC00368308	SOUTH MOUNTAIN	20000117	0	9999	9999	0	NA	NA	463.3	39.8582	-77.4774
USC00368308	SOUTH MOUNTAIN	20000118	0	9999	9999	0	NA	NA	463.3	39.8582	-77.4774
USC00368308	SOUTH MOUNTAIN	20000119	0	9999	9999	0	NA	NA	463.3	39.8582	-77.4774
USC00368308	SOUTH MOUNTAIN	20000120	76	9999	9999	76	NA	NA	463.3	39.8582	-77.4774
USC00368308	SOUTH MOUNTAIN	20000121	152	9999	9999	152	NA	NA	463.3	39.8582	-77.4774
USC00368308	SOUTH MOUNTAIN	20000122	152	9999	9999	152	NA	NA	463.3	39.8582	-77.4774
USC00368308	SOUTH MOUNTAIN	20000123	178	9999	9999	178	NA	NA	463.3	39.8582	-77.4774
USC00368308	SOUTH MOUNTAIN	20000124	152	9999	9999	152	NA	NA	463.3	39.8582	-77.4774
USC00368308	SOUTH MOUNTAIN	20000125	229	9999	9999	229	NA	NA	463.3	39.8582	-77.4774
USC00368308	SOUTH MOUNTAIN	20000126	483	9999	9999	483	NA	NA	463.3	39.8582	-77.4774
USC00368308	SOUTH MOUNTAIN	20000127	432	9999	9999	432	NA	NA	463.3	39.8582	-77.4774
USC00368308	SOUTH MOUNTAIN	20000128	406	9999	9999	406	NA	NA	463.3	39.8582	-77.4774
USC00368308	SOUTH MOUNTAIN	20000129	356	9999	9999	356	NA	NA	463.3	39.8582	-77.4774
USC00368308	SOUTH MOUNTAIN	20000130	381	9999	9999	381	NA	NA	463.3	39.8582	-77.4774
USC00368308	SOUTH MOUNTAIN	20000131	508	9999	9999	508	NA	NA	463.3	39.8582	-77.4774
USC00368308	SOUTH MOUNTAIN	20010101	102	9999	9999	102	NA	NA	463.3	39.8582	-77.4774
USC00368308	SOUTH MOUNTAIN	20010102	76	9999	9999	76	NA	NA	463.3	39.8582	-77.4774
USC00368308	SOUTH MOUNTAIN	20010103	76	9999	9999	76	NA	NA	463.3	39.8582	-77.4774
USC00368308	SOUTH MOUNTAIN	20010104	76	9999	9999	76	NA	NA	463.3	39.8582	-77.4774
USC00368308	SOUTH MOUNTAIN	20010105	76	9999	9999	76	NA	NA	463.3	39.8582	-77.4774
USC00368308	SOUTH MOUNTAIN	20010106	178	9999	9999	178	NA	NA	463.3	39.8582	-77.4774
USC00368308	SOUTH MOUNTAIN	20010107	152	9999	9999	152	NA	NA	463.3	39.8582	-77.4774
USC00368308	SOUTH MOUNTAIN	20010108	102	9999	9999	102	NA	NA	463.3	39.8582	-77.4774
USC00368308	SOUTH MOUNTAIN	20010109	102	9999	9999	102	NA	NA	463.3	39.8582	-77.4774
USC00368308	SOUTH MOUNTAIN	20010110	102	9999	9999	102	NA	NA	463.3	39.8582	-77.4774
USC00368308	SOUTH MOUNTAIN	20010111	102	9999	9999	102	NA	NA	463.3	39.8582	-77.4774
USC00368308	SOUTH MOUNTAIN	20010112	51	9999	9999	51	NA	NA	463.3	39.8582	-77.4774
USC00368308	SOUTH MOUNTAIN	20010113	25	9999	9999	25	NA	NA	463.3	39.8582	-77.4774
USC00368308	SOUTH MOUNTAIN	20010114	25	9999	9999	25	NA	NA	463.3	39.8582	-77.4774
USC00368308	SOUTH MOUNTAIN	20010115	25	9999	9999	25	NA	NA	463.3	39.8582	-77.4774
USC00368308	SOUTH MOUNTAIN	20010116	25	9999	9999	25	NA	NA	463.3	39.8582	-77.4774
USC00368308	SOUTH MOUNTAIN	20010117	25	9999	9999	25	NA	NA	463.3	39.8582	-77.4774
USC00368308	SOUTH MOUNTAIN	20010118	25	9999	9999	25	NA	NA	463.3	39.8582	-77.4774
USC00368308	SOUTH MOUNTAIN	20010119	25	9999	9999	25	NA	NA	463.3	39.8582	-77.4774
USC00368308	SOUTH MOUNTAIN	20010120	51	9999	9999	51	NA	NA	463.3	39.8582	-77.4774
USC00368308	SOUTH MOUNTAIN	20010121	254	9999	9999	254	NA	NA	463.3	39.8582	-77.4774
USC00368308	SOUTH MOUNTAIN	20010122	254	9999	9999	254	NA	NA	463.3	39.8582	-77.4774
USC00368308	SOUTH MOUNTAIN	20010123	254	9999	9999	254	NA	NA	463.3	39.8582	-77.4774
USC00368308	SOUTH MOUNTAIN	20010124	229	9999	9999	229	NA	NA	463.3	39.8582	-77.4774
USC00368308	SOUTH MOUNTAIN	20010125	203	9999	9999	203	NA	NA	463.3	39.8582	-77.4774
USC00368308	SOUTH MOUNTAIN	20010126	178	9999	9999	178	NA	NA	463.3	39.8582	-77.4774
USC00368308	SOUTH MOUNTAIN	20010127	127	9999	9999	127	NA	NA	463.3	39.8582	-77.4774
USC00368308	SOUTH MOUNTAIN	20010128	127	9999	9999	127	NA	NA	463.3	39.8582	-77.4774
USC00368308	SOUTH MOUNTAIN	20010129	127	9999	9999	127	NA	NA	463.3	39.8582	-77.4774
USC00368308	SOUTH MOUNTAIN	20010130	102	9999	9999	102	NA	NA	463.3	39.8582	-77.4774
USC00368308	SOUTH MOUNTAIN	20010131	51	9999	9999	51	NA	NA	463.3	39.8582	-77.4774
USC00368308	SOUTH MOUNTAIN	20020101	0	9999	9999	0	NA	NA	463.3	39.8582	-77.4774
USC00368308	SOUTH MOUNTAIN	20020102	0	9999	9999	0	NA	NA	463.3	39.8582	-77.4774
USC00368308	SOUTH MOUNTAIN	20020103	0	9999	9999	0	NA	NA	463.3	39.8582	-77.4774
USC00368308	SOUTH MOUNTAIN	20020104	0	9999	9999	0	NA	NA	463.3	39.8582	-77.4774
USC00368308	SOUTH MOUNTAIN	20020105	0	9999	9999	0	NA	NA	463.3	39.8582	-77.4774
USC00368308	SOUTH MOUNTAIN	20020106	0	9999	9999	0	NA	NA	463.3	39.8582	-77.4774
USC00368308	SOUTH MOUNTAIN	20020107	127	9999	9999	127	NA	NA	463.3	39.8582	-77.4774
USC00368308	SOUTH MOUNTAIN	20020108	102	9999	9999	102	NA	NA	463.3	39.8582	-77.4774
USC00368308	SOUTH MOUNTAIN	20020109	102	9999	9999	102	NA	NA	463.3	39.8582	-77.4774
USC00368308	SOUTH MOUNTAIN	20020110	76	9999	9999	76	NA	NA	463.3	39.8582	-77.4774
USC00368308	SOUTH MOUNTAIN	20020111	0	9999	9999	0	NA	NA	463.3	39.8582	-77.4774
USC00368308	SOUTH MOUNTAIN	20020112	0	9999	9999	0	NA	NA	463.3	39.8582	-77.4774
USC00368308	SOUTH MOUNTAIN	20020113	0	9999	9999	0	NA	NA	463.3	39.8582	-77.4774
USC00368308	SOUTH MOUNTAIN	20020114	0	9999	9999	0	NA	NA	463.3	39.8582	-77.4774
USC00368308	SOUTH MOUNTAIN	20020115	0	9999	9999	0	NA	NA	463.3	39.8582	-77.4774
USC00368308	SOUTH MOUNTAIN	20020116	0	9999	9999	0	NA	NA	463.3	39.8582	-77.4774
USC00368308	SOUTH MOUNTAIN	20020117	0	9999	9999	0	NA	NA	463.3	39.8582	-77.4774
USC00368308	SOUTH MOUNTAIN	20020118	0	9999	9999	0	NA	NA	463.3	39.8582	-77.4774
USC00368308	SOUTH MOUNTAIN	20020119	0	9999	9999	0	NA	NA	463.3	39.8582	-77.4774
USC00368308	SOUTH MOUNTAIN	20020120	76	9999	9999	76	NA	NA	463.3	39.8582	-77.4774
USC00368308	SOUTH MOUNTAIN	20020121	51	9999	9999	51	NA	NA	463.3	39.8582	-77.4774
USC00368308	SOUTH MOUNTAIN	20020122	51	9999	9999	51	NA	NA	463.3	39.8582	-77.4774
USC00368308	SOUTH MOUNTAIN	20020123	25	9999	9999	25	NA	NA	463.3	39.8582	-77.4774
USC00368308	SOUTH MOUNTAIN	20020124	0	9999	9999	0	NA	NA	463.3	39.8582	-77.4774
USC00368308	SOUTH MOUNTAIN	20020125	0	9999	9999	0	NA	NA	463.3	39.8582	-77.4774
USC00368308	SOUTH MOUNTAIN	20020126	0	9999	9999	0	NA	NA	463.3	39.8582	-77.4774
USC00368308	SOUTH MOUNTAIN	20020127	0	9999	9999	0	NA	NA	463.3	39.8582	-77.4774
USC00368308	SOUTH MOUNTAIN	20020128	0	9999	9999	0	NA	NA	463.3	39.8582	-77.4774
USC00368308	SOUTH MOUNTAIN	20020129	0	9999	9999	0	NA	NA	463.3	39.8582	-77.4774
USC00368308	SOUTH MOUNTAIN	20020130	0	9999	9999	0	NA	NA	463.3	39.8582	-77.4774
USC00368308	SOUTH MOUNTAIN	20020131	0	9999	9999	0	NA	NA	463.3	39.8582	-77.4774
USC00368308	SOUTH MOUNTAIN	20030101	25	9999	9999	25	NA	NA	463.3	39.8582	-77.4774
USC00368308	SOUTH MOUNTAIN	20030102	0	9999	9999	0	NA	NA	463.3	39.8582	-77.4774
USC00368308	SOUTH MOUNTAIN	20030103	25	9999	9999	25	NA	NA	463.3	39.8582	-77.4774
USC00368308	SOUTH MOUNTAIN	20030104	51	9999	9999	51	NA	NA	463.3	39.8582	-77.4774
USC00368308	SOUTH MOUNTAIN	20030105	25	9999	9999	25	NA	NA	463.3	39.8582	-77.4774
USC00368308	SOUTH MOUNTAIN	20030106	102	9999	9999	102	NA	NA	463.3	39.8582	-77.4774
USC00368308	SOUTH MOUNTAIN	20030107	102	9999	9999	102	NA	NA	463.3	39.8582	-77.4774
USC00368308	SOUTH MOUNTAIN	20030108	76	9999	9999	76	NA	NA	463.3	39.8582	-77.4774
USC00368308	SOUTH MOUNTAIN	20030109	51	9999	9999	51	NA	NA	463.3	39.8582	-77.4774
USC00368308	SOUTH MOUNTAIN	20030110	0	9999	9999	0	NA	NA	463.3	39.8582	-77.4774
USC00368308	SOUTH MOUNTAIN	20030111	25	9999	9999	25	NA	NA	463.3	39.8582	-77.4774
USC00368308	SOUTH MOUNTAIN	20030112	25	9999	9999	25	NA	NA	463.3	39.8582	-77.4774
USC00368308	SOUTH MOUNTAIN	20030113	25	9999	9999	25	NA	NA	463.3	39.8582	-77.4774
USC00368308	SOUTH MOUNTAIN	20030114	25	9999	9999	25	NA	NA	463.3	39.8582	-77.4774
USC00368308	SOUTH MOUNTAIN	20030115	25	9999	9999	25	NA	NA	463.3	39.8582	-77.4774
USC00368308	SOUTH MOUNTAIN	20030116	25	9999	9999	25	NA	NA	463.3	39.8582	-77.4774
USC00368308	SOUTH MOUNTAIN	20030117	76	9999	9999	76	NA	NA	463.3	39.8582	-77.4774
USC00368308	SOUTH MOUNTAIN	20030118	76	9999	9999	76	NA	NA	463.3	39.8582	-77.4774
USC00368308	SOUTH MOUNTAIN	20030119	76	9999	9999	76	NA	NA	463.3	39.8582	-77.4774
USC00368308	SOUTH MOUNTAIN	20030120	76	9999	9999	76	NA	NA	463.3	39.8582	-77.4774
USC00368308	SOUTH MOUNTAIN	20030121	76	9999	9999	76	NA	NA	463.3	39.8582	-77.4774
USC00368308	SOUTH MOUNTAIN	20030122	76	9999	9999	76	NA	NA	463.3	39.8582	-77.4774
USC00368308	SOUTH MOUNTAIN	20030123	76	9999	9999	76	NA	NA	463.3	39.8582	-77.4774
USC00368308	SOUTH MOUNTAIN	20030124	76	9999	9999	76	NA	NA	463.3	39.8582	-77.4774
USC00368308	SOUTH MOUNTAIN	20030125	76	9999	9999	76	NA	NA	463.3	39.8582	-77.4774
USC00368308	SOUTH MOUNTAIN	20030126	76	9999	9999	76	NA	NA	463.3	39.8582	-77.4774
USC00368308	SOUTH MOUNTAIN	20030127	102	9999	9999	102	NA	NA	463.3	39.8582	-77.4774
USC00368308	SOUTH MOUNTAIN	20030128	76	9999	9999	76	NA	NA	463.3	39.8582	-77.4774
USC00368308	SOUTH MOUNTAIN	20030129	76	9999	9999	76	NA	NA	463.3	39.8582	-77.4774
USC00368308	SOUTH MOUNTAIN	20030130	76	9999	9999	76	NA	NA	463.3	39.8582	-77.4774
USC00368308	SOUTH MOUNTAIN	20030131	76	9999	9999	76	NA	NA	463.3	39.8582	-77.4774
USC00368308	SOUTH MOUNTAIN	20040101	0	9999	9999	0	NA	NA	463.3	39.8582	-77.4774
USC00368308	SOUTH MOUNTAIN	20040102	0	9999	9999	0	NA	NA	463.3	39.8582	-77.4774
USC00368308	SOUTH MOUNTAIN	20040103	0	9999	9999	0	NA	NA	463.3	39.8582	-77.4774
USC00368308	SOUTH MOUNTAIN	20040104	0	9999	9999	0	NA	NA	463.3	39.8582	-77.4774
USC00368308	SOUTH MOUNTAIN	20040105	0	9999	9999	0	NA	NA	463.3	39.8582	-77.4774
USC00368308	SOUTH MOUNTAIN	20040106	0	9999	9999	0	NA	NA	463.3	39.8582	-77.4774
USC00368308	SOUTH MOUNTAIN	20040107	0	9999	9999	0	NA	NA	463.3	39.8582	-77.4774
USC00368308	SOUTH MOUNTAIN	20040108	0	9999	9999	0	NA	NA	463.3	39.8582	-77.4774
USC00368308	SOUTH MOUNTAIN	20040109	0	9999	9999	0	NA	NA	463.3	39.8582	-77.4774
USC00368308	SOUTH MOUNTAIN	20040110	0	9999	9999	0	NA	NA	463.3	39.8582	-77.4774
USC00368308	SOUTH MOUNTAIN	20040111	0	9999	9999	0	NA	NA	463.3	39.8582	-77.4774
USC00368308	SOUTH MOUNTAIN	20040112	0	9999	9999	0	NA	NA	463.3	39.8582	-77.4774
USC00368308	SOUTH MOUNTAIN	20040113	0	9999	9999	0	NA	NA	463.3	39.8582	-77.4774
USC00368308	SOUTH MOUNTAIN	20040114	0	9999	9999	0	NA	NA	463.3	39.8582	-77.4774
USC00368308	SOUTH MOUNTAIN	20040115	51	9999	9999	51	NA	NA	463.3	39.8582	-77.4774
USC00368308	SOUTH MOUNTAIN	20040116	25	9999	9999	25	NA	NA	463.3	39.8582	-77.4774
USC00368308	SOUTH MOUNTAIN	20040117	25	9999	9999	25	NA	NA	463.3	39.8582	-77.4774
USC00368308	SOUTH MOUNTAIN	20040118	76	9999	9999	76	NA	NA	463.3	39.8582	-77.4774
USC00368308	SOUTH MOUNTAIN	20040119	102	9999	9999	102	NA	NA	463.3	39.8582	-77.4774
USC00368308	SOUTH MOUNTAIN	20040120	102	9999	9999	102	NA	NA	463.3	39.8582	-77.4774
USC00368308	SOUTH MOUNTAIN	20040121	102	9999	9999	102	NA	NA	463.3	39.8582	-77.4774
USC00368308	SOUTH MOUNTAIN	20040122	76	9999	9999	76	NA	NA	463.3	39.8582	-77.4774
USC00368308	SOUTH MOUNTAIN	20040123	51	9999	9999	51	NA	NA	463.3	39.8582	-77.4774
USC00368308	SOUTH MOUNTAIN	20040124	178	9999	9999	178	NA	NA	463.3	39.8582	-77.4774
USC00368308	SOUTH MOUNTAIN	20040125	178	9999	9999	178	NA	NA	463.3	39.8582	-77.4774
USC00368308	SOUTH MOUNTAIN	20040126	305	9999	9999	305	NA	NA	463.3	39.8582	-77.4774
USC00368308	SOUTH MOUNTAIN	20040127	279	9999	9999	279	NA	NA	463.3	39.8582	-77.4774
USC00368308	SOUTH MOUNTAIN	20040128	356	9999	9999	356	NA	NA	463.3	39.8582	-77.4774
USC00368308	SOUTH MOUNTAIN	20040129	356	9999	9999	356	NA	NA	463.3	39.8582	-77.4774
USC00368308	SOUTH MOUNTAIN	20040130	356	9999	9999	356	NA	NA	463.3	39.8582	-77.4774
USC00368308	SOUTH MOUNTAIN	20040131	356	9999	9999	356	NA	NA	463.3	39.8582	-77.4774
USC00368308	SOUTH MOUNTAIN	20050101	0	9999	9999	0	NA	NA	463.3	39.8582	-77.4774
USC00368308	SOUTH MOUNTAIN	20050102	0	9999	9999	0	NA	NA	463.3	39.8582	-77.4774
USC00368308	SOUTH MOUNTAIN	20050103	0	9999	9999	0	NA	NA	463.3	39.8582	-77.4774
USC00368308	SOUTH MOUNTAIN	20050104	0	9999	9999	0	NA	NA	463.3	39.8582	-77.4774
USC00368308	SOUTH MOUNTAIN	20050105	0	9999	9999	0	NA	NA	463.3	39.8582	-77.4774
USC00368308	SOUTH MOUNTAIN	20050106	0	9999	9999	0	NA	NA	463.3	39.8582	-77.4774
USC00368308	SOUTH MOUNTAIN	20050107	0	9999	9999	0	NA	NA	463.3	39.8582	-77.4774
USC00368308	SOUTH MOUNTAIN	20050108	0	9999	9999	0	NA	NA	463.3	39.8582	-77.4774
USC00368308	SOUTH MOUNTAIN	20050109	0	9999	9999	0	NA	NA	463.3	39.8582	-77.4774
USC00368308	SOUTH MOUNTAIN	20050110	0	9999	9999	0	NA	NA	463.3	39.8582	-77.4774
USC00368308	SOUTH MOUNTAIN	20050111	0	9999	9999	0	NA	NA	463.3	39.8582	-77.4774
USC00368308	SOUTH MOUNTAIN	20050112	0	9999	9999	0	NA	NA	463.3	39.8582	-77.4774
USC00368308	SOUTH MOUNTAIN	20050113	0	9999	9999	0	NA	NA	463.3	39.8582	-77.4774
USC00368308	SOUTH MOUNTAIN	20050114	0	9999	9999	0	NA	NA	463.3	39.8582	-77.4774
USC00368308	SOUTH MOUNTAIN	20050115	0	9999	9999	0	NA	NA	463.3	39.8582	-77.4774
USC00368308	SOUTH MOUNTAIN	20050116	0	9999	9999	0	NA	NA	463.3	39.8582	-77.4774
USC00368308	SOUTH MOUNTAIN	20050117	0	9999	9999	0	NA	NA	463.3	39.8582	-77.4774
USC00368308	SOUTH MOUNTAIN	20050118	0	9999	9999	0	NA	NA	463.3	39.8582	-77.4774
USC00368308	SOUTH MOUNTAIN	20050119	0	9999	9999	0	NA	NA	463.3	39.8582	-77.4774
USC00368308	SOUTH MOUNTAIN	20050120	51	9999	9999	51	NA	NA	463.3	39.8582	-77.4774
USC00368308	SOUTH MOUNTAIN	20050121	25	9999	9999	25	NA	NA	463.3	39.8582	-77.4774
USC00368308	SOUTH MOUNTAIN	20050122	51	9999	9999	51	NA	NA	463.3	39.8582	-77.4774
USC00368308	SOUTH MOUNTAIN	20050123	178	9999	9999	178	NA	NA	463.3	39.8582	-77.4774
USC00368308	SOUTH MOUNTAIN	20050124	178	9999	9999	178	NA	NA	463.3	39.8582	-77.4774
USC00368308	SOUTH MOUNTAIN	20050125	152	9999	9999	152	NA	NA	463.3	39.8582	-77.4774
USC00368308	SOUTH MOUNTAIN	20050126	127	9999	9999	127	NA	NA	463.3	39.8582	-77.4774
USC00368308	SOUTH MOUNTAIN	20050127	76	9999	9999	76	NA	NA	463.3	39.8582	-77.4774
USC00368308	SOUTH MOUNTAIN	20050128	76	9999	9999	76	NA	NA	463.3	39.8582	-77.4774
USC00368308	SOUTH MOUNTAIN	20050129	76	9999	9999	76	NA	NA	463.3	39.8582	-77.4774
USC00368308	SOUTH MOUNTAIN	20050130	127	9999	9999	127	NA	NA	463.3	39.8582	-77.4774
USC00368308	SOUTH MOUNTAIN	20050131	76	9999	9999	76	NA	NA	463.3	39.8582	-77.4774
