STATION	NAME	DATE	SNWD	TMAX	TMIN	SNWD2	TMAX2	TMIN2	ELEV	LAT	LONG
USC00368400	SPRINGTOWN	19950101	0	94	-6	0	94	-6	262.1	40.5711	-75.2686
USC00368400	SPRINGTOWN	19950102	0	39	-72	0	39	-72	262.1	40.5711	-75.2686
USC00368400	SPRINGTOWN	19950103	0	-6	-78	0	-6	-78	262.1	40.5711	-75.2686
USC00368400	SPRINGTOWN	19950104	0	-11	-111	0	-11	-111	262.1	40.5711	-75.2686
USC00368400	SPRINGTOWN	19950105	0	-44	-139	0	-44	-139	262.1	40.5711	-75.2686
USC00368400	SPRINGTOWN	19950106	0	0	-111	0	0	-111	262.1	40.5711	-75.2686
USC00368400	SPRINGTOWN	19950107	0	56	-17	0	56	-17	262.1	40.5711	-75.2686
USC00368400	SPRINGTOWN	19950108	0	22	-50	0	22	-50	262.1	40.5711	-75.2686
USC00368400	SPRINGTOWN	19950109	0	44	-61	0	44	-61	262.1	40.5711	-75.2686
USC00368400	SPRINGTOWN	19950110	0	-22	-89	0	-22	-89	262.1	40.5711	-75.2686
USC00368400	SPRINGTOWN	19950111	0	-17	-50	0	-17	-50	262.1	40.5711	-75.2686
USC00368400	SPRINGTOWN	19950112	0	50	-17	0	50	-17	262.1	40.5711	-75.2686
USC00368400	SPRINGTOWN	19950113	0	94	50	0	94	50	262.1	40.5711	-75.2686
USC00368400	SPRINGTOWN	19950114	0	189	83	0	189	83	262.1	40.5711	-75.2686
USC00368400	SPRINGTOWN	19950115	0	167	128	0	167	128	262.1	40.5711	-75.2686
USC00368400	SPRINGTOWN	19950116	0	144	61	0	144	61	262.1	40.5711	-75.2686
USC00368400	SPRINGTOWN	19950117	0	122	22	0	122	22	262.1	40.5711	-75.2686
USC00368400	SPRINGTOWN	19950118	0	44	22	0	44	22	262.1	40.5711	-75.2686
USC00368400	SPRINGTOWN	19950119	0	39	11	0	39	11	262.1	40.5711	-75.2686
USC00368400	SPRINGTOWN	19950120	0	72	11	0	72	11	262.1	40.5711	-75.2686
USC00368400	SPRINGTOWN	19950121	0	39	-17	0	39	-17	262.1	40.5711	-75.2686
USC00368400	SPRINGTOWN	19950122	0	11	-50	0	11	-50	262.1	40.5711	-75.2686
USC00368400	SPRINGTOWN	19950123	0	28	-67	0	28	-67	262.1	40.5711	-75.2686
USC00368400	SPRINGTOWN	19950124	0	22	-39	0	22	-39	262.1	40.5711	-75.2686
USC00368400	SPRINGTOWN	19950125	0	50	-28	0	50	-28	262.1	40.5711	-75.2686
USC00368400	SPRINGTOWN	19950126	0	22	-50	0	22	-50	262.1	40.5711	-75.2686
USC00368400	SPRINGTOWN	19950127	0	39	-56	0	39	-56	262.1	40.5711	-75.2686
USC00368400	SPRINGTOWN	19950128	0	0	-89	0	0	-89	262.1	40.5711	-75.2686
USC00368400	SPRINGTOWN	19950129	0	17	-111	0	17	-111	262.1	40.5711	-75.2686
USC00368400	SPRINGTOWN	19950130	0	39	-72	0	39	-72	262.1	40.5711	-75.2686
USC00368400	SPRINGTOWN	19950131	0	67	-72	0	67	-72	262.1	40.5711	-75.2686
USC00368400	SPRINGTOWN	19960101	152	44	-11	152	44	-11	262.1	40.5711	-75.2686
USC00368400	SPRINGTOWN	19960102	254	6	-67	254	6	-67	262.1	40.5711	-75.2686
USC00368400	SPRINGTOWN	19960103	254	-39	-100	254	-39	-100	262.1	40.5711	-75.2686
USC00368400	SPRINGTOWN	19960104	254	-56	-144	254	-56	-144	262.1	40.5711	-75.2686
USC00368400	SPRINGTOWN	19960105	229	-39	-156	229	-39	-156	262.1	40.5711	-75.2686
USC00368400	SPRINGTOWN	19960106	229	-72	-189	229	-72	-189	262.1	40.5711	-75.2686
USC00368400	SPRINGTOWN	19960107	533	-111	-161	533	-111	-161	262.1	40.5711	-75.2686
USC00368400	SPRINGTOWN	19960108	711	-39	-128	711	-39	-128	262.1	40.5711	-75.2686
USC00368400	SPRINGTOWN	19960109	660	-39	-122	660	-39	-122	262.1	40.5711	-75.2686
USC00368400	SPRINGTOWN	19960110	635	-11	-100	635	-11	-100	262.1	40.5711	-75.2686
USC00368400	SPRINGTOWN	19960111	610	-33	-161	610	-33	-161	262.1	40.5711	-75.2686
USC00368400	SPRINGTOWN	19960112	737	-28	-111	737	-28	-111	262.1	40.5711	-75.2686
USC00368400	SPRINGTOWN	19960113	686	6	-67	686	6	-67	262.1	40.5711	-75.2686
USC00368400	SPRINGTOWN	19960114	660	56	-61	660	56	-61	262.1	40.5711	-75.2686
USC00368400	SPRINGTOWN	19960115	610	39	-117	610	39	-117	262.1	40.5711	-75.2686
USC00368400	SPRINGTOWN	19960116	610	-33	-139	610	-33	-139	262.1	40.5711	-75.2686
USC00368400	SPRINGTOWN	19960117	584	61	-56	584	61	-56	262.1	40.5711	-75.2686
USC00368400	SPRINGTOWN	19960118	457	83	-6	457	83	-6	262.1	40.5711	-75.2686
USC00368400	SPRINGTOWN	19960119	152	139	-78	152	139	-78	262.1	40.5711	-75.2686
USC00368400	SPRINGTOWN	19960120	152	-22	-117	152	-22	-117	262.1	40.5711	-75.2686
USC00368400	SPRINGTOWN	19960121	152	-17	-94	152	-17	-94	262.1	40.5711	-75.2686
USC00368400	SPRINGTOWN	19960122	152	22	-83	152	22	-83	262.1	40.5711	-75.2686
USC00368400	SPRINGTOWN	19960123	152	11	-39	152	11	-39	262.1	40.5711	-75.2686
USC00368400	SPRINGTOWN	19960124	76	89	-6	76	89	-6	262.1	40.5711	-75.2686
USC00368400	SPRINGTOWN	19960125	76	17	-78	76	17	-78	262.1	40.5711	-75.2686
USC00368400	SPRINGTOWN	19960126	76	22	-89	76	22	-89	262.1	40.5711	-75.2686
USC00368400	SPRINGTOWN	19960127	51	100	-39	51	100	-39	262.1	40.5711	-75.2686
USC00368400	SPRINGTOWN	19960128	51	11	-67	51	11	-67	262.1	40.5711	-75.2686
USC00368400	SPRINGTOWN	19960129	51	0	-72	51	0	-72	262.1	40.5711	-75.2686
USC00368400	SPRINGTOWN	19960130	51	44	-33	51	44	-33	262.1	40.5711	-75.2686
USC00368400	SPRINGTOWN	19960131	51	6	-128	51	6	-128	262.1	40.5711	-75.2686
USC00368400	SPRINGTOWN	19970101	0	-11	-144	0	-11	-144	262.1	40.5711	-75.2686
USC00368400	SPRINGTOWN	19970102	0	-44	-139	0	-44	-139	262.1	40.5711	-75.2686
USC00368400	SPRINGTOWN	19970103	0	44	-50	0	44	-50	262.1	40.5711	-75.2686
USC00368400	SPRINGTOWN	19970104	0	172	33	0	172	33	262.1	40.5711	-75.2686
USC00368400	SPRINGTOWN	19970105	0	78	28	0	78	28	262.1	40.5711	-75.2686
USC00368400	SPRINGTOWN	19970106	0	133	6	0	133	6	262.1	40.5711	-75.2686
USC00368400	SPRINGTOWN	19970107	0	83	-61	0	83	-61	262.1	40.5711	-75.2686
USC00368400	SPRINGTOWN	19970108	0	22	-72	0	22	-72	262.1	40.5711	-75.2686
USC00368400	SPRINGTOWN	19970109	0	17	-72	0	17	-72	262.1	40.5711	-75.2686
USC00368400	SPRINGTOWN	19970110	51	-33	-67	51	-33	-67	262.1	40.5711	-75.2686
USC00368400	SPRINGTOWN	19970111	51	11	-78	51	11	-78	262.1	40.5711	-75.2686
USC00368400	SPRINGTOWN	19970112	51	-22	-139	51	-22	-139	262.1	40.5711	-75.2686
USC00368400	SPRINGTOWN	19970113	51	-33	-139	51	-33	-139	262.1	40.5711	-75.2686
USC00368400	SPRINGTOWN	19970114	25	-11	-122	25	-11	-122	262.1	40.5711	-75.2686
USC00368400	SPRINGTOWN	19970115	25	-17	-117	25	-17	-117	262.1	40.5711	-75.2686
USC00368400	SPRINGTOWN	19970116	25	17	-111	25	17	-111	262.1	40.5711	-75.2686
USC00368400	SPRINGTOWN	19970117	25	39	-161	25	39	-161	262.1	40.5711	-75.2686
USC00368400	SPRINGTOWN	19970118	25	-94	-178	25	-94	-178	262.1	40.5711	-75.2686
USC00368400	SPRINGTOWN	19970119	25	-78	-194	25	-78	-194	262.1	40.5711	-75.2686
USC00368400	SPRINGTOWN	19970120	25	-56	-200	25	-56	-200	262.1	40.5711	-75.2686
USC00368400	SPRINGTOWN	19970121	25	-6	-122	25	-6	-122	262.1	40.5711	-75.2686
USC00368400	SPRINGTOWN	19970122	0	39	-72	0	39	-72	262.1	40.5711	-75.2686
USC00368400	SPRINGTOWN	19970123	0	67	-39	0	67	-39	262.1	40.5711	-75.2686
USC00368400	SPRINGTOWN	19970124	0	94	-83	0	94	-83	262.1	40.5711	-75.2686
USC00368400	SPRINGTOWN	19970125	0	50	-78	0	50	-78	262.1	40.5711	-75.2686
USC00368400	SPRINGTOWN	19970126	0	50	-67	0	50	-67	262.1	40.5711	-75.2686
USC00368400	SPRINGTOWN	19970127	0	0	-89	0	0	-89	262.1	40.5711	-75.2686
USC00368400	SPRINGTOWN	19970128	25	17	-78	25	17	-78	262.1	40.5711	-75.2686
USC00368400	SPRINGTOWN	19970129	0	39	-94	0	39	-94	262.1	40.5711	-75.2686
USC00368400	SPRINGTOWN	19970130	0	-17	-117	0	-17	-117	262.1	40.5711	-75.2686
USC00368400	SPRINGTOWN	19970131	0	-28	-117	0	-28	-117	262.1	40.5711	-75.2686
USC00368400	SPRINGTOWN	19980101	25	-11	-122	25	-11	-122	262.1	40.5711	-75.2686
USC00368400	SPRINGTOWN	19980102	25	-17	-122	25	-17	-122	262.1	40.5711	-75.2686
USC00368400	SPRINGTOWN	19980103	0	89	-28	0	89	-28	262.1	40.5711	-75.2686
USC00368400	SPRINGTOWN	19980104	0	156	44	0	156	44	262.1	40.5711	-75.2686
USC00368400	SPRINGTOWN	19980105	0	167	50	0	167	50	262.1	40.5711	-75.2686
USC00368400	SPRINGTOWN	19980106	0	94	50	0	94	50	262.1	40.5711	-75.2686
USC00368400	SPRINGTOWN	19980107	0	156	94	0	156	94	262.1	40.5711	-75.2686
USC00368400	SPRINGTOWN	19980108	0	167	67	0	167	67	262.1	40.5711	-75.2686
USC00368400	SPRINGTOWN	19980109	0	183	144	0	183	144	262.1	40.5711	-75.2686
USC00368400	SPRINGTOWN	19980110	0	178	6	0	178	6	262.1	40.5711	-75.2686
USC00368400	SPRINGTOWN	19980111	0	94	0	0	94	0	262.1	40.5711	-75.2686
USC00368400	SPRINGTOWN	19980112	0	100	-44	0	100	-44	262.1	40.5711	-75.2686
USC00368400	SPRINGTOWN	19980113	0	50	-44	0	50	-44	262.1	40.5711	-75.2686
USC00368400	SPRINGTOWN	19980114	0	61	-67	0	61	-67	262.1	40.5711	-75.2686
USC00368400	SPRINGTOWN	19980115	0	11	-67	0	11	-67	262.1	40.5711	-75.2686
USC00368400	SPRINGTOWN	19980116	0	17	-44	0	17	-44	262.1	40.5711	-75.2686
USC00368400	SPRINGTOWN	19980117	0	6	-11	0	6	-11	262.1	40.5711	-75.2686
USC00368400	SPRINGTOWN	19980118	51	44	-6	51	44	-6	262.1	40.5711	-75.2686
USC00368400	SPRINGTOWN	19980119	25	11	-11	25	11	-11	262.1	40.5711	-75.2686
USC00368400	SPRINGTOWN	19980120	25	17	-11	25	17	-11	262.1	40.5711	-75.2686
USC00368400	SPRINGTOWN	19980121	25	17	-56	25	17	-56	262.1	40.5711	-75.2686
USC00368400	SPRINGTOWN	19980122	0	22	-50	0	22	-50	262.1	40.5711	-75.2686
USC00368400	SPRINGTOWN	19980123	51	28	-50	51	28	-50	262.1	40.5711	-75.2686
USC00368400	SPRINGTOWN	19980124	0	39	6	0	39	6	262.1	40.5711	-75.2686
USC00368400	SPRINGTOWN	19980125	102	67	-17	102	67	-17	262.1	40.5711	-75.2686
USC00368400	SPRINGTOWN	19980126	76	44	-44	76	44	-44	262.1	40.5711	-75.2686
USC00368400	SPRINGTOWN	19980127	51	50	-50	51	50	-50	262.1	40.5711	-75.2686
USC00368400	SPRINGTOWN	19980128	25	28	-22	25	28	-22	262.1	40.5711	-75.2686
USC00368400	SPRINGTOWN	19980129	25	6	-33	25	6	-33	262.1	40.5711	-75.2686
USC00368400	SPRINGTOWN	19980130	0	106	-22	0	106	-22	262.1	40.5711	-75.2686
USC00368400	SPRINGTOWN	19980131	0	50	0	0	50	0	262.1	40.5711	-75.2686
USC00368400	SPRINGTOWN	19990101	0	-44	-100	0	-44	-100	262.1	40.5711	-75.2686
USC00368400	SPRINGTOWN	19990102	0	-22	-161	0	-22	-161	262.1	40.5711	-75.2686
USC00368400	SPRINGTOWN	19990103	0	28	-161	0	28	-161	262.1	40.5711	-75.2686
USC00368400	SPRINGTOWN	19990104	0	94	-94	0	94	-94	262.1	40.5711	-75.2686
USC00368400	SPRINGTOWN	19990105	0	-11	-128	0	-11	-128	262.1	40.5711	-75.2686
USC00368400	SPRINGTOWN	19990106	0	-22	-139	0	-22	-139	262.1	40.5711	-75.2686
USC00368400	SPRINGTOWN	19990107	0	-6	-139	0	-6	-139	262.1	40.5711	-75.2686
USC00368400	SPRINGTOWN	19990108	0	6	-100	0	6	-100	262.1	40.5711	-75.2686
USC00368400	SPRINGTOWN	19990109	51	0	-94	51	0	-94	262.1	40.5711	-75.2686
USC00368400	SPRINGTOWN	19990110	25	50	-100	25	50	-100	262.1	40.5711	-75.2686
USC00368400	SPRINGTOWN	19990111	25	-11	-106	25	-11	-106	262.1	40.5711	-75.2686
USC00368400	SPRINGTOWN	19990112	25	-28	-111	25	-28	-111	262.1	40.5711	-75.2686
USC00368400	SPRINGTOWN	19990113	0	78	-33	0	78	-33	262.1	40.5711	-75.2686
USC00368400	SPRINGTOWN	19990114	0	94	-128	0	94	-128	262.1	40.5711	-75.2686
USC00368400	SPRINGTOWN	19990115	51	-6	-133	51	-6	-133	262.1	40.5711	-75.2686
USC00368400	SPRINGTOWN	19990116	51	0	-94	51	0	-94	262.1	40.5711	-75.2686
USC00368400	SPRINGTOWN	19990117	51	56	-78	51	56	-78	262.1	40.5711	-75.2686
USC00368400	SPRINGTOWN	19990118	25	117	6	25	117	6	262.1	40.5711	-75.2686
USC00368400	SPRINGTOWN	19990119	0	128	0	0	128	0	262.1	40.5711	-75.2686
USC00368400	SPRINGTOWN	19990120	0	89	0	0	89	0	262.1	40.5711	-75.2686
USC00368400	SPRINGTOWN	19990121	0	94	6	0	94	6	262.1	40.5711	-75.2686
USC00368400	SPRINGTOWN	19990122	0	50	6	0	50	6	262.1	40.5711	-75.2686
USC00368400	SPRINGTOWN	19990123	0	44	28	0	44	28	262.1	40.5711	-75.2686
USC00368400	SPRINGTOWN	19990124	0	161	33	0	161	33	262.1	40.5711	-75.2686
USC00368400	SPRINGTOWN	19990125	0	144	-6	0	144	-6	262.1	40.5711	-75.2686
USC00368400	SPRINGTOWN	19990126	25	22	-33	25	22	-33	262.1	40.5711	-75.2686
USC00368400	SPRINGTOWN	19990127	0	67	-39	0	67	-39	262.1	40.5711	-75.2686
USC00368400	SPRINGTOWN	19990128	0	67	-17	0	67	-17	262.1	40.5711	-75.2686
USC00368400	SPRINGTOWN	19990129	0	128	-11	0	128	-11	262.1	40.5711	-75.2686
USC00368400	SPRINGTOWN	19990130	0	28	-72	0	28	-72	262.1	40.5711	-75.2686
USC00368400	SPRINGTOWN	19990131	0	44	-122	0	44	-122	262.1	40.5711	-75.2686
USC00368400	SPRINGTOWN	20000101	0	44	-28	0	44	-28	262.1	40.5711	-75.2686
USC00368400	SPRINGTOWN	20000102	0	100	-28	0	100	-28	262.1	40.5711	-75.2686
USC00368400	SPRINGTOWN	20000103	0	144	33	0	144	33	262.1	40.5711	-75.2686
USC00368400	SPRINGTOWN	20000104	0	150	100	0	150	100	262.1	40.5711	-75.2686
USC00368400	SPRINGTOWN	20000105	0	172	-6	0	172	-6	262.1	40.5711	-75.2686
USC00368400	SPRINGTOWN	20000106	0	33	-72	0	33	-72	262.1	40.5711	-75.2686
USC00368400	SPRINGTOWN	20000107	0	56	-67	0	56	-67	262.1	40.5711	-75.2686
USC00368400	SPRINGTOWN	20000108	0	94	-50	0	94	-50	262.1	40.5711	-75.2686
USC00368400	SPRINGTOWN	20000109	0	61	-50	0	61	-50	262.1	40.5711	-75.2686
USC00368400	SPRINGTOWN	20000110	0	111	39	0	111	39	262.1	40.5711	-75.2686
USC00368400	SPRINGTOWN	20000111	0	111	28	0	111	28	262.1	40.5711	-75.2686
USC00368400	SPRINGTOWN	20000112	0	106	11	0	106	11	262.1	40.5711	-75.2686
USC00368400	SPRINGTOWN	20000113	0	83	-6	0	83	-6	262.1	40.5711	-75.2686
USC00368400	SPRINGTOWN	20000114	0	0	-122	0	0	-122	262.1	40.5711	-75.2686
USC00368400	SPRINGTOWN	20000115	0	-56	-122	0	-56	-122	262.1	40.5711	-75.2686
USC00368400	SPRINGTOWN	20000116	0	-17	-106	0	-17	-106	262.1	40.5711	-75.2686
USC00368400	SPRINGTOWN	20000117	0	94	-150	0	94	-150	262.1	40.5711	-75.2686
USC00368400	SPRINGTOWN	20000118	0	-83	-172	0	-83	-172	262.1	40.5711	-75.2686
USC00368400	SPRINGTOWN	20000119	0	-67	-167	0	-67	-167	262.1	40.5711	-75.2686
USC00368400	SPRINGTOWN	20000120	0	0	-94	0	0	-94	262.1	40.5711	-75.2686
USC00368400	SPRINGTOWN	20000121	102	-28	-139	102	-28	-139	262.1	40.5711	-75.2686
USC00368400	SPRINGTOWN	20000122	76	-72	-156	76	-72	-156	262.1	40.5711	-75.2686
USC00368400	SPRINGTOWN	20000123	76	-50	-156	76	-50	-156	262.1	40.5711	-75.2686
USC00368400	SPRINGTOWN	20000124	76	-50	-100	76	-50	-100	262.1	40.5711	-75.2686
USC00368400	SPRINGTOWN	20000125	102	44	-61	102	44	-61	262.1	40.5711	-75.2686
USC00368400	SPRINGTOWN	20000126	229	-28	-67	229	-28	-67	262.1	40.5711	-75.2686
USC00368400	SPRINGTOWN	20000127	203	0	-133	203	0	-133	262.1	40.5711	-75.2686
USC00368400	SPRINGTOWN	20000128	203	-67	-156	203	-67	-156	262.1	40.5711	-75.2686
USC00368400	SPRINGTOWN	20000129	203	-50	-150	203	-50	-150	262.1	40.5711	-75.2686
USC00368400	SPRINGTOWN	20000130	178	39	-117	178	39	-117	262.1	40.5711	-75.2686
USC00368400	SPRINGTOWN	20000131	330	6	-100	330	6	-100	262.1	40.5711	-75.2686
USC00368400	SPRINGTOWN	20010101	229	6	-83	229	6	-83	262.1	40.5711	-75.2686
USC00368400	SPRINGTOWN	20010102	203	28	-100	203	28	-100	262.1	40.5711	-75.2686
USC00368400	SPRINGTOWN	20010103	178	-22	-106	178	-22	-106	262.1	40.5711	-75.2686
USC00368400	SPRINGTOWN	20010104	178	17	-106	178	17	-106	262.1	40.5711	-75.2686
USC00368400	SPRINGTOWN	20010105	152	22	-89	152	22	-89	262.1	40.5711	-75.2686
USC00368400	SPRINGTOWN	20010106	203	-17	-83	203	-17	-83	262.1	40.5711	-75.2686
USC00368400	SPRINGTOWN	20010107	178	28	-83	178	28	-83	262.1	40.5711	-75.2686
USC00368400	SPRINGTOWN	20010108	152	78	-17	152	78	-17	262.1	40.5711	-75.2686
USC00368400	SPRINGTOWN	20010109	203	33	-56	203	33	-56	262.1	40.5711	-75.2686
USC00368400	SPRINGTOWN	20010110	178	0	-83	178	0	-83	262.1	40.5711	-75.2686
USC00368400	SPRINGTOWN	20010111	178	-6	-56	178	-6	-56	262.1	40.5711	-75.2686
USC00368400	SPRINGTOWN	20010112	152	72	-56	152	72	-56	262.1	40.5711	-75.2686
USC00368400	SPRINGTOWN	20010113	152	72	-56	152	72	-56	262.1	40.5711	-75.2686
USC00368400	SPRINGTOWN	20010114	152	72	-44	152	72	-44	262.1	40.5711	-75.2686
USC00368400	SPRINGTOWN	20010115	127	50	-28	127	50	-28	262.1	40.5711	-75.2686
USC00368400	SPRINGTOWN	20010116	127	22	-6	127	22	-6	262.1	40.5711	-75.2686
USC00368400	SPRINGTOWN	20010117	102	72	-17	102	72	-17	262.1	40.5711	-75.2686
USC00368400	SPRINGTOWN	20010118	76	44	-39	76	44	-39	262.1	40.5711	-75.2686
USC00368400	SPRINGTOWN	20010119	127	0	-28	127	0	-28	262.1	40.5711	-75.2686
USC00368400	SPRINGTOWN	20010120	102	17	-11	102	17	-11	262.1	40.5711	-75.2686
USC00368400	SPRINGTOWN	20010121	279	0	-89	279	0	-89	262.1	40.5711	-75.2686
USC00368400	SPRINGTOWN	20010122	254	17	-111	254	17	-111	262.1	40.5711	-75.2686
USC00368400	SPRINGTOWN	20010123	254	33	-106	254	33	-106	262.1	40.5711	-75.2686
USC00368400	SPRINGTOWN	20010124	229	50	-100	229	50	-100	262.1	40.5711	-75.2686
USC00368400	SPRINGTOWN	20010125	203	78	-44	203	78	-44	262.1	40.5711	-75.2686
USC00368400	SPRINGTOWN	20010126	203	44	-111	203	44	-111	262.1	40.5711	-75.2686
USC00368400	SPRINGTOWN	20010127	203	33	-94	203	33	-94	262.1	40.5711	-75.2686
USC00368400	SPRINGTOWN	20010128	203	44	-50	203	44	-50	262.1	40.5711	-75.2686
USC00368400	SPRINGTOWN	20010129	203	44	-89	203	44	-89	262.1	40.5711	-75.2686
USC00368400	SPRINGTOWN	20010130	203	56	-89	203	56	-89	262.1	40.5711	-75.2686
USC00368400	SPRINGTOWN	20010131	152	83	-17	152	83	-17	262.1	40.5711	-75.2686
USC00368400	SPRINGTOWN	20020101	0	6	-106	0	6	-106	262.1	40.5711	-75.2686
USC00368400	SPRINGTOWN	20020102	0	17	-100	0	17	-100	262.1	40.5711	-75.2686
USC00368400	SPRINGTOWN	20020103	0	22	-83	0	22	-83	262.1	40.5711	-75.2686
USC00368400	SPRINGTOWN	20020104	0	22	-61	0	22	-61	262.1	40.5711	-75.2686
USC00368400	SPRINGTOWN	20020105	0	33	-50	0	33	-50	262.1	40.5711	-75.2686
USC00368400	SPRINGTOWN	20020106	0	61	-28	0	61	-28	262.1	40.5711	-75.2686
USC00368400	SPRINGTOWN	20020107	127	28	-17	127	28	-17	262.1	40.5711	-75.2686
USC00368400	SPRINGTOWN	20020108	178	6	-78	178	6	-78	262.1	40.5711	-75.2686
USC00368400	SPRINGTOWN	20020109	178	33	-61	178	33	-61	262.1	40.5711	-75.2686
USC00368400	SPRINGTOWN	20020110	152	28	-33	152	28	-33	262.1	40.5711	-75.2686
USC00368400	SPRINGTOWN	20020111	102	117	11	102	117	11	262.1	40.5711	-75.2686
USC00368400	SPRINGTOWN	20020112	102	72	0	102	72	0	262.1	40.5711	-75.2686
USC00368400	SPRINGTOWN	20020113	76	89	-6	76	89	-6	262.1	40.5711	-75.2686
USC00368400	SPRINGTOWN	20020114	51	67	-28	51	67	-28	262.1	40.5711	-75.2686
USC00368400	SPRINGTOWN	20020115	51	67	-22	51	67	-22	262.1	40.5711	-75.2686
USC00368400	SPRINGTOWN	20020116	25	106	0	25	106	0	262.1	40.5711	-75.2686
USC00368400	SPRINGTOWN	20020117	25	61	-11	25	61	-11	262.1	40.5711	-75.2686
USC00368400	SPRINGTOWN	20020118	25	83	-33	25	83	-33	262.1	40.5711	-75.2686
USC00368400	SPRINGTOWN	20020119	25	44	-61	25	44	-61	262.1	40.5711	-75.2686
USC00368400	SPRINGTOWN	20020120	127	-39	-67	127	-39	-67	262.1	40.5711	-75.2686
USC00368400	SPRINGTOWN	20020121	102	50	-61	102	50	-61	262.1	40.5711	-75.2686
USC00368400	SPRINGTOWN	20020122	76	22	-28	76	22	-28	262.1	40.5711	-75.2686
USC00368400	SPRINGTOWN	20020123	51	94	0	51	94	0	262.1	40.5711	-75.2686
USC00368400	SPRINGTOWN	20020124	25	61	33	25	61	33	262.1	40.5711	-75.2686
USC00368400	SPRINGTOWN	20020125	0	78	11	0	78	11	262.1	40.5711	-75.2686
USC00368400	SPRINGTOWN	20020126	0	89	-6	0	89	-6	262.1	40.5711	-75.2686
USC00368400	SPRINGTOWN	20020127	0	139	6	0	139	6	262.1	40.5711	-75.2686
USC00368400	SPRINGTOWN	20020128	0	183	33	0	183	33	262.1	40.5711	-75.2686
USC00368400	SPRINGTOWN	20020129	0	167	50	0	167	50	262.1	40.5711	-75.2686
USC00368400	SPRINGTOWN	20020130	0	211	94	0	211	94	262.1	40.5711	-75.2686
USC00368400	SPRINGTOWN	20020131	0	156	6	0	156	6	262.1	40.5711	-75.2686
USC00368400	SPRINGTOWN	20030101	25	83	6	25	83	6	262.1	40.5711	-75.2686
USC00368400	SPRINGTOWN	20030102	0	50	0	0	50	0	262.1	40.5711	-75.2686
USC00368400	SPRINGTOWN	20030103	0	17	-33	0	17	-33	262.1	40.5711	-75.2686
USC00368400	SPRINGTOWN	20030104	51	0	-33	51	0	-33	262.1	40.5711	-75.2686
USC00368400	SPRINGTOWN	20030105	51	28	-22	51	28	-22	262.1	40.5711	-75.2686
USC00368400	SPRINGTOWN	20030106	76	11	-28	76	11	-28	262.1	40.5711	-75.2686
USC00368400	SPRINGTOWN	20030107	152	11	-61	152	11	-61	262.1	40.5711	-75.2686
USC00368400	SPRINGTOWN	20030108	152	-11	-67	152	-11	-67	262.1	40.5711	-75.2686
USC00368400	SPRINGTOWN	20030109	76	67	-22	76	67	-22	262.1	40.5711	-75.2686
USC00368400	SPRINGTOWN	20030110	0	117	11	0	117	11	262.1	40.5711	-75.2686
USC00368400	SPRINGTOWN	20030111	0	56	-72	0	56	-72	262.1	40.5711	-75.2686
USC00368400	SPRINGTOWN	20030112	0	11	-83	0	11	-83	262.1	40.5711	-75.2686
USC00368400	SPRINGTOWN	20030113	0	17	-83	0	17	-83	262.1	40.5711	-75.2686
USC00368400	SPRINGTOWN	20030114	0	44	-100	0	44	-100	262.1	40.5711	-75.2686
USC00368400	SPRINGTOWN	20030115	0	6	-100	0	6	-100	262.1	40.5711	-75.2686
USC00368400	SPRINGTOWN	20030116	0	0	-111	0	0	-111	262.1	40.5711	-75.2686
USC00368400	SPRINGTOWN	20030117	51	-22	-111	51	-22	-111	262.1	40.5711	-75.2686
USC00368400	SPRINGTOWN	20030118	25	0	-178	25	0	-178	262.1	40.5711	-75.2686
USC00368400	SPRINGTOWN	20030119	25	-44	-172	25	-44	-172	262.1	40.5711	-75.2686
USC00368400	SPRINGTOWN	20030120	25	-11	-122	25	-11	-122	262.1	40.5711	-75.2686
USC00368400	SPRINGTOWN	20030121	25	6	-122	25	6	-122	262.1	40.5711	-75.2686
USC00368400	SPRINGTOWN	20030122	25	-11	-139	25	-11	-139	262.1	40.5711	-75.2686
USC00368400	SPRINGTOWN	20030123	25	-33	-156	25	-33	-156	262.1	40.5711	-75.2686
USC00368400	SPRINGTOWN	20030124	25	-67	-156	25	-67	-156	262.1	40.5711	-75.2686
USC00368400	SPRINGTOWN	20030125	25	-17	-156	25	-17	-156	262.1	40.5711	-75.2686
USC00368400	SPRINGTOWN	20030126	25	6	-83	25	6	-83	262.1	40.5711	-75.2686
USC00368400	SPRINGTOWN	20030127	51	-11	-150	51	-11	-150	262.1	40.5711	-75.2686
USC00368400	SPRINGTOWN	20030128	51	-78	-167	51	-78	-167	262.1	40.5711	-75.2686
USC00368400	SPRINGTOWN	20030129	51	-56	-133	51	-56	-133	262.1	40.5711	-75.2686
USC00368400	SPRINGTOWN	20030130	76	-6	-83	76	-6	-83	262.1	40.5711	-75.2686
USC00368400	SPRINGTOWN	20030131	51	22	-83	51	22	-83	262.1	40.5711	-75.2686
USC00368400	SPRINGTOWN	20040101	0	94	-11	0	94	-11	262.1	40.5711	-75.2686
USC00368400	SPRINGTOWN	20040102	0	89	6	0	89	6	262.1	40.5711	-75.2686
USC00368400	SPRINGTOWN	20040103	0	89	11	0	89	11	262.1	40.5711	-75.2686
USC00368400	SPRINGTOWN	20040104	0	156	33	0	156	33	262.1	40.5711	-75.2686
USC00368400	SPRINGTOWN	20040105	0	111	11	0	111	11	262.1	40.5711	-75.2686
USC00368400	SPRINGTOWN	20040106	0	28	-22	0	28	-22	262.1	40.5711	-75.2686
USC00368400	SPRINGTOWN	20040107	0	33	-106	0	33	-106	262.1	40.5711	-75.2686
USC00368400	SPRINGTOWN	20040108	0	-33	-106	0	-33	-106	262.1	40.5711	-75.2686
USC00368400	SPRINGTOWN	20040109	0	6	-89	0	6	-89	262.1	40.5711	-75.2686
USC00368400	SPRINGTOWN	20040110	0	-67	-189	0	-67	-189	262.1	40.5711	-75.2686
USC00368400	SPRINGTOWN	20040111	0	-89	-189	0	-89	-189	262.1	40.5711	-75.2686
USC00368400	SPRINGTOWN	20040112	0	-17	-150	0	-17	-150	262.1	40.5711	-75.2686
USC00368400	SPRINGTOWN	20040113	0	22	-39	0	22	-39	262.1	40.5711	-75.2686
USC00368400	SPRINGTOWN	20040114	0	50	-150	0	50	-150	262.1	40.5711	-75.2686
USC00368400	SPRINGTOWN	20040115	102	-83	-150	102	-83	-150	262.1	40.5711	-75.2686
USC00368400	SPRINGTOWN	20040116	76	-50	-189	76	-50	-189	262.1	40.5711	-75.2686
USC00368400	SPRINGTOWN	20040117	76	-33	-161	76	-33	-161	262.1	40.5711	-75.2686
USC00368400	SPRINGTOWN	20040118	76	6	-106	76	6	-106	262.1	40.5711	-75.2686
USC00368400	SPRINGTOWN	20040119	127	0	-89	127	0	-89	262.1	40.5711	-75.2686
USC00368400	SPRINGTOWN	20040120	127	-11	-94	127	-11	-94	262.1	40.5711	-75.2686
USC00368400	SPRINGTOWN	20040121	127	6	-128	127	6	-128	262.1	40.5711	-75.2686
USC00368400	SPRINGTOWN	20040122	127	0	-111	127	0	-111	262.1	40.5711	-75.2686
USC00368400	SPRINGTOWN	20040123	102	61	-144	102	61	-144	262.1	40.5711	-75.2686
USC00368400	SPRINGTOWN	20040124	102	-72	-144	102	-72	-144	262.1	40.5711	-75.2686
USC00368400	SPRINGTOWN	20040125	102	-39	-172	102	-39	-172	262.1	40.5711	-75.2686
USC00368400	SPRINGTOWN	20040126	152	-67	-178	152	-67	-178	262.1	40.5711	-75.2686
USC00368400	SPRINGTOWN	20040127	127	-83	-117	127	-83	-117	262.1	40.5711	-75.2686
USC00368400	SPRINGTOWN	20040128	254	-56	-100	254	-56	-100	262.1	40.5711	-75.2686
USC00368400	SPRINGTOWN	20040129	229	-28	-94	229	-28	-94	262.1	40.5711	-75.2686
USC00368400	SPRINGTOWN	20040130	229	-17	-117	229	-17	-117	262.1	40.5711	-75.2686
USC00368400	SPRINGTOWN	20040131	203	-33	-128	203	-33	-128	262.1	40.5711	-75.2686
USC00368400	SPRINGTOWN	20050101	0	117	22	0	117	22	262.1	40.5711	-75.2686
USC00368400	SPRINGTOWN	20050102	0	183	-22	0	183	-22	262.1	40.5711	-75.2686
USC00368400	SPRINGTOWN	20050103	0	56	-22	0	56	-22	262.1	40.5711	-75.2686
USC00368400	SPRINGTOWN	20050104	0	100	50	0	100	50	262.1	40.5711	-75.2686
USC00368400	SPRINGTOWN	20050105	0	83	22	0	83	22	262.1	40.5711	-75.2686
USC00368400	SPRINGTOWN	20050106	0	28	-11	0	28	-11	262.1	40.5711	-75.2686
USC00368400	SPRINGTOWN	20050107	0	11	-17	0	11	-17	262.1	40.5711	-75.2686
USC00368400	SPRINGTOWN	20050108	0	28	-17	0	28	-17	262.1	40.5711	-75.2686
USC00368400	SPRINGTOWN	20050109	0	28	-6	0	28	-6	262.1	40.5711	-75.2686
USC00368400	SPRINGTOWN	20050110	0	11	-11	0	11	-11	262.1	40.5711	-75.2686
USC00368400	SPRINGTOWN	20050111	0	78	-17	0	78	-17	262.1	40.5711	-75.2686
USC00368400	SPRINGTOWN	20050112	0	11	-17	0	11	-17	262.1	40.5711	-75.2686
USC00368400	SPRINGTOWN	20050113	0	33	11	0	33	11	262.1	40.5711	-75.2686
USC00368400	SPRINGTOWN	20050114	0	172	28	0	172	28	262.1	40.5711	-75.2686
USC00368400	SPRINGTOWN	20050115	0	50	-72	0	50	-72	262.1	40.5711	-75.2686
USC00368400	SPRINGTOWN	20050116	0	-22	-72	0	-22	-72	262.1	40.5711	-75.2686
USC00368400	SPRINGTOWN	20050117	0	6	-67	0	6	-67	262.1	40.5711	-75.2686
USC00368400	SPRINGTOWN	20050118	0	-28	-133	0	-28	-133	262.1	40.5711	-75.2686
USC00368400	SPRINGTOWN	20050119	0	-89	-156	0	-89	-156	262.1	40.5711	-75.2686
USC00368400	SPRINGTOWN	20050120	51	-67	-144	51	-67	-144	262.1	40.5711	-75.2686
USC00368400	SPRINGTOWN	20050121	51	0	-133	51	0	-133	262.1	40.5711	-75.2686
USC00368400	SPRINGTOWN	20050122	25	-72	-189	25	-72	-189	262.1	40.5711	-75.2686
USC00368400	SPRINGTOWN	20050123	279	-89	-172	279	-89	-172	262.1	40.5711	-75.2686
USC00368400	SPRINGTOWN	20050124	254	-67	-172	254	-67	-172	262.1	40.5711	-75.2686
USC00368400	SPRINGTOWN	20050125	254	-67	-167	254	-67	-167	262.1	40.5711	-75.2686
USC00368400	SPRINGTOWN	20050126	229	33	-72	229	33	-72	262.1	40.5711	-75.2686
USC00368400	SPRINGTOWN	20050127	203	22	-167	203	22	-167	262.1	40.5711	-75.2686
USC00368400	SPRINGTOWN	20050128	203	-61	-183	203	-61	-183	262.1	40.5711	-75.2686
USC00368400	SPRINGTOWN	20050129	203	-22	-172	203	-22	-172	262.1	40.5711	-75.2686
USC00368400	SPRINGTOWN	20050130	203	22	-100	203	22	-100	262.1	40.5711	-75.2686
USC00368400	SPRINGTOWN	20050131	203	56	-72	203	56	-72	262.1	40.5711	-75.2686
