STATION	NAME	DATE	SNWD	TMAX	TMIN	SNWD2	TMAX2	TMIN2	ELEV	LAT	LONG
USC00368449	STATECOLLEGE	19950101	0	6	-44	0	6	-44	356.6	40.7933	-77.8672
USC00368449	STATECOLLEGE	19950102	0	61	-39	0	61	-39	356.6	40.7933	-77.8672
USC00368449	STATECOLLEGE	19950103	0	-39	-89	0	-39	-89	356.6	40.7933	-77.8672
USC00368449	STATECOLLEGE	19950104	0	-22	-100	0	-22	-100	356.6	40.7933	-77.8672
USC00368449	STATECOLLEGE	19950105	0	-72	-150	0	-72	-150	356.6	40.7933	-77.8672
USC00368449	STATECOLLEGE	19950106	0	-83	-150	0	-83	-150	356.6	40.7933	-77.8672
USC00368449	STATECOLLEGE	19950107	0	17	-111	0	17	-111	356.6	40.7933	-77.8672
USC00368449	STATECOLLEGE	19950108	0	28	-39	0	28	-39	356.6	40.7933	-77.8672
USC00368449	STATECOLLEGE	19950109	0	-6	-39	0	-6	-39	356.6	40.7933	-77.8672
USC00368449	STATECOLLEGE	19950110	0	6	-106	0	6	-106	356.6	40.7933	-77.8672
USC00368449	STATECOLLEGE	19950111	0	-33	-83	0	-33	-83	356.6	40.7933	-77.8672
USC00368449	STATECOLLEGE	19950112	0	11	-39	0	11	-39	356.6	40.7933	-77.8672
USC00368449	STATECOLLEGE	19950113	0	50	11	0	50	11	356.6	40.7933	-77.8672
USC00368449	STATECOLLEGE	19950114	0	122	22	0	122	22	356.6	40.7933	-77.8672
USC00368449	STATECOLLEGE	19950115	0	161	78	0	161	78	356.6	40.7933	-77.8672
USC00368449	STATECOLLEGE	19950116	0	156	61	0	156	61	356.6	40.7933	-77.8672
USC00368449	STATECOLLEGE	19950117	0	61	17	0	61	17	356.6	40.7933	-77.8672
USC00368449	STATECOLLEGE	19950118	0	72	22	0	72	22	356.6	40.7933	-77.8672
USC00368449	STATECOLLEGE	19950119	0	72	22	0	72	22	356.6	40.7933	-77.8672
USC00368449	STATECOLLEGE	19950120	0	67	44	0	67	44	356.6	40.7933	-77.8672
USC00368449	STATECOLLEGE	19950121	0	67	6	0	67	6	356.6	40.7933	-77.8672
USC00368449	STATECOLLEGE	19950122	25	11	-50	25	11	-50	356.6	40.7933	-77.8672
USC00368449	STATECOLLEGE	19950123	25	-28	-78	25	-28	-78	356.6	40.7933	-77.8672
USC00368449	STATECOLLEGE	19950124	0	-17	-78	0	-17	-78	356.6	40.7933	-77.8672
USC00368449	STATECOLLEGE	19950125	0	0	-50	0	0	-50	356.6	40.7933	-77.8672
USC00368449	STATECOLLEGE	19950126	0	6	-61	0	6	-61	356.6	40.7933	-77.8672
USC00368449	STATECOLLEGE	19950127	0	-11	-56	0	-11	-56	356.6	40.7933	-77.8672
USC00368449	STATECOLLEGE	19950128	0	0	-50	0	0	-50	356.6	40.7933	-77.8672
USC00368449	STATECOLLEGE	19950129	0	-22	-117	0	-22	-117	356.6	40.7933	-77.8672
USC00368449	STATECOLLEGE	19950130	0	11	-122	0	11	-122	356.6	40.7933	-77.8672
USC00368449	STATECOLLEGE	19950131	0	28	-78	0	28	-78	356.6	40.7933	-77.8672
USC00368449	STATECOLLEGE	19960101	127	61	-28	127	61	-28	356.6	40.7933	-77.8672
USC00368449	STATECOLLEGE	19960102	127	22	-6	127	22	-6	356.6	40.7933	-77.8672
USC00368449	STATECOLLEGE	19960103	305	11	-67	305	11	-67	356.6	40.7933	-77.8672
USC00368449	STATECOLLEGE	19960104	279	-28	-128	279	-28	-128	356.6	40.7933	-77.8672
USC00368449	STATECOLLEGE	19960105	279	-61	-133	279	-61	-133	356.6	40.7933	-77.8672
USC00368449	STATECOLLEGE	19960106	254	-50	-144	254	-50	-144	356.6	40.7933	-77.8672
USC00368449	STATECOLLEGE	19960107	279	-100	-144	279	-100	-144	356.6	40.7933	-77.8672
USC00368449	STATECOLLEGE	19960108	559	-83	-128	559	-83	-128	356.6	40.7933	-77.8672
USC00368449	STATECOLLEGE	19960109	508	-33	-106	508	-33	-106	356.6	40.7933	-77.8672
USC00368449	STATECOLLEGE	19960110	508	-50	-106	508	-50	-106	356.6	40.7933	-77.8672
USC00368449	STATECOLLEGE	19960111	457	-44	-194	457	-44	-194	356.6	40.7933	-77.8672
USC00368449	STATECOLLEGE	19960112	406	-78	-178	406	-78	-178	356.6	40.7933	-77.8672
USC00368449	STATECOLLEGE	19960113	533	-56	-94	533	-56	-94	356.6	40.7933	-77.8672
USC00368449	STATECOLLEGE	19960114	508	-11	-67	508	-11	-67	356.6	40.7933	-77.8672
USC00368449	STATECOLLEGE	19960115	457	100	-17	457	100	-17	356.6	40.7933	-77.8672
USC00368449	STATECOLLEGE	19960116	406	17	-128	406	17	-128	356.6	40.7933	-77.8672
USC00368449	STATECOLLEGE	19960117	406	6	-78	406	6	-78	356.6	40.7933	-77.8672
USC00368449	STATECOLLEGE	19960118	356	72	6	356	72	6	356.6	40.7933	-77.8672
USC00368449	STATECOLLEGE	19960119	203	139	11	203	139	11	356.6	40.7933	-77.8672
USC00368449	STATECOLLEGE	19960120	102	94	-122	102	94	-122	356.6	40.7933	-77.8672
USC00368449	STATECOLLEGE	19960121	102	-56	-122	102	-56	-122	356.6	40.7933	-77.8672
USC00368449	STATECOLLEGE	19960122	76	-17	-89	76	-17	-89	356.6	40.7933	-77.8672
USC00368449	STATECOLLEGE	19960123	76	33	-89	76	33	-89	356.6	40.7933	-77.8672
USC00368449	STATECOLLEGE	19960124	76	28	-33	76	28	-33	356.6	40.7933	-77.8672
USC00368449	STATECOLLEGE	19960125	76	61	-67	76	61	-67	356.6	40.7933	-77.8672
USC00368449	STATECOLLEGE	19960126	76	-22	-72	76	-22	-72	356.6	40.7933	-77.8672
USC00368449	STATECOLLEGE	19960127	51	78	-44	51	78	-44	356.6	40.7933	-77.8672
USC00368449	STATECOLLEGE	19960128	0	106	-61	0	106	-61	356.6	40.7933	-77.8672
USC00368449	STATECOLLEGE	19960129	0	-33	-61	0	-33	-61	356.6	40.7933	-77.8672
USC00368449	STATECOLLEGE	19960130	0	17	-39	0	17	-39	356.6	40.7933	-77.8672
USC00368449	STATECOLLEGE	19960131	76	17	-89	76	17	-89	356.6	40.7933	-77.8672
USC00368449	STATECOLLEGE	19970101	0	56	-89	0	56	-89	356.6	40.7933	-77.8672
USC00368449	STATECOLLEGE	19970102	0	0	-83	0	0	-83	356.6	40.7933	-77.8672
USC00368449	STATECOLLEGE	19970103	0	144	0	0	144	0	356.6	40.7933	-77.8672
USC00368449	STATECOLLEGE	19970104	0	150	89	0	150	89	356.6	40.7933	-77.8672
USC00368449	STATECOLLEGE	19970105	0	150	89	0	150	89	356.6	40.7933	-77.8672
USC00368449	STATECOLLEGE	19970106	0	150	11	0	150	11	356.6	40.7933	-77.8672
USC00368449	STATECOLLEGE	19970107	0	22	-56	0	22	-56	356.6	40.7933	-77.8672
USC00368449	STATECOLLEGE	19970108	0	-22	-67	0	-22	-67	356.6	40.7933	-77.8672
USC00368449	STATECOLLEGE	19970109	0	6	-67	0	6	-67	356.6	40.7933	-77.8672
USC00368449	STATECOLLEGE	19970110	102	-11	-67	102	-11	-67	356.6	40.7933	-77.8672
USC00368449	STATECOLLEGE	19970111	102	6	-122	102	6	-122	356.6	40.7933	-77.8672
USC00368449	STATECOLLEGE	19970112	76	-78	-128	76	-78	-128	356.6	40.7933	-77.8672
USC00368449	STATECOLLEGE	19970113	76	-83	-133	76	-83	-133	356.6	40.7933	-77.8672
USC00368449	STATECOLLEGE	19970114	76	-67	-144	76	-67	-144	356.6	40.7933	-77.8672
USC00368449	STATECOLLEGE	19970115	76	-56	-133	76	-56	-133	356.6	40.7933	-77.8672
USC00368449	STATECOLLEGE	19970116	76	28	-128	76	28	-128	356.6	40.7933	-77.8672
USC00368449	STATECOLLEGE	19970117	76	28	-172	76	28	-172	356.6	40.7933	-77.8672
USC00368449	STATECOLLEGE	19970118	51	-139	-178	51	-139	-178	356.6	40.7933	-77.8672
USC00368449	STATECOLLEGE	19970119	51	-117	-200	51	-117	-200	356.6	40.7933	-77.8672
USC00368449	STATECOLLEGE	19970120	51	-39	-183	51	-39	-183	356.6	40.7933	-77.8672
USC00368449	STATECOLLEGE	19970121	51	6	-72	51	6	-72	356.6	40.7933	-77.8672
USC00368449	STATECOLLEGE	19970122	51	33	-83	51	33	-83	356.6	40.7933	-77.8672
USC00368449	STATECOLLEGE	19970123	0	89	11	0	89	11	356.6	40.7933	-77.8672
USC00368449	STATECOLLEGE	19970124	0	56	-67	0	56	-67	356.6	40.7933	-77.8672
USC00368449	STATECOLLEGE	19970125	102	33	-67	102	33	-67	356.6	40.7933	-77.8672
USC00368449	STATECOLLEGE	19970126	51	50	-78	51	50	-78	356.6	40.7933	-77.8672
USC00368449	STATECOLLEGE	19970127	51	-39	-89	51	-39	-89	356.6	40.7933	-77.8672
USC00368449	STATECOLLEGE	19970128	102	28	-56	102	28	-56	356.6	40.7933	-77.8672
USC00368449	STATECOLLEGE	19970129	76	17	-111	76	17	-111	356.6	40.7933	-77.8672
USC00368449	STATECOLLEGE	19970130	51	-33	-111	51	-33	-111	356.6	40.7933	-77.8672
USC00368449	STATECOLLEGE	19970131	51	0	-106	51	0	-106	356.6	40.7933	-77.8672
USC00368449	STATECOLLEGE	19980101	152	-44	-150	152	-44	-150	356.6	40.7933	-77.8672
USC00368449	STATECOLLEGE	19980102	127	56	-150	127	56	-150	356.6	40.7933	-77.8672
USC00368449	STATECOLLEGE	19980103	51	100	50	51	100	50	356.6	40.7933	-77.8672
USC00368449	STATECOLLEGE	19980104	0	128	89	0	128	89	356.6	40.7933	-77.8672
USC00368449	STATECOLLEGE	19980105	0	150	39	0	150	39	356.6	40.7933	-77.8672
USC00368449	STATECOLLEGE	19980106	0	144	33	0	144	33	356.6	40.7933	-77.8672
USC00368449	STATECOLLEGE	19980107	0	156	111	0	156	111	356.6	40.7933	-77.8672
USC00368449	STATECOLLEGE	19980108	0	183	117	0	183	117	356.6	40.7933	-77.8672
USC00368449	STATECOLLEGE	19980109	0	189	122	0	189	122	356.6	40.7933	-77.8672
USC00368449	STATECOLLEGE	19980110	0	122	17	0	122	17	356.6	40.7933	-77.8672
USC00368449	STATECOLLEGE	19980111	0	50	6	0	50	6	356.6	40.7933	-77.8672
USC00368449	STATECOLLEGE	19980112	0	56	-56	0	56	-56	356.6	40.7933	-77.8672
USC00368449	STATECOLLEGE	19980113	0	33	-44	0	33	-44	356.6	40.7933	-77.8672
USC00368449	STATECOLLEGE	19980114	0	50	-78	0	50	-78	356.6	40.7933	-77.8672
USC00368449	STATECOLLEGE	19980115	0	-6	-83	0	-6	-83	356.6	40.7933	-77.8672
USC00368449	STATECOLLEGE	19980116	0	11	-33	0	11	-33	356.6	40.7933	-77.8672
USC00368449	STATECOLLEGE	19980117	0	22	-11	0	22	-11	356.6	40.7933	-77.8672
USC00368449	STATECOLLEGE	19980118	25	6	-22	25	6	-22	356.6	40.7933	-77.8672
USC00368449	STATECOLLEGE	19980119	25	17	-28	25	17	-28	356.6	40.7933	-77.8672
USC00368449	STATECOLLEGE	19980120	0	0	-33	0	0	-33	356.6	40.7933	-77.8672
USC00368449	STATECOLLEGE	19980121	0	0	-78	0	0	-78	356.6	40.7933	-77.8672
USC00368449	STATECOLLEGE	19980122	0	-11	-83	0	-11	-83	356.6	40.7933	-77.8672
USC00368449	STATECOLLEGE	19980123	127	17	-44	127	17	-44	356.6	40.7933	-77.8672
USC00368449	STATECOLLEGE	19980124	51	33	-6	51	33	-6	356.6	40.7933	-77.8672
USC00368449	STATECOLLEGE	19980125	25	22	-33	25	22	-33	356.6	40.7933	-77.8672
USC00368449	STATECOLLEGE	19980126	25	-11	-33	25	-11	-33	356.6	40.7933	-77.8672
USC00368449	STATECOLLEGE	19980127	0	39	-22	0	39	-22	356.6	40.7933	-77.8672
USC00368449	STATECOLLEGE	19980128	25	17	-11	25	17	-11	356.6	40.7933	-77.8672
USC00368449	STATECOLLEGE	19980129	51	22	-33	51	22	-33	356.6	40.7933	-77.8672
USC00368449	STATECOLLEGE	19980130	0	89	-28	0	89	-28	356.6	40.7933	-77.8672
USC00368449	STATECOLLEGE	19980131	0	33	-11	0	33	-11	356.6	40.7933	-77.8672
USC00368449	STATECOLLEGE	19990101	0	-56	-94	0	-56	-94	356.6	40.7933	-77.8672
USC00368449	STATECOLLEGE	19990102	0	-61	-133	0	-61	-133	356.6	40.7933	-77.8672
USC00368449	STATECOLLEGE	19990103	51	-28	-133	51	-28	-133	356.6	40.7933	-77.8672
USC00368449	STATECOLLEGE	19990104	51	17	-100	51	17	-100	356.6	40.7933	-77.8672
USC00368449	STATECOLLEGE	19990105	51	-83	-144	51	-83	-144	356.6	40.7933	-77.8672
USC00368449	STATECOLLEGE	19990106	51	-78	-172	51	-78	-172	356.6	40.7933	-77.8672
USC00368449	STATECOLLEGE	19990107	76	-6	-144	76	-6	-144	356.6	40.7933	-77.8672
USC00368449	STATECOLLEGE	19990108	76	-61	-144	76	-61	-144	356.6	40.7933	-77.8672
USC00368449	STATECOLLEGE	19990109	102	11	-106	102	11	-106	356.6	40.7933	-77.8672
USC00368449	STATECOLLEGE	19990110	76	28	-128	76	28	-128	356.6	40.7933	-77.8672
USC00368449	STATECOLLEGE	19990111	76	-50	-133	76	-50	-133	356.6	40.7933	-77.8672
USC00368449	STATECOLLEGE	19990112	127	-6	-128	127	-6	-128	356.6	40.7933	-77.8672
USC00368449	STATECOLLEGE	19990113	51	72	-6	51	72	-6	356.6	40.7933	-77.8672
USC00368449	STATECOLLEGE	19990114	76	78	-128	76	78	-128	356.6	40.7933	-77.8672
USC00368449	STATECOLLEGE	19990115	152	-56	-128	152	-56	-128	356.6	40.7933	-77.8672
USC00368449	STATECOLLEGE	19990116	152	-39	-78	152	-39	-78	356.6	40.7933	-77.8672
USC00368449	STATECOLLEGE	19990117	127	83	-44	127	83	-44	356.6	40.7933	-77.8672
USC00368449	STATECOLLEGE	19990118	127	94	-11	127	94	-11	356.6	40.7933	-77.8672
USC00368449	STATECOLLEGE	19990119	127	67	17	127	67	17	356.6	40.7933	-77.8672
USC00368449	STATECOLLEGE	19990120	127	56	6	127	56	6	356.6	40.7933	-77.8672
USC00368449	STATECOLLEGE	19990121	127	67	-28	127	67	-28	356.6	40.7933	-77.8672
USC00368449	STATECOLLEGE	19990122	127	33	-28	127	33	-28	356.6	40.7933	-77.8672
USC00368449	STATECOLLEGE	19990123	102	67	33	102	67	33	356.6	40.7933	-77.8672
USC00368449	STATECOLLEGE	19990124	25	133	67	25	133	67	356.6	40.7933	-77.8672
USC00368449	STATECOLLEGE	19990125	25	94	6	25	94	6	356.6	40.7933	-77.8672
USC00368449	STATECOLLEGE	19990126	25	22	-17	25	22	-17	356.6	40.7933	-77.8672
USC00368449	STATECOLLEGE	19990127	25	44	-44	25	44	-44	356.6	40.7933	-77.8672
USC00368449	STATECOLLEGE	19990128	0	117	-39	0	117	-39	356.6	40.7933	-77.8672
USC00368449	STATECOLLEGE	19990129	0	106	11	0	106	11	356.6	40.7933	-77.8672
USC00368449	STATECOLLEGE	19990130	0	28	-44	0	28	-44	356.6	40.7933	-77.8672
USC00368449	STATECOLLEGE	19990131	0	28	-83	0	28	-83	356.6	40.7933	-77.8672
USC00368449	STATECOLLEGE	20000101	0	67	-50	0	67	-50	356.6	40.7933	-77.8672
USC00368449	STATECOLLEGE	20000102	0	111	-50	0	111	-50	356.6	40.7933	-77.8672
USC00368449	STATECOLLEGE	20000103	0	156	17	0	156	17	356.6	40.7933	-77.8672
USC00368449	STATECOLLEGE	20000104	0	167	122	0	167	122	356.6	40.7933	-77.8672
USC00368449	STATECOLLEGE	20000105	0	156	-11	0	156	-11	356.6	40.7933	-77.8672
USC00368449	STATECOLLEGE	20000106	0	0	-67	0	0	-67	356.6	40.7933	-77.8672
USC00368449	STATECOLLEGE	20000107	0	50	-56	0	50	-56	356.6	40.7933	-77.8672
USC00368449	STATECOLLEGE	20000108	0	50	-33	0	50	-33	356.6	40.7933	-77.8672
USC00368449	STATECOLLEGE	20000109	0	39	-39	0	39	-39	356.6	40.7933	-77.8672
USC00368449	STATECOLLEGE	20000110	0	83	17	0	83	17	356.6	40.7933	-77.8672
USC00368449	STATECOLLEGE	20000111	0	78	28	0	78	28	356.6	40.7933	-77.8672
USC00368449	STATECOLLEGE	20000112	0	78	-6	0	78	-6	356.6	40.7933	-77.8672
USC00368449	STATECOLLEGE	20000113	0	44	-6	0	44	-6	356.6	40.7933	-77.8672
USC00368449	STATECOLLEGE	20000114	0	11	-122	0	11	-122	356.6	40.7933	-77.8672
USC00368449	STATECOLLEGE	20000115	0	-50	-122	0	-50	-122	356.6	40.7933	-77.8672
USC00368449	STATECOLLEGE	20000116	0	0	-100	0	0	-100	356.6	40.7933	-77.8672
USC00368449	STATECOLLEGE	20000117	0	83	-150	0	83	-150	356.6	40.7933	-77.8672
USC00368449	STATECOLLEGE	20000118	0	-89	-150	0	-89	-150	356.6	40.7933	-77.8672
USC00368449	STATECOLLEGE	20000119	0	-44	-150	0	-44	-150	356.6	40.7933	-77.8672
USC00368449	STATECOLLEGE	20000120	51	-6	-44	51	-6	-44	356.6	40.7933	-77.8672
USC00368449	STATECOLLEGE	20000121	102	-22	-133	102	-22	-133	356.6	40.7933	-77.8672
USC00368449	STATECOLLEGE	20000122	76	-100	-144	76	-100	-144	356.6	40.7933	-77.8672
USC00368449	STATECOLLEGE	20000123	76	-67	-156	76	-67	-156	356.6	40.7933	-77.8672
USC00368449	STATECOLLEGE	20000124	76	-44	-83	76	-44	-83	356.6	40.7933	-77.8672
USC00368449	STATECOLLEGE	20000125	76	11	-83	76	11	-83	356.6	40.7933	-77.8672
USC00368449	STATECOLLEGE	20000126	152	-56	-78	152	-56	-78	356.6	40.7933	-77.8672
USC00368449	STATECOLLEGE	20000127	127	-28	-144	127	-28	-144	356.6	40.7933	-77.8672
USC00368449	STATECOLLEGE	20000128	102	-83	-139	102	-83	-139	356.6	40.7933	-77.8672
USC00368449	STATECOLLEGE	20000129	102	-33	-139	102	-33	-139	356.6	40.7933	-77.8672
USC00368449	STATECOLLEGE	20000130	102	0	-161	102	0	-161	356.6	40.7933	-77.8672
USC00368449	STATECOLLEGE	20000131	178	-11	-67	178	-11	-67	356.6	40.7933	-77.8672
USC00368449	STATECOLLEGE	20010101	51	-33	-67	51	-33	-67	356.6	40.7933	-77.8672
USC00368449	STATECOLLEGE	20010102	51	-22	-100	51	-22	-100	356.6	40.7933	-77.8672
USC00368449	STATECOLLEGE	20010103	51	-39	-106	51	-39	-106	356.6	40.7933	-77.8672
USC00368449	STATECOLLEGE	20010104	51	-28	-89	51	-28	-89	356.6	40.7933	-77.8672
USC00368449	STATECOLLEGE	20010105	51	-17	-83	51	-17	-83	356.6	40.7933	-77.8672
USC00368449	STATECOLLEGE	20010106	102	11	-56	102	11	-56	356.6	40.7933	-77.8672
USC00368449	STATECOLLEGE	20010107	102	-6	-67	102	-6	-67	356.6	40.7933	-77.8672
USC00368449	STATECOLLEGE	20010108	76	39	-39	76	39	-39	356.6	40.7933	-77.8672
USC00368449	STATECOLLEGE	20010109	76	17	-106	76	17	-106	356.6	40.7933	-77.8672
USC00368449	STATECOLLEGE	20010110	76	-50	-111	76	-50	-111	356.6	40.7933	-77.8672
USC00368449	STATECOLLEGE	20010111	76	22	-61	76	22	-61	356.6	40.7933	-77.8672
USC00368449	STATECOLLEGE	20010112	51	67	-50	51	67	-50	356.6	40.7933	-77.8672
USC00368449	STATECOLLEGE	20010113	51	17	-83	51	17	-83	356.6	40.7933	-77.8672
USC00368449	STATECOLLEGE	20010114	51	56	-78	51	56	-78	356.6	40.7933	-77.8672
USC00368449	STATECOLLEGE	20010115	51	22	-44	51	22	-44	356.6	40.7933	-77.8672
USC00368449	STATECOLLEGE	20010116	0	33	0	0	33	0	356.6	40.7933	-77.8672
USC00368449	STATECOLLEGE	20010117	0	22	-6	0	22	-6	356.6	40.7933	-77.8672
USC00368449	STATECOLLEGE	20010118	0	11	-11	0	11	-11	356.6	40.7933	-77.8672
USC00368449	STATECOLLEGE	20010119	0	6	-11	0	6	-11	356.6	40.7933	-77.8672
USC00368449	STATECOLLEGE	20010120	0	17	-17	0	17	-17	356.6	40.7933	-77.8672
USC00368449	STATECOLLEGE	20010121	127	-6	-89	127	-6	-89	356.6	40.7933	-77.8672
USC00368449	STATECOLLEGE	20010122	127	-39	-100	127	-39	-100	356.6	40.7933	-77.8672
USC00368449	STATECOLLEGE	20010123	102	-28	-144	102	-28	-144	356.6	40.7933	-77.8672
USC00368449	STATECOLLEGE	20010124	76	33	-133	76	33	-133	356.6	40.7933	-77.8672
USC00368449	STATECOLLEGE	20010125	51	50	-33	51	50	-33	356.6	40.7933	-77.8672
USC00368449	STATECOLLEGE	20010126	51	-6	-94	51	-6	-94	356.6	40.7933	-77.8672
USC00368449	STATECOLLEGE	20010127	51	0	-89	51	0	-89	356.6	40.7933	-77.8672
USC00368449	STATECOLLEGE	20010128	51	17	-61	51	17	-61	356.6	40.7933	-77.8672
USC00368449	STATECOLLEGE	20010129	51	0	-111	51	0	-111	356.6	40.7933	-77.8672
USC00368449	STATECOLLEGE	20010130	51	17	-100	51	17	-100	356.6	40.7933	-77.8672
USC00368449	STATECOLLEGE	20010131	0	83	-6	0	83	-6	356.6	40.7933	-77.8672
USC00368449	STATECOLLEGE	20020101	0	-50	-100	0	-50	-100	356.6	40.7933	-77.8672
USC00368449	STATECOLLEGE	20020102	0	-28	-94	0	-28	-94	356.6	40.7933	-77.8672
USC00368449	STATECOLLEGE	20020103	0	-6	-106	0	-6	-106	356.6	40.7933	-77.8672
USC00368449	STATECOLLEGE	20020104	0	11	-100	0	11	-100	356.6	40.7933	-77.8672
USC00368449	STATECOLLEGE	20020105	0	0	-39	0	0	-39	356.6	40.7933	-77.8672
USC00368449	STATECOLLEGE	20020106	0	56	-33	0	56	-33	356.6	40.7933	-77.8672
USC00368449	STATECOLLEGE	20020107	279	39	-17	279	39	-17	356.6	40.7933	-77.8672
USC00368449	STATECOLLEGE	20020108	229	17	-61	229	17	-61	356.6	40.7933	-77.8672
USC00368449	STATECOLLEGE	20020109	203	6	-50	203	6	-50	356.6	40.7933	-77.8672
USC00368449	STATECOLLEGE	20020110	102	89	6	102	89	6	356.6	40.7933	-77.8672
USC00368449	STATECOLLEGE	20020111	0	111	33	0	111	33	356.6	40.7933	-77.8672
USC00368449	STATECOLLEGE	20020112	0	44	-6	0	44	-6	356.6	40.7933	-77.8672
USC00368449	STATECOLLEGE	20020113	0	72	-11	0	72	-11	356.6	40.7933	-77.8672
USC00368449	STATECOLLEGE	20020114	0	28	-44	0	28	-44	356.6	40.7933	-77.8672
USC00368449	STATECOLLEGE	20020115	0	56	-17	0	56	-17	356.6	40.7933	-77.8672
USC00368449	STATECOLLEGE	20020116	0	44	6	0	44	6	356.6	40.7933	-77.8672
USC00368449	STATECOLLEGE	20020117	0	28	-6	0	28	-6	356.6	40.7933	-77.8672
USC00368449	STATECOLLEGE	20020118	0	44	-39	0	44	-39	356.6	40.7933	-77.8672
USC00368449	STATECOLLEGE	20020119	0	0	-44	0	0	-44	356.6	40.7933	-77.8672
USC00368449	STATECOLLEGE	20020120	51	-22	-78	51	-22	-78	356.6	40.7933	-77.8672
USC00368449	STATECOLLEGE	20020121	51	11	-89	51	11	-89	356.6	40.7933	-77.8672
USC00368449	STATECOLLEGE	20020122	25	39	-11	25	39	-11	356.6	40.7933	-77.8672
USC00368449	STATECOLLEGE	20020123	0	89	-6	0	89	-6	356.6	40.7933	-77.8672
USC00368449	STATECOLLEGE	20020124	0	94	56	0	94	56	356.6	40.7933	-77.8672
USC00368449	STATECOLLEGE	20020125	0	111	-17	0	111	-17	356.6	40.7933	-77.8672
USC00368449	STATECOLLEGE	20020126	0	67	-17	0	67	-17	356.6	40.7933	-77.8672
USC00368449	STATECOLLEGE	20020127	0	117	-17	0	117	-17	356.6	40.7933	-77.8672
USC00368449	STATECOLLEGE	20020128	0	172	11	0	172	11	356.6	40.7933	-77.8672
USC00368449	STATECOLLEGE	20020129	0	167	44	0	167	44	356.6	40.7933	-77.8672
USC00368449	STATECOLLEGE	20020130	0	178	111	0	178	111	356.6	40.7933	-77.8672
USC00368449	STATECOLLEGE	20020131	0	122	11	0	122	11	356.6	40.7933	-77.8672
USC00368449	STATECOLLEGE	20030101	0	100	17	0	100	17	356.6	40.7933	-77.8672
USC00368449	STATECOLLEGE	20030102	0	61	-17	0	61	-17	356.6	40.7933	-77.8672
USC00368449	STATECOLLEGE	20030103	25	6	-28	25	6	-28	356.6	40.7933	-77.8672
USC00368449	STATECOLLEGE	20030104	127	-6	-28	127	-6	-28	356.6	40.7933	-77.8672
USC00368449	STATECOLLEGE	20030105	102	0	-44	102	0	-44	356.6	40.7933	-77.8672
USC00368449	STATECOLLEGE	20030106	127	-17	-56	127	-17	-56	356.6	40.7933	-77.8672
USC00368449	STATECOLLEGE	20030107	152	-6	-94	152	-6	-94	356.6	40.7933	-77.8672
USC00368449	STATECOLLEGE	20030108	76	28	-83	76	28	-83	356.6	40.7933	-77.8672
USC00368449	STATECOLLEGE	20030109	0	78	17	0	78	17	356.6	40.7933	-77.8672
USC00368449	STATECOLLEGE	20030110	0	89	6	0	89	6	356.6	40.7933	-77.8672
USC00368449	STATECOLLEGE	20030111	0	6	-78	0	6	-78	356.6	40.7933	-77.8672
USC00368449	STATECOLLEGE	20030112	0	-44	-83	0	-44	-83	356.6	40.7933	-77.8672
USC00368449	STATECOLLEGE	20030113	0	-33	-78	0	-33	-78	356.6	40.7933	-77.8672
USC00368449	STATECOLLEGE	20030114	0	-11	-100	0	-11	-100	356.6	40.7933	-77.8672
USC00368449	STATECOLLEGE	20030115	0	-50	-89	0	-50	-89	356.6	40.7933	-77.8672
USC00368449	STATECOLLEGE	20030116	0	-67	-111	0	-67	-111	356.6	40.7933	-77.8672
USC00368449	STATECOLLEGE	20030117	25	-61	-117	25	-61	-117	356.6	40.7933	-77.8672
USC00368449	STATECOLLEGE	20030118	25	-56	-156	25	-56	-156	356.6	40.7933	-77.8672
USC00368449	STATECOLLEGE	20030119	25	-50	-150	25	-50	-150	356.6	40.7933	-77.8672
USC00368449	STATECOLLEGE	20030120	25	-33	-83	25	-33	-83	356.6	40.7933	-77.8672
USC00368449	STATECOLLEGE	20030121	25	-56	-106	25	-56	-106	356.6	40.7933	-77.8672
USC00368449	STATECOLLEGE	20030122	25	-67	-144	25	-67	-144	356.6	40.7933	-77.8672
USC00368449	STATECOLLEGE	20030123	0	-89	-161	0	-89	-161	356.6	40.7933	-77.8672
USC00368449	STATECOLLEGE	20030124	0	-111	-156	0	-111	-156	356.6	40.7933	-77.8672
USC00368449	STATECOLLEGE	20030125	0	-39	-139	0	-39	-139	356.6	40.7933	-77.8672
USC00368449	STATECOLLEGE	20030126	0	-33	-89	0	-33	-89	356.6	40.7933	-77.8672
USC00368449	STATECOLLEGE	20030127	0	-22	-150	0	-22	-150	356.6	40.7933	-77.8672
USC00368449	STATECOLLEGE	20030128	0	-89	-150	0	-89	-150	356.6	40.7933	-77.8672
USC00368449	STATECOLLEGE	20030129	25	-28	-122	25	-28	-122	356.6	40.7933	-77.8672
USC00368449	STATECOLLEGE	20030130	0	17	-78	0	17	-78	356.6	40.7933	-77.8672
USC00368449	STATECOLLEGE	20030131	0	11	-83	0	11	-83	356.6	40.7933	-77.8672
USC00368449	STATECOLLEGE	20040101	0	100	-17	0	100	-17	356.6	40.7933	-77.8672
USC00368449	STATECOLLEGE	20040102	0	72	6	0	72	6	356.6	40.7933	-77.8672
USC00368449	STATECOLLEGE	20040103	0	106	22	0	106	22	356.6	40.7933	-77.8672
USC00368449	STATECOLLEGE	20040104	0	150	89	0	150	89	356.6	40.7933	-77.8672
USC00368449	STATECOLLEGE	20040105	0	89	6	0	89	6	356.6	40.7933	-77.8672
USC00368449	STATECOLLEGE	20040106	0	56	-28	0	56	-28	356.6	40.7933	-77.8672
USC00368449	STATECOLLEGE	20040107	0	-28	-111	0	-28	-111	356.6	40.7933	-77.8672
USC00368449	STATECOLLEGE	20040108	0	-67	-111	0	-67	-111	356.6	40.7933	-77.8672
USC00368449	STATECOLLEGE	20040109	0	-22	-78	0	-22	-78	356.6	40.7933	-77.8672
USC00368449	STATECOLLEGE	20040110	0	-67	-183	0	-67	-183	356.6	40.7933	-77.8672
USC00368449	STATECOLLEGE	20040111	0	-100	-183	0	-100	-183	356.6	40.7933	-77.8672
USC00368449	STATECOLLEGE	20040112	0	44	-117	0	44	-117	356.6	40.7933	-77.8672
USC00368449	STATECOLLEGE	20040113	0	44	6	0	44	6	356.6	40.7933	-77.8672
USC00368449	STATECOLLEGE	20040114	0	22	-111	0	22	-111	356.6	40.7933	-77.8672
USC00368449	STATECOLLEGE	20040115	178	-61	-117	178	-61	-117	356.6	40.7933	-77.8672
USC00368449	STATECOLLEGE	20040116	152	-78	-172	152	-78	-172	356.6	40.7933	-77.8672
USC00368449	STATECOLLEGE	20040117	102	-67	-172	102	-67	-172	356.6	40.7933	-77.8672
USC00368449	STATECOLLEGE	20040118	127	-17	-133	127	-17	-133	356.6	40.7933	-77.8672
USC00368449	STATECOLLEGE	20040119	127	11	-83	127	11	-83	356.6	40.7933	-77.8672
USC00368449	STATECOLLEGE	20040120	102	-61	-94	102	-61	-94	356.6	40.7933	-77.8672
USC00368449	STATECOLLEGE	20040121	102	-61	-100	102	-61	-100	356.6	40.7933	-77.8672
USC00368449	STATECOLLEGE	20040122	102	0	-106	102	0	-106	356.6	40.7933	-77.8672
USC00368449	STATECOLLEGE	20040123	102	11	-161	102	11	-161	356.6	40.7933	-77.8672
USC00368449	STATECOLLEGE	20040124	127	-111	-161	127	-111	-161	356.6	40.7933	-77.8672
USC00368449	STATECOLLEGE	20040125	127	-67	-178	127	-67	-178	356.6	40.7933	-77.8672
USC00368449	STATECOLLEGE	20040126	203	-94	-178	203	-94	-178	356.6	40.7933	-77.8672
USC00368449	STATECOLLEGE	20040127	203	-83	-111	203	-83	-111	356.6	40.7933	-77.8672
USC00368449	STATECOLLEGE	20040128	330	-44	-89	330	-44	-89	356.6	40.7933	-77.8672
USC00368449	STATECOLLEGE	20040129	254	-56	-83	254	-56	-83	356.6	40.7933	-77.8672
USC00368449	STATECOLLEGE	20040130	254	-67	-122	254	-67	-122	356.6	40.7933	-77.8672
USC00368449	STATECOLLEGE	20040131	254	-83	-139	254	-83	-139	356.6	40.7933	-77.8672
USC00368449	STATECOLLEGE	20050101	0	128	50	0	128	50	356.6	40.7933	-77.8672
USC00368449	STATECOLLEGE	20050102	0	139	6	0	139	6	356.6	40.7933	-77.8672
USC00368449	STATECOLLEGE	20050103	0	72	17	0	72	17	356.6	40.7933	-77.8672
USC00368449	STATECOLLEGE	20050104	0	89	50	0	89	50	356.6	40.7933	-77.8672
USC00368449	STATECOLLEGE	20050105	0	78	28	0	78	28	356.6	40.7933	-77.8672
USC00368449	STATECOLLEGE	20050106	0	33	-11	0	33	-11	356.6	40.7933	-77.8672
USC00368449	STATECOLLEGE	20050107	0	39	-17	0	39	-17	356.6	40.7933	-77.8672
USC00368449	STATECOLLEGE	20050108	0	17	-17	0	17	-17	356.6	40.7933	-77.8672
USC00368449	STATECOLLEGE	20050109	0	50	0	0	50	0	356.6	40.7933	-77.8672
USC00368449	STATECOLLEGE	20050110	0	33	0	0	33	0	356.6	40.7933	-77.8672
USC00368449	STATECOLLEGE	20050111	0	56	-6	0	56	-6	356.6	40.7933	-77.8672
USC00368449	STATECOLLEGE	20050112	25	22	-6	25	22	-6	356.6	40.7933	-77.8672
USC00368449	STATECOLLEGE	20050113	0	72	17	0	72	17	356.6	40.7933	-77.8672
USC00368449	STATECOLLEGE	20050114	0	172	33	0	172	33	356.6	40.7933	-77.8672
USC00368449	STATECOLLEGE	20050115	0	33	-67	0	33	-67	356.6	40.7933	-77.8672
USC00368449	STATECOLLEGE	20050116	0	-6	-72	0	-6	-72	356.6	40.7933	-77.8672
USC00368449	STATECOLLEGE	20050117	51	-39	-94	51	-39	-94	356.6	40.7933	-77.8672
USC00368449	STATECOLLEGE	20050118	51	-83	-150	51	-83	-150	356.6	40.7933	-77.8672
USC00368449	STATECOLLEGE	20050119	25	-94	-150	25	-94	-150	356.6	40.7933	-77.8672
USC00368449	STATECOLLEGE	20050120	51	-17	-94	51	-17	-94	356.6	40.7933	-77.8672
USC00368449	STATECOLLEGE	20050121	51	-28	-139	51	-28	-139	356.6	40.7933	-77.8672
USC00368449	STATECOLLEGE	20050122	51	-78	-144	51	-78	-144	356.6	40.7933	-77.8672
USC00368449	STATECOLLEGE	20050123	127	-89	-144	127	-89	-144	356.6	40.7933	-77.8672
USC00368449	STATECOLLEGE	20050124	127	-78	-161	127	-78	-161	356.6	40.7933	-77.8672
USC00368449	STATECOLLEGE	20050125	127	-39	-150	127	-39	-150	356.6	40.7933	-77.8672
USC00368449	STATECOLLEGE	20050126	102	11	-44	102	11	-44	356.6	40.7933	-77.8672
USC00368449	STATECOLLEGE	20050127	76	33	-150	76	33	-150	356.6	40.7933	-77.8672
USC00368449	STATECOLLEGE	20050128	76	-72	-178	76	-72	-178	356.6	40.7933	-77.8672
USC00368449	STATECOLLEGE	20050129	76	-50	-183	76	-50	-183	356.6	40.7933	-77.8672
USC00368449	STATECOLLEGE	20050130	76	-11	-144	76	-11	-144	356.6	40.7933	-77.8672
USC00368449	STATECOLLEGE	20050131	0	33	-100	0	33	-100	356.6	40.7933	-77.8672
