STATION	NAME	DATE	SNWD	TMAX	TMIN	SNWD2	TMAX2	TMIN2	ELEV	LAT	LONG
USC00368469	STEVENSONDAM	19950101	9999	-6	-106	NA	-6	-106	284.1	41.4039	-78.0183
USC00368469	STEVENSONDAM	19950102	25	28	-61	25	28	-61	284.1	41.4039	-78.0183
USC00368469	STEVENSONDAM	19950103	25	-61	-106	25	-61	-106	284.1	41.4039	-78.0183
USC00368469	STEVENSONDAM	19950104	25	-56	-133	25	-56	-133	284.1	41.4039	-78.0183
USC00368469	STEVENSONDAM	19950105	25	-106	-172	25	-106	-172	284.1	41.4039	-78.0183
USC00368469	STEVENSONDAM	19950106	25	-100	-172	25	-100	-172	284.1	41.4039	-78.0183
USC00368469	STEVENSONDAM	19950107	51	-22	-161	51	-22	-161	284.1	41.4039	-78.0183
USC00368469	STEVENSONDAM	19950108	51	-11	-78	51	-11	-78	284.1	41.4039	-78.0183
USC00368469	STEVENSONDAM	19950109	25	-44	-72	25	-44	-72	284.1	41.4039	-78.0183
USC00368469	STEVENSONDAM	19950110	25	-44	-156	25	-44	-156	284.1	41.4039	-78.0183
USC00368469	STEVENSONDAM	19950111	25	-67	-150	25	-67	-150	284.1	41.4039	-78.0183
USC00368469	STEVENSONDAM	19950112	25	-22	-72	25	-22	-72	284.1	41.4039	-78.0183
USC00368469	STEVENSONDAM	19950113	25	-11	-28	25	-11	-28	284.1	41.4039	-78.0183
USC00368469	STEVENSONDAM	19950114	0	72	-28	0	72	-28	284.1	41.4039	-78.0183
USC00368469	STEVENSONDAM	19950115	0	139	-28	0	139	-28	284.1	41.4039	-78.0183
USC00368469	STEVENSONDAM	19950116	0	139	-28	0	139	-28	284.1	41.4039	-78.0183
USC00368469	STEVENSONDAM	19950117	0	28	-6	0	28	-6	284.1	41.4039	-78.0183
USC00368469	STEVENSONDAM	19950118	0	22	-6	0	22	-6	284.1	41.4039	-78.0183
USC00368469	STEVENSONDAM	19950119	0	50	0	0	50	0	284.1	41.4039	-78.0183
USC00368469	STEVENSONDAM	19950120	0	39	22	0	39	22	284.1	41.4039	-78.0183
USC00368469	STEVENSONDAM	19950121	0	44	-28	0	44	-28	284.1	41.4039	-78.0183
USC00368469	STEVENSONDAM	19950122	0	-11	-78	0	-11	-78	284.1	41.4039	-78.0183
USC00368469	STEVENSONDAM	19950123	25	-11	-100	25	-11	-100	284.1	41.4039	-78.0183
USC00368469	STEVENSONDAM	19950124	25	-50	-94	25	-50	-94	284.1	41.4039	-78.0183
USC00368469	STEVENSONDAM	19950125	25	-28	-67	25	-28	-67	284.1	41.4039	-78.0183
USC00368469	STEVENSONDAM	19950126	25	-33	-83	25	-33	-83	284.1	41.4039	-78.0183
USC00368469	STEVENSONDAM	19950127	25	-39	-83	25	-39	-83	284.1	41.4039	-78.0183
USC00368469	STEVENSONDAM	19950128	0	-33	-111	0	-33	-111	284.1	41.4039	-78.0183
USC00368469	STEVENSONDAM	19950129	0	9999	9999	0	NA	NA	284.1	41.4039	-78.0183
USC00368469	STEVENSONDAM	19950130	0	0	-178	0	0	-178	284.1	41.4039	-78.0183
USC00368469	STEVENSONDAM	19950131	0	17	-156	0	17	-156	284.1	41.4039	-78.0183
USC00368469	STEVENSONDAM	19960101	152	22	-72	152	22	-72	284.1	41.4039	-78.0183
USC00368469	STEVENSONDAM	19960102	127	17	-17	127	17	-17	284.1	41.4039	-78.0183
USC00368469	STEVENSONDAM	19960103	203	6	-78	203	6	-78	284.1	41.4039	-78.0183
USC00368469	STEVENSONDAM	19960104	229	-56	-194	229	-56	-194	284.1	41.4039	-78.0183
USC00368469	STEVENSONDAM	19960105	229	-56	-189	229	-56	-189	284.1	41.4039	-78.0183
USC00368469	STEVENSONDAM	19960106	229	-44	-222	229	-44	-222	284.1	41.4039	-78.0183
USC00368469	STEVENSONDAM	19960107	254	-44	-228	254	-44	-228	284.1	41.4039	-78.0183
USC00368469	STEVENSONDAM	19960108	305	-44	-128	305	-44	-128	284.1	41.4039	-78.0183
USC00368469	STEVENSONDAM	19960109	305	-28	-133	305	-28	-133	284.1	41.4039	-78.0183
USC00368469	STEVENSONDAM	19960110	381	-56	-100	381	-56	-100	284.1	41.4039	-78.0183
USC00368469	STEVENSONDAM	19960111	381	-56	-244	381	-56	-244	284.1	41.4039	-78.0183
USC00368469	STEVENSONDAM	19960112	381	-83	-239	381	-83	-239	284.1	41.4039	-78.0183
USC00368469	STEVENSONDAM	19960113	356	-39	-94	356	-39	-94	284.1	41.4039	-78.0183
USC00368469	STEVENSONDAM	19960114	356	100	-72	356	100	-72	284.1	41.4039	-78.0183
USC00368469	STEVENSONDAM	19960115	254	89	-11	254	89	-11	284.1	41.4039	-78.0183
USC00368469	STEVENSONDAM	19960116	254	6	-117	254	6	-117	284.1	41.4039	-78.0183
USC00368469	STEVENSONDAM	19960117	254	17	-117	254	17	-117	284.1	41.4039	-78.0183
USC00368469	STEVENSONDAM	19960118	229	28	-6	229	28	-6	284.1	41.4039	-78.0183
USC00368469	STEVENSONDAM	19960119	51	144	0	51	144	0	284.1	41.4039	-78.0183
USC00368469	STEVENSONDAM	19960120	51	61	-100	51	61	-100	284.1	41.4039	-78.0183
USC00368469	STEVENSONDAM	19960121	51	-44	-106	51	-44	-106	284.1	41.4039	-78.0183
USC00368469	STEVENSONDAM	19960122	51	-11	-106	51	-11	-106	284.1	41.4039	-78.0183
USC00368469	STEVENSONDAM	19960123	25	-6	-100	25	-6	-100	284.1	41.4039	-78.0183
USC00368469	STEVENSONDAM	19960124	25	33	-100	25	33	-100	284.1	41.4039	-78.0183
USC00368469	STEVENSONDAM	19960125	51	67	-83	51	67	-83	284.1	41.4039	-78.0183
USC00368469	STEVENSONDAM	19960126	25	-22	-78	25	-22	-78	284.1	41.4039	-78.0183
USC00368469	STEVENSONDAM	19960127	0	94	-50	0	94	-50	284.1	41.4039	-78.0183
USC00368469	STEVENSONDAM	19960128	25	106	-56	25	106	-56	284.1	41.4039	-78.0183
USC00368469	STEVENSONDAM	19960129	0	-6	-72	0	-6	-72	284.1	41.4039	-78.0183
USC00368469	STEVENSONDAM	19960130	0	-6	-67	0	-6	-67	284.1	41.4039	-78.0183
USC00368469	STEVENSONDAM	19960131	0	22	-106	0	22	-106	284.1	41.4039	-78.0183
USC00368469	STEVENSONDAM	19970101	0	22	-94	0	22	-94	284.1	41.4039	-78.0183
USC00368469	STEVENSONDAM	19970102	0	22	-94	0	22	-94	284.1	41.4039	-78.0183
USC00368469	STEVENSONDAM	19970103	0	100	-6	0	100	-6	284.1	41.4039	-78.0183
USC00368469	STEVENSONDAM	19970104	0	178	50	0	178	50	284.1	41.4039	-78.0183
USC00368469	STEVENSONDAM	19970105	0	133	61	0	133	61	284.1	41.4039	-78.0183
USC00368469	STEVENSONDAM	19970106	0	156	11	0	156	11	284.1	41.4039	-78.0183
USC00368469	STEVENSONDAM	19970107	0	17	-61	0	17	-61	284.1	41.4039	-78.0183
USC00368469	STEVENSONDAM	19970108	0	-28	-61	0	-28	-61	284.1	41.4039	-78.0183
USC00368469	STEVENSONDAM	19970109	0	11	-72	0	11	-72	284.1	41.4039	-78.0183
USC00368469	STEVENSONDAM	19970110	51	0	-67	51	0	-67	284.1	41.4039	-78.0183
USC00368469	STEVENSONDAM	19970111	51	-11	-122	51	-11	-122	284.1	41.4039	-78.0183
USC00368469	STEVENSONDAM	19970112	51	-89	-128	51	-89	-128	284.1	41.4039	-78.0183
USC00368469	STEVENSONDAM	19970113	51	-83	-122	51	-83	-122	284.1	41.4039	-78.0183
USC00368469	STEVENSONDAM	19970114	51	-67	-117	51	-67	-117	284.1	41.4039	-78.0183
USC00368469	STEVENSONDAM	19970115	51	-33	-156	51	-33	-156	284.1	41.4039	-78.0183
USC00368469	STEVENSONDAM	19970116	51	22	-156	51	22	-156	284.1	41.4039	-78.0183
USC00368469	STEVENSONDAM	19970117	51	-17	-172	51	-17	-172	284.1	41.4039	-78.0183
USC00368469	STEVENSONDAM	19970118	51	-144	-178	51	-144	-178	284.1	41.4039	-78.0183
USC00368469	STEVENSONDAM	19970119	51	-122	-244	51	-122	-244	284.1	41.4039	-78.0183
USC00368469	STEVENSONDAM	19970120	51	-61	-239	51	-61	-239	284.1	41.4039	-78.0183
USC00368469	STEVENSONDAM	19970121	51	0	-117	51	0	-117	284.1	41.4039	-78.0183
USC00368469	STEVENSONDAM	19970122	51	33	-122	51	33	-122	284.1	41.4039	-78.0183
USC00368469	STEVENSONDAM	19970123	25	44	-33	25	44	-33	284.1	41.4039	-78.0183
USC00368469	STEVENSONDAM	19970124	25	33	-78	25	33	-78	284.1	41.4039	-78.0183
USC00368469	STEVENSONDAM	19970125	127	33	-72	127	33	-72	284.1	41.4039	-78.0183
USC00368469	STEVENSONDAM	19970126	127	67	-72	127	67	-72	284.1	41.4039	-78.0183
USC00368469	STEVENSONDAM	19970127	102	-39	-106	102	-39	-106	284.1	41.4039	-78.0183
USC00368469	STEVENSONDAM	19970128	102	17	-106	102	17	-106	284.1	41.4039	-78.0183
USC00368469	STEVENSONDAM	19970129	102	-6	-133	102	-6	-133	284.1	41.4039	-78.0183
USC00368469	STEVENSONDAM	19970130	102	-33	-133	102	-33	-133	284.1	41.4039	-78.0183
USC00368469	STEVENSONDAM	19970131	102	-11	-122	102	-11	-122	284.1	41.4039	-78.0183
USC00368469	STEVENSONDAM	19980101	152	6	-156	152	6	-156	284.1	41.4039	-78.0183
USC00368469	STEVENSONDAM	19980102	127	39	-161	127	39	-161	284.1	41.4039	-78.0183
USC00368469	STEVENSONDAM	19980103	51	94	6	51	94	6	284.1	41.4039	-78.0183
USC00368469	STEVENSONDAM	19980104	0	94	6	0	94	6	284.1	41.4039	-78.0183
USC00368469	STEVENSONDAM	19980105	0	78	39	0	78	39	284.1	41.4039	-78.0183
USC00368469	STEVENSONDAM	19980106	0	111	33	0	111	33	284.1	41.4039	-78.0183
USC00368469	STEVENSONDAM	19980107	0	122	67	0	122	67	284.1	41.4039	-78.0183
USC00368469	STEVENSONDAM	19980108	0	194	67	0	194	67	284.1	41.4039	-78.0183
USC00368469	STEVENSONDAM	19980109	0	167	111	0	167	111	284.1	41.4039	-78.0183
USC00368469	STEVENSONDAM	19980110	0	128	22	0	128	22	284.1	41.4039	-78.0183
USC00368469	STEVENSONDAM	19980111	0	56	-17	0	56	-17	284.1	41.4039	-78.0183
USC00368469	STEVENSONDAM	19980112	0	56	-56	0	56	-56	284.1	41.4039	-78.0183
USC00368469	STEVENSONDAM	19980113	0	28	-56	0	28	-56	284.1	41.4039	-78.0183
USC00368469	STEVENSONDAM	19980114	0	50	-89	0	50	-89	284.1	41.4039	-78.0183
USC00368469	STEVENSONDAM	19980115	0	-22	-94	0	-22	-94	284.1	41.4039	-78.0183
USC00368469	STEVENSONDAM	19980116	0	6	-22	0	6	-22	284.1	41.4039	-78.0183
USC00368469	STEVENSONDAM	19980117	0	22	-11	0	22	-11	284.1	41.4039	-78.0183
USC00368469	STEVENSONDAM	19980118	0	11	-17	0	11	-17	284.1	41.4039	-78.0183
USC00368469	STEVENSONDAM	19980119	0	17	-50	0	17	-50	284.1	41.4039	-78.0183
USC00368469	STEVENSONDAM	19980120	9999	11	-44	NA	11	-44	284.1	41.4039	-78.0183
USC00368469	STEVENSONDAM	19980121	0	0	-50	0	0	-50	284.1	41.4039	-78.0183
USC00368469	STEVENSONDAM	19980122	0	-11	-56	0	-11	-56	284.1	41.4039	-78.0183
USC00368469	STEVENSONDAM	19980123	152	0	-39	152	0	-39	284.1	41.4039	-78.0183
USC00368469	STEVENSONDAM	19980124	102	22	-6	102	22	-6	284.1	41.4039	-78.0183
USC00368469	STEVENSONDAM	19980125	102	6	-22	102	6	-22	284.1	41.4039	-78.0183
USC00368469	STEVENSONDAM	19980126	102	-6	-44	102	-6	-44	284.1	41.4039	-78.0183
USC00368469	STEVENSONDAM	19980127	76	44	-50	76	44	-50	284.1	41.4039	-78.0183
USC00368469	STEVENSONDAM	19980128	76	22	-33	76	22	-33	284.1	41.4039	-78.0183
USC00368469	STEVENSONDAM	19980129	51	50	-22	51	50	-22	284.1	41.4039	-78.0183
USC00368469	STEVENSONDAM	19980130	25	72	-22	25	72	-22	284.1	41.4039	-78.0183
USC00368469	STEVENSONDAM	19980131	0	28	-11	0	28	-11	284.1	41.4039	-78.0183
USC00368469	STEVENSONDAM	19990101	0	-61	-106	0	-61	-106	284.1	41.4039	-78.0183
USC00368469	STEVENSONDAM	19990102	0	-56	-172	0	-56	-172	284.1	41.4039	-78.0183
USC00368469	STEVENSONDAM	19990103	102	-22	-161	102	-22	-161	284.1	41.4039	-78.0183
USC00368469	STEVENSONDAM	19990104	102	22	-100	102	22	-100	284.1	41.4039	-78.0183
USC00368469	STEVENSONDAM	19990105	102	-83	-161	102	-83	-161	284.1	41.4039	-78.0183
USC00368469	STEVENSONDAM	19990106	102	-72	-183	102	-72	-183	284.1	41.4039	-78.0183
USC00368469	STEVENSONDAM	19990107	152	-17	-161	152	-17	-161	284.1	41.4039	-78.0183
USC00368469	STEVENSONDAM	19990108	152	-50	-167	152	-50	-167	284.1	41.4039	-78.0183
USC00368469	STEVENSONDAM	19990109	178	6	-67	178	6	-67	284.1	41.4039	-78.0183
USC00368469	STEVENSONDAM	19990110	178	6	-133	178	6	-133	284.1	41.4039	-78.0183
USC00368469	STEVENSONDAM	19990111	178	-61	-128	178	-61	-128	284.1	41.4039	-78.0183
USC00368469	STEVENSONDAM	19990112	229	33	-122	229	33	-122	284.1	41.4039	-78.0183
USC00368469	STEVENSONDAM	19990113	127	50	6	127	50	6	284.1	41.4039	-78.0183
USC00368469	STEVENSONDAM	19990114	203	39	-128	203	39	-128	284.1	41.4039	-78.0183
USC00368469	STEVENSONDAM	19990115	381	-56	-128	381	-56	-128	284.1	41.4039	-78.0183
USC00368469	STEVENSONDAM	19990116	356	-17	-83	356	-17	-83	284.1	41.4039	-78.0183
USC00368469	STEVENSONDAM	19990117	305	72	-83	305	72	-83	284.1	41.4039	-78.0183
USC00368469	STEVENSONDAM	19990118	203	78	-56	203	78	-56	284.1	41.4039	-78.0183
USC00368469	STEVENSONDAM	19990119	152	67	0	152	67	0	284.1	41.4039	-78.0183
USC00368469	STEVENSONDAM	19990120	152	56	-28	152	56	-28	284.1	41.4039	-78.0183
USC00368469	STEVENSONDAM	19990121	152	83	-67	152	83	-67	284.1	41.4039	-78.0183
USC00368469	STEVENSONDAM	19990122	152	11	-44	152	11	-44	284.1	41.4039	-78.0183
USC00368469	STEVENSONDAM	19990123	152	67	-44	152	67	-44	284.1	41.4039	-78.0183
USC00368469	STEVENSONDAM	19990124	102	133	17	102	133	17	284.1	41.4039	-78.0183
USC00368469	STEVENSONDAM	19990125	51	83	0	51	83	0	284.1	41.4039	-78.0183
USC00368469	STEVENSONDAM	19990126	51	22	-17	51	22	-17	284.1	41.4039	-78.0183
USC00368469	STEVENSONDAM	19990127	51	39	-50	51	39	-50	284.1	41.4039	-78.0183
USC00368469	STEVENSONDAM	19990128	51	72	-50	51	72	-50	284.1	41.4039	-78.0183
USC00368469	STEVENSONDAM	19990129	51	78	-11	51	78	-11	284.1	41.4039	-78.0183
USC00368469	STEVENSONDAM	19990130	25	78	-50	25	78	-50	284.1	41.4039	-78.0183
USC00368469	STEVENSONDAM	19990131	25	22	-100	25	22	-100	284.1	41.4039	-78.0183
USC00368469	STEVENSONDAM	20000101	0	78	-72	0	78	-72	284.1	41.4039	-78.0183
USC00368469	STEVENSONDAM	20000102	0	83	-72	0	83	-72	284.1	41.4039	-78.0183
USC00368469	STEVENSONDAM	20000103	0	139	0	0	139	0	284.1	41.4039	-78.0183
USC00368469	STEVENSONDAM	20000104	0	150	100	0	150	100	284.1	41.4039	-78.0183
USC00368469	STEVENSONDAM	20000105	0	161	-22	0	161	-22	284.1	41.4039	-78.0183
USC00368469	STEVENSONDAM	20000106	0	0	-67	0	0	-67	284.1	41.4039	-78.0183
USC00368469	STEVENSONDAM	20000107	0	50	-50	0	50	-50	284.1	41.4039	-78.0183
USC00368469	STEVENSONDAM	20000108	0	39	-33	0	39	-33	284.1	41.4039	-78.0183
USC00368469	STEVENSONDAM	20000109	0	44	-44	0	44	-44	284.1	41.4039	-78.0183
USC00368469	STEVENSONDAM	20000110	0	89	-44	0	89	-44	284.1	41.4039	-78.0183
USC00368469	STEVENSONDAM	20000111	0	78	17	0	78	17	284.1	41.4039	-78.0183
USC00368469	STEVENSONDAM	20000112	0	78	6	0	78	6	284.1	41.4039	-78.0183
USC00368469	STEVENSONDAM	20000113	9999	56	-17	NA	56	-17	284.1	41.4039	-78.0183
USC00368469	STEVENSONDAM	20000114	9999	-6	-133	NA	-6	-133	284.1	41.4039	-78.0183
USC00368469	STEVENSONDAM	20000115	25	-56	-144	25	-56	-144	284.1	41.4039	-78.0183
USC00368469	STEVENSONDAM	20000116	25	-11	-111	25	-11	-111	284.1	41.4039	-78.0183
USC00368469	STEVENSONDAM	20000117	25	61	-161	25	61	-161	284.1	41.4039	-78.0183
USC00368469	STEVENSONDAM	20000118	25	-100	-167	25	-100	-167	284.1	41.4039	-78.0183
USC00368469	STEVENSONDAM	20000119	25	-72	-161	25	-72	-161	284.1	41.4039	-78.0183
USC00368469	STEVENSONDAM	20000120	76	-11	-94	76	-11	-94	284.1	41.4039	-78.0183
USC00368469	STEVENSONDAM	20000121	152	-11	-194	152	-11	-194	284.1	41.4039	-78.0183
USC00368469	STEVENSONDAM	20000122	127	-100	-200	127	-100	-200	284.1	41.4039	-78.0183
USC00368469	STEVENSONDAM	20000123	127	-61	-211	127	-61	-211	284.1	41.4039	-78.0183
USC00368469	STEVENSONDAM	20000124	127	-33	-94	127	-33	-94	284.1	41.4039	-78.0183
USC00368469	STEVENSONDAM	20000125	127	0	-117	127	0	-117	284.1	41.4039	-78.0183
USC00368469	STEVENSONDAM	20000126	127	-44	-94	127	-44	-94	284.1	41.4039	-78.0183
USC00368469	STEVENSONDAM	20000127	102	-28	-139	102	-28	-139	284.1	41.4039	-78.0183
USC00368469	STEVENSONDAM	20000128	102	-89	-150	102	-89	-150	284.1	41.4039	-78.0183
USC00368469	STEVENSONDAM	20000129	102	-33	-189	102	-33	-189	284.1	41.4039	-78.0183
USC00368469	STEVENSONDAM	20000130	102	0	-189	102	0	-189	284.1	41.4039	-78.0183
USC00368469	STEVENSONDAM	20000131	178	-11	-94	178	-11	-94	284.1	41.4039	-78.0183
USC00368469	STEVENSONDAM	20010101	51	-39	-72	51	-39	-72	284.1	41.4039	-78.0183
USC00368469	STEVENSONDAM	20010102	51	0	-106	51	0	-106	284.1	41.4039	-78.0183
USC00368469	STEVENSONDAM	20010103	51	-28	-100	51	-28	-100	284.1	41.4039	-78.0183
USC00368469	STEVENSONDAM	20010104	76	-22	-72	76	-22	-72	284.1	41.4039	-78.0183
USC00368469	STEVENSONDAM	20010105	76	-11	-72	76	-11	-72	284.1	41.4039	-78.0183
USC00368469	STEVENSONDAM	20010106	127	0	-44	127	0	-44	284.1	41.4039	-78.0183
USC00368469	STEVENSONDAM	20010107	102	-11	-72	102	-11	-72	284.1	41.4039	-78.0183
USC00368469	STEVENSONDAM	20010108	102	28	-44	102	28	-44	284.1	41.4039	-78.0183
USC00368469	STEVENSONDAM	20010109	102	11	-106	102	11	-106	284.1	41.4039	-78.0183
USC00368469	STEVENSONDAM	20010110	102	-44	-122	102	-44	-122	284.1	41.4039	-78.0183
USC00368469	STEVENSONDAM	20010111	76	22	-117	76	22	-117	284.1	41.4039	-78.0183
USC00368469	STEVENSONDAM	20010112	76	56	-106	76	56	-106	284.1	41.4039	-78.0183
USC00368469	STEVENSONDAM	20010113	76	56	-106	76	56	-106	284.1	41.4039	-78.0183
USC00368469	STEVENSONDAM	20010114	51	28	-100	51	28	-100	284.1	41.4039	-78.0183
USC00368469	STEVENSONDAM	20010115	51	22	-61	51	22	-61	284.1	41.4039	-78.0183
USC00368469	STEVENSONDAM	20010116	51	39	0	51	39	0	284.1	41.4039	-78.0183
USC00368469	STEVENSONDAM	20010117	51	22	6	51	22	6	284.1	41.4039	-78.0183
USC00368469	STEVENSONDAM	20010118	51	22	-17	51	22	-17	284.1	41.4039	-78.0183
USC00368469	STEVENSONDAM	20010119	51	39	-11	51	39	-11	284.1	41.4039	-78.0183
USC00368469	STEVENSONDAM	20010120	51	39	-22	51	39	-22	284.1	41.4039	-78.0183
USC00368469	STEVENSONDAM	20010121	76	39	-100	76	39	-100	284.1	41.4039	-78.0183
USC00368469	STEVENSONDAM	20010122	9999	-17	-111	NA	-17	-111	284.1	41.4039	-78.0183
USC00368469	STEVENSONDAM	20010123	51	-22	-133	51	-22	-133	284.1	41.4039	-78.0183
USC00368469	STEVENSONDAM	20010124	76	78	-139	76	78	-139	284.1	41.4039	-78.0183
USC00368469	STEVENSONDAM	20010125	51	44	-122	51	44	-122	284.1	41.4039	-78.0183
USC00368469	STEVENSONDAM	20010126	51	-6	-94	51	-6	-94	284.1	41.4039	-78.0183
USC00368469	STEVENSONDAM	20010127	51	11	-94	51	11	-94	284.1	41.4039	-78.0183
USC00368469	STEVENSONDAM	20010128	51	11	-83	51	11	-83	284.1	41.4039	-78.0183
USC00368469	STEVENSONDAM	20010129	51	-11	-106	51	-11	-106	284.1	41.4039	-78.0183
USC00368469	STEVENSONDAM	20010130	51	17	-111	51	17	-111	284.1	41.4039	-78.0183
USC00368469	STEVENSONDAM	20010131	51	44	-6	51	44	-6	284.1	41.4039	-78.0183
USC00368469	STEVENSONDAM	20020101	0	-50	-111	0	-50	-111	284.1	41.4039	-78.0183
USC00368469	STEVENSONDAM	20020102	0	-28	-111	0	-28	-111	284.1	41.4039	-78.0183
USC00368469	STEVENSONDAM	20020103	0	-11	-111	0	-11	-111	284.1	41.4039	-78.0183
USC00368469	STEVENSONDAM	20020104	0	22	-111	0	22	-111	284.1	41.4039	-78.0183
USC00368469	STEVENSONDAM	20020105	0	11	-33	0	11	-33	284.1	41.4039	-78.0183
USC00368469	STEVENSONDAM	20020106	0	50	-33	0	50	-33	284.1	41.4039	-78.0183
USC00368469	STEVENSONDAM	20020107	152	6	-17	152	6	-17	284.1	41.4039	-78.0183
USC00368469	STEVENSONDAM	20020108	152	11	-61	152	11	-61	284.1	41.4039	-78.0183
USC00368469	STEVENSONDAM	20020109	152	-6	-78	152	-6	-78	284.1	41.4039	-78.0183
USC00368469	STEVENSONDAM	20020110	76	67	-22	76	67	-22	284.1	41.4039	-78.0183
USC00368469	STEVENSONDAM	20020111	0	106	-17	0	106	-17	284.1	41.4039	-78.0183
USC00368469	STEVENSONDAM	20020112	0	39	0	0	39	0	284.1	41.4039	-78.0183
USC00368469	STEVENSONDAM	20020113	0	67	-28	0	67	-28	284.1	41.4039	-78.0183
USC00368469	STEVENSONDAM	20020114	0	22	-50	0	22	-50	284.1	41.4039	-78.0183
USC00368469	STEVENSONDAM	20020115	0	61	-50	0	61	-50	284.1	41.4039	-78.0183
USC00368469	STEVENSONDAM	20020116	0	56	-50	0	56	-50	284.1	41.4039	-78.0183
USC00368469	STEVENSONDAM	20020117	25	56	-50	25	56	-50	284.1	41.4039	-78.0183
USC00368469	STEVENSONDAM	20020118	0	28	-39	0	28	-39	284.1	41.4039	-78.0183
USC00368469	STEVENSONDAM	20020119	0	0	-78	0	0	-78	284.1	41.4039	-78.0183
USC00368469	STEVENSONDAM	20020120	76	-28	-122	76	-28	-122	284.1	41.4039	-78.0183
USC00368469	STEVENSONDAM	20020121	76	0	-122	76	0	-122	284.1	41.4039	-78.0183
USC00368469	STEVENSONDAM	20020122	51	28	-56	51	28	-56	284.1	41.4039	-78.0183
USC00368469	STEVENSONDAM	20020123	25	83	-56	25	83	-56	284.1	41.4039	-78.0183
USC00368469	STEVENSONDAM	20020124	0	78	-44	0	78	-44	284.1	41.4039	-78.0183
USC00368469	STEVENSONDAM	20020125	0	78	-17	0	78	-17	284.1	41.4039	-78.0183
USC00368469	STEVENSONDAM	20020126	0	78	-39	0	78	-39	284.1	41.4039	-78.0183
USC00368469	STEVENSONDAM	20020127	0	117	-56	0	117	-56	284.1	41.4039	-78.0183
USC00368469	STEVENSONDAM	20020128	0	167	-56	0	167	-56	284.1	41.4039	-78.0183
USC00368469	STEVENSONDAM	20020129	0	150	-44	0	150	-44	284.1	41.4039	-78.0183
USC00368469	STEVENSONDAM	20020130	0	172	-44	0	172	-44	284.1	41.4039	-78.0183
USC00368469	STEVENSONDAM	20020131	0	100	6	0	100	6	284.1	41.4039	-78.0183
USC00368469	STEVENSONDAM	20030101	9999	78	6	NA	78	6	284.1	41.4039	-78.0183
USC00368469	STEVENSONDAM	20030102	25	78	-33	25	78	-33	284.1	41.4039	-78.0183
USC00368469	STEVENSONDAM	20030103	76	-6	-39	76	-6	-39	284.1	41.4039	-78.0183
USC00368469	STEVENSONDAM	20030104	152	-11	-39	152	-11	-39	284.1	41.4039	-78.0183
USC00368469	STEVENSONDAM	20030105	152	-6	-67	152	-6	-67	284.1	41.4039	-78.0183
USC00368469	STEVENSONDAM	20030106	152	-17	-50	152	-17	-50	284.1	41.4039	-78.0183
USC00368469	STEVENSONDAM	20030107	178	-11	-100	178	-11	-100	284.1	41.4039	-78.0183
USC00368469	STEVENSONDAM	20030108	102	17	-100	102	17	-100	284.1	41.4039	-78.0183
USC00368469	STEVENSONDAM	20030109	51	61	6	51	61	6	284.1	41.4039	-78.0183
USC00368469	STEVENSONDAM	20030110	0	78	-17	0	78	-17	284.1	41.4039	-78.0183
USC00368469	STEVENSONDAM	20030111	25	83	-83	25	83	-83	284.1	41.4039	-78.0183
USC00368469	STEVENSONDAM	20030112	25	-50	-78	25	-50	-78	284.1	41.4039	-78.0183
USC00368469	STEVENSONDAM	20030113	25	-39	-111	25	-39	-111	284.1	41.4039	-78.0183
USC00368469	STEVENSONDAM	20030114	25	-11	-106	25	-11	-106	284.1	41.4039	-78.0183
USC00368469	STEVENSONDAM	20030115	25	-50	-94	25	-50	-94	284.1	41.4039	-78.0183
USC00368469	STEVENSONDAM	20030116	25	-61	-117	25	-61	-117	284.1	41.4039	-78.0183
USC00368469	STEVENSONDAM	20030117	51	-67	-133	51	-67	-133	284.1	41.4039	-78.0183
USC00368469	STEVENSONDAM	20030118	51	-44	-183	51	-44	-183	284.1	41.4039	-78.0183
USC00368469	STEVENSONDAM	20030119	51	-44	-178	51	-44	-178	284.1	41.4039	-78.0183
USC00368469	STEVENSONDAM	20030120	76	-44	-139	76	-44	-139	284.1	41.4039	-78.0183
USC00368469	STEVENSONDAM	20030121	51	-44	-167	51	-44	-167	284.1	41.4039	-78.0183
USC00368469	STEVENSONDAM	20030122	51	-72	-172	51	-72	-172	284.1	41.4039	-78.0183
USC00368469	STEVENSONDAM	20030123	51	-83	-178	51	-83	-178	284.1	41.4039	-78.0183
USC00368469	STEVENSONDAM	20030124	51	-106	-167	51	-106	-167	284.1	41.4039	-78.0183
USC00368469	STEVENSONDAM	20030125	51	-44	-178	51	-44	-178	284.1	41.4039	-78.0183
USC00368469	STEVENSONDAM	20030126	51	-39	-106	51	-39	-106	284.1	41.4039	-78.0183
USC00368469	STEVENSONDAM	20030127	51	-28	-194	51	-28	-194	284.1	41.4039	-78.0183
USC00368469	STEVENSONDAM	20030128	51	-83	-200	51	-83	-200	284.1	41.4039	-78.0183
USC00368469	STEVENSONDAM	20030129	76	-33	-122	76	-33	-122	284.1	41.4039	-78.0183
USC00368469	STEVENSONDAM	20030130	76	28	-139	76	28	-139	284.1	41.4039	-78.0183
USC00368469	STEVENSONDAM	20030131	51	17	-150	51	17	-150	284.1	41.4039	-78.0183
USC00368469	STEVENSONDAM	20040101	0	100	-44	0	100	-44	284.1	41.4039	-78.0183
USC00368469	STEVENSONDAM	20040102	0	72	-33	0	72	-33	284.1	41.4039	-78.0183
USC00368469	STEVENSONDAM	20040103	0	56	0	0	56	0	284.1	41.4039	-78.0183
USC00368469	STEVENSONDAM	20040104	0	106	56	0	106	56	284.1	41.4039	-78.0183
USC00368469	STEVENSONDAM	20040105	0	50	0	0	50	0	284.1	41.4039	-78.0183
USC00368469	STEVENSONDAM	20040106	0	33	-33	0	33	-33	284.1	41.4039	-78.0183
USC00368469	STEVENSONDAM	20040107	0	-28	-117	0	-28	-117	284.1	41.4039	-78.0183
USC00368469	STEVENSONDAM	20040108	25	-72	-111	25	-72	-111	284.1	41.4039	-78.0183
USC00368469	STEVENSONDAM	20040109	51	-33	-100	51	-33	-100	284.1	41.4039	-78.0183
USC00368469	STEVENSONDAM	20040110	0	-83	-194	0	-83	-194	284.1	41.4039	-78.0183
USC00368469	STEVENSONDAM	20040111	0	-67	-194	0	-67	-194	284.1	41.4039	-78.0183
USC00368469	STEVENSONDAM	20040112	25	22	-139	25	22	-139	284.1	41.4039	-78.0183
USC00368469	STEVENSONDAM	20040113	0	33	0	0	33	0	284.1	41.4039	-78.0183
USC00368469	STEVENSONDAM	20040114	0	11	-133	0	11	-133	284.1	41.4039	-78.0183
USC00368469	STEVENSONDAM	20040115	152	-94	-172	152	-94	-172	284.1	41.4039	-78.0183
USC00368469	STEVENSONDAM	20040116	152	-94	-189	152	-94	-189	284.1	41.4039	-78.0183
USC00368469	STEVENSONDAM	20040117	152	-67	-183	152	-67	-183	284.1	41.4039	-78.0183
USC00368469	STEVENSONDAM	20040118	127	-44	-183	127	-44	-183	284.1	41.4039	-78.0183
USC00368469	STEVENSONDAM	20040119	127	0	-89	127	0	-89	284.1	41.4039	-78.0183
USC00368469	STEVENSONDAM	20040120	127	-56	-78	127	-56	-78	284.1	41.4039	-78.0183
USC00368469	STEVENSONDAM	20040121	127	-50	-94	127	-50	-94	284.1	41.4039	-78.0183
USC00368469	STEVENSONDAM	20040122	127	-22	-111	127	-22	-111	284.1	41.4039	-78.0183
USC00368469	STEVENSONDAM	20040123	127	-6	-161	127	-6	-161	284.1	41.4039	-78.0183
USC00368469	STEVENSONDAM	20040124	152	-106	-167	152	-106	-167	284.1	41.4039	-78.0183
USC00368469	STEVENSONDAM	20040125	152	-72	-239	152	-72	-239	284.1	41.4039	-78.0183
USC00368469	STEVENSONDAM	20040126	178	-83	-228	178	-83	-228	284.1	41.4039	-78.0183
USC00368469	STEVENSONDAM	20040127	203	-72	-111	203	-72	-111	284.1	41.4039	-78.0183
USC00368469	STEVENSONDAM	20040128	305	-44	-72	305	-44	-72	284.1	41.4039	-78.0183
USC00368469	STEVENSONDAM	20040129	279	-56	-106	279	-56	-106	284.1	41.4039	-78.0183
USC00368469	STEVENSONDAM	20040130	279	-67	-156	279	-67	-156	284.1	41.4039	-78.0183
USC00368469	STEVENSONDAM	20040131	279	-83	-128	279	-83	-128	284.1	41.4039	-78.0183
USC00368469	STEVENSONDAM	20050101	0	133	33	0	133	33	284.1	41.4039	-78.0183
USC00368469	STEVENSONDAM	20050102	0	106	-22	0	106	-22	284.1	41.4039	-78.0183
USC00368469	STEVENSONDAM	20050103	0	72	6	0	72	6	284.1	41.4039	-78.0183
USC00368469	STEVENSONDAM	20050104	0	72	39	0	72	39	284.1	41.4039	-78.0183
USC00368469	STEVENSONDAM	20050105	0	83	6	0	83	6	284.1	41.4039	-78.0183
USC00368469	STEVENSONDAM	20050106	102	11	-28	102	11	-28	284.1	41.4039	-78.0183
USC00368469	STEVENSONDAM	20050107	76	39	-11	76	39	-11	284.1	41.4039	-78.0183
USC00368469	STEVENSONDAM	20050108	76	11	-22	76	11	-22	284.1	41.4039	-78.0183
USC00368469	STEVENSONDAM	20050109	51	33	0	51	33	0	284.1	41.4039	-78.0183
USC00368469	STEVENSONDAM	20050110	0	28	-6	0	28	-6	284.1	41.4039	-78.0183
USC00368469	STEVENSONDAM	20050111	0	44	-17	0	44	-17	284.1	41.4039	-78.0183
USC00368469	STEVENSONDAM	20050112	76	11	-6	76	11	-6	284.1	41.4039	-78.0183
USC00368469	STEVENSONDAM	20050113	25	28	-6	25	28	-6	284.1	41.4039	-78.0183
USC00368469	STEVENSONDAM	20050114	0	172	17	0	172	17	284.1	41.4039	-78.0183
USC00368469	STEVENSONDAM	20050115	0	28	-78	0	28	-78	284.1	41.4039	-78.0183
USC00368469	STEVENSONDAM	20050116	0	-28	-78	0	-28	-78	284.1	41.4039	-78.0183
USC00368469	STEVENSONDAM	20050117	51	-28	-111	51	-28	-111	284.1	41.4039	-78.0183
USC00368469	STEVENSONDAM	20050118	51	-78	-144	51	-78	-144	284.1	41.4039	-78.0183
USC00368469	STEVENSONDAM	20050119	51	-83	-150	51	-83	-150	284.1	41.4039	-78.0183
USC00368469	STEVENSONDAM	20050120	127	-28	-89	127	-28	-89	284.1	41.4039	-78.0183
USC00368469	STEVENSONDAM	20050121	127	-28	-178	127	-28	-178	284.1	41.4039	-78.0183
USC00368469	STEVENSONDAM	20050122	127	-67	-183	127	-67	-183	284.1	41.4039	-78.0183
USC00368469	STEVENSONDAM	20050123	203	-94	-150	203	-94	-150	284.1	41.4039	-78.0183
USC00368469	STEVENSONDAM	20050124	178	-89	-217	178	-89	-217	284.1	41.4039	-78.0183
USC00368469	STEVENSONDAM	20050125	178	-44	-217	178	-44	-217	284.1	41.4039	-78.0183
USC00368469	STEVENSONDAM	20050126	152	-17	-50	152	-17	-50	284.1	41.4039	-78.0183
USC00368469	STEVENSONDAM	20050127	152	0	-172	152	0	-172	284.1	41.4039	-78.0183
USC00368469	STEVENSONDAM	20050128	152	-61	-217	152	-61	-217	284.1	41.4039	-78.0183
USC00368469	STEVENSONDAM	20050129	127	-28	-222	127	-28	-222	284.1	41.4039	-78.0183
USC00368469	STEVENSONDAM	20050130	127	11	-172	127	11	-172	284.1	41.4039	-78.0183
USC00368469	STEVENSONDAM	20050131	127	56	-128	127	56	-128	284.1	41.4039	-78.0183
