STATION	NAME	DATE	SNWD	TMAX	TMIN	SNWD2	TMAX2	TMIN2	ELEV	LAT	LONG
USC00288644	SUSSEX	19960101	76	56	-83	76	56	-83	125	41.21667	-74.6
USC00288644	SUSSEX	19960102	76	28	-28	76	28	-28	125	41.21667	-74.6
USC00288644	SUSSEX	19960103	178	-28	-106	178	-28	-106	125	41.21667	-74.6
USC00288644	SUSSEX	19960104	178	-67	-139	178	-67	-139	125	41.21667	-74.6
USC00288644	SUSSEX	19960105	178	-61	-200	178	-61	-200	125	41.21667	-74.6
USC00288644	SUSSEX	19960106	178	-44	-194	178	-44	-194	125	41.21667	-74.6
USC00288644	SUSSEX	19960107	178	-94	-200	178	-94	-200	125	41.21667	-74.6
USC00288644	SUSSEX	19960108	813	-72	-194	813	-72	-194	125	41.21667	-74.6
USC00288644	SUSSEX	19960109	787	-17	-161	787	-17	-161	125	41.21667	-74.6
USC00288644	SUSSEX	19960110	762	-44	-172	762	-44	-172	125	41.21667	-74.6
USC00288644	SUSSEX	19960111	711	-28	-161	711	-28	-161	125	41.21667	-74.6
USC00288644	SUSSEX	19960112	635	-67	-161	635	-67	-161	125	41.21667	-74.6
USC00288644	SUSSEX	19960113	508	-67	-172	508	-67	-172	125	41.21667	-74.6
USC00288644	SUSSEX	19960114	610	0	-78	610	0	-78	125	41.21667	-74.6
USC00288644	SUSSEX	19960115	584	44	-83	584	44	-83	125	41.21667	-74.6
USC00288644	SUSSEX	19960116	559	33	-178	559	33	-178	125	41.21667	-74.6
USC00288644	SUSSEX	19960117	508	-28	-178	508	-28	-178	125	41.21667	-74.6
USC00288644	SUSSEX	19960118	356	50	-44	356	50	-44	125	41.21667	-74.6
USC00288644	SUSSEX	19960119	127	128	-50	127	128	-50	125	41.21667	-74.6
USC00288644	SUSSEX	19960120	76	139	-94	76	139	-94	125	41.21667	-74.6
USC00288644	SUSSEX	19960121	76	-11	-111	76	-11	-111	125	41.21667	-74.6
USC00288644	SUSSEX	19960122	76	-11	-117	76	-11	-117	125	41.21667	-74.6
USC00288644	SUSSEX	19960123	51	33	-94	51	33	-94	125	41.21667	-74.6
USC00288644	SUSSEX	19960124	51	33	-100	51	33	-100	125	41.21667	-74.6
USC00288644	SUSSEX	19960125	51	100	-44	51	100	-44	125	41.21667	-74.6
USC00288644	SUSSEX	19960126	25	106	-111	25	106	-111	125	41.21667	-74.6
USC00288644	SUSSEX	19960127	25	56	-78	25	56	-78	125	41.21667	-74.6
USC00288644	SUSSEX	19960128	0	128	-33	0	128	-33	125	41.21667	-74.6
USC00288644	SUSSEX	19960129	0	128	-89	0	128	-89	125	41.21667	-74.6
USC00288644	SUSSEX	19960130	0	-44	-83	0	-44	-83	125	41.21667	-74.6
USC00288644	SUSSEX	19960131	127	39	-83	127	39	-83	125	41.21667	-74.6
USC00288644	SUSSEX	19970101	0	-39	-167	0	-39	-167	125	41.21667	-74.6
USC00288644	SUSSEX	19970102	0	-33	-167	0	-33	-167	125	41.21667	-74.6
USC00288644	SUSSEX	19970103	0	50	-33	0	50	-33	125	41.21667	-74.6
USC00288644	SUSSEX	19970104	0	139	-33	0	139	-33	125	41.21667	-74.6
USC00288644	SUSSEX	19970105	0	106	-33	0	106	-33	125	41.21667	-74.6
USC00288644	SUSSEX	19970106	0	106	28	0	106	28	125	41.21667	-74.6
USC00288644	SUSSEX	19970107	0	50	-28	0	50	-28	125	41.21667	-74.6
USC00288644	SUSSEX	19970108	0	0	-56	0	0	-56	125	41.21667	-74.6
USC00288644	SUSSEX	19970109	0	0	-78	0	0	-78	125	41.21667	-74.6
USC00288644	SUSSEX	19970110	76	0	-78	76	0	-78	125	41.21667	-74.6
USC00288644	SUSSEX	19970111	51	28	-67	51	28	-67	125	41.21667	-74.6
USC00288644	SUSSEX	19970112	25	-22	-106	25	-22	-106	125	41.21667	-74.6
USC00288644	SUSSEX	19970113	25	-33	-106	25	-33	-106	125	41.21667	-74.6
USC00288644	SUSSEX	19970114	25	-6	-94	25	-6	-94	125	41.21667	-74.6
USC00288644	SUSSEX	19970115	25	-11	-128	25	-11	-128	125	41.21667	-74.6
USC00288644	SUSSEX	19970116	0	17	-111	0	17	-111	125	41.21667	-74.6
USC00288644	SUSSEX	19970117	0	56	-128	0	56	-128	125	41.21667	-74.6
USC00288644	SUSSEX	19970118	0	-106	-161	0	-106	-161	125	41.21667	-74.6
USC00288644	SUSSEX	19970119	0	-100	-178	0	-100	-178	125	41.21667	-74.6
USC00288644	SUSSEX	19970120	0	-72	-161	0	-72	-161	125	41.21667	-74.6
USC00288644	SUSSEX	19970121	0	-11	-161	0	-11	-161	125	41.21667	-74.6
USC00288644	SUSSEX	19970122	0	28	-83	0	28	-83	125	41.21667	-74.6
USC00288644	SUSSEX	19970123	0	22	-22	0	22	-22	125	41.21667	-74.6
USC00288644	SUSSEX	19970124	0	67	22	0	67	22	125	41.21667	-74.6
USC00288644	SUSSEX	19970125	0	78	-106	0	78	-106	125	41.21667	-74.6
USC00288644	SUSSEX	19970126	0	61	-44	0	61	-44	125	41.21667	-74.6
USC00288644	SUSSEX	19970127	0	-6	-100	0	-6	-100	125	41.21667	-74.6
USC00288644	SUSSEX	19970128	9999	28	-100	NA	28	-100	125	41.21667	-74.6
USC00288644	SUSSEX	19970129	9999	39	-89	NA	39	-89	125	41.21667	-74.6
USC00288644	SUSSEX	19970130	0	-33	-117	0	-33	-117	125	41.21667	-74.6
USC00288644	SUSSEX	19970131	0	-33	-117	0	-33	-117	125	41.21667	-74.6
USC00288644	SUSSEX	19980101	102	11	-167	102	11	-167	125	41.21667	-74.6
USC00288644	SUSSEX	19980102	76	-11	-78	76	-11	-78	125	41.21667	-74.6
USC00288644	SUSSEX	19980103	51	78	39	51	78	39	125	41.21667	-74.6
USC00288644	SUSSEX	19980104	9999	100	22	NA	100	22	125	41.21667	-74.6
USC00288644	SUSSEX	19980105	0	139	17	0	139	17	125	41.21667	-74.6
USC00288644	SUSSEX	19980106	0	83	28	0	83	28	125	41.21667	-74.6
USC00288644	SUSSEX	19980107	0	111	128	0	111	128	125	41.21667	-74.6
USC00288644	SUSSEX	19980108	0	117	44	0	117	44	125	41.21667	-74.6
USC00288644	SUSSEX	19980109	0	189	67	0	189	67	125	41.21667	-74.6
USC00288644	SUSSEX	19980110	0	189	-11	0	189	-11	125	41.21667	-74.6
USC00288644	SUSSEX	19980111	0	83	-28	0	83	-28	125	41.21667	-74.6
USC00288644	SUSSEX	19980112	0	94	-56	0	94	-56	125	41.21667	-74.6
USC00288644	SUSSEX	19980113	0	94	-67	0	94	-67	125	41.21667	-74.6
USC00288644	SUSSEX	19980114	0	94	-72	0	94	-72	125	41.21667	-74.6
USC00288644	SUSSEX	19980115	0	-11	-83	0	-11	-83	125	41.21667	-74.6
USC00288644	SUSSEX	19980116	0	0	-83	0	0	-83	125	41.21667	-74.6
USC00288644	SUSSEX	19980117	0	0	-28	0	0	-28	125	41.21667	-74.6
USC00288644	SUSSEX	19980118	25	0	-33	25	0	-33	125	41.21667	-74.6
USC00288644	SUSSEX	19980119	25	0	-33	25	0	-33	125	41.21667	-74.6
USC00288644	SUSSEX	19980120	25	11	-72	25	11	-72	125	41.21667	-74.6
USC00288644	SUSSEX	19980121	25	17	-44	25	17	-44	125	41.21667	-74.6
USC00288644	SUSSEX	19980122	0	11	-56	0	11	-56	125	41.21667	-74.6
USC00288644	SUSSEX	19980123	25	-6	-61	25	-6	-61	125	41.21667	-74.6
USC00288644	SUSSEX	19980124	25	11	-39	25	11	-39	125	41.21667	-74.6
USC00288644	SUSSEX	19980125	51	39	-6	51	39	-6	125	41.21667	-74.6
USC00288644	SUSSEX	19980126	0	22	-61	0	22	-61	125	41.21667	-74.6
USC00288644	SUSSEX	19980127	0	39	-67	0	39	-67	125	41.21667	-74.6
USC00288644	SUSSEX	19980128	0	-11	-67	0	-11	-67	125	41.21667	-74.6
USC00288644	SUSSEX	19980129	0	6	-72	0	6	-72	125	41.21667	-74.6
USC00288644	SUSSEX	19980130	0	106	11	0	106	11	125	41.21667	-74.6
USC00288644	SUSSEX	19980131	0	106	-44	0	106	-44	125	41.21667	-74.6
USC00288644	SUSSEX	19990101	25	-50	-128	25	-50	-128	184.4	41.23222	-74.61222
USC00288644	SUSSEX	19990102	25	-33	-172	25	-33	-172	184.4	41.23222	-74.61222
USC00288644	SUSSEX	19990103	25	-33	-172	25	-33	-172	184.4	41.23222	-74.61222
USC00288644	SUSSEX	19990104	25	33	-72	25	33	-72	184.4	41.23222	-74.61222
USC00288644	SUSSEX	19990105	25	-22	-122	25	-22	-122	184.4	41.23222	-74.61222
USC00288644	SUSSEX	19990106	25	-22	-156	25	-22	-156	184.4	41.23222	-74.61222
USC00288644	SUSSEX	19990107	25	-22	-156	25	-22	-156	184.4	41.23222	-74.61222
USC00288644	SUSSEX	19990108	25	-11	-139	25	-11	-139	184.4	41.23222	-74.61222
USC00288644	SUSSEX	19990109	76	0	-128	76	0	-128	184.4	41.23222	-74.61222
USC00288644	SUSSEX	19990110	51	28	-106	51	28	-106	184.4	41.23222	-74.61222
USC00288644	SUSSEX	19990111	51	-17	-111	51	-17	-111	184.4	41.23222	-74.61222
USC00288644	SUSSEX	19990112	51	-39	-111	51	-39	-111	184.4	41.23222	-74.61222
USC00288644	SUSSEX	19990113	51	56	-111	51	56	-111	184.4	41.23222	-74.61222
USC00288644	SUSSEX	19990114	102	50	-167	102	50	-167	184.4	41.23222	-74.61222
USC00288644	SUSSEX	19990115	127	-72	-178	127	-72	-178	184.4	41.23222	-74.61222
USC00288644	SUSSEX	19990116	127	6	-106	127	6	-106	184.4	41.23222	-74.61222
USC00288644	SUSSEX	19990117	127	44	-89	127	44	-89	184.4	41.23222	-74.61222
USC00288644	SUSSEX	19990118	102	106	-39	102	106	-39	184.4	41.23222	-74.61222
USC00288644	SUSSEX	19990119	76	122	0	76	122	0	184.4	41.23222	-74.61222
USC00288644	SUSSEX	19990120	51	83	-28	51	83	-28	184.4	41.23222	-74.61222
USC00288644	SUSSEX	19990121	51	78	-72	51	78	-72	184.4	41.23222	-74.61222
USC00288644	SUSSEX	19990122	51	78	-72	51	78	-72	184.4	41.23222	-74.61222
USC00288644	SUSSEX	19990123	51	22	17	51	22	17	184.4	41.23222	-74.61222
USC00288644	SUSSEX	19990124	0	150	17	0	150	17	184.4	41.23222	-74.61222
USC00288644	SUSSEX	19990125	0	122	17	0	122	17	184.4	41.23222	-74.61222
USC00288644	SUSSEX	19990126	25	28	-67	25	28	-67	184.4	41.23222	-74.61222
USC00288644	SUSSEX	19990127	9999	50	-72	NA	50	-72	184.4	41.23222	-74.61222
USC00288644	SUSSEX	19990128	9999	50	-72	NA	50	-72	184.4	41.23222	-74.61222
USC00288644	SUSSEX	19990129	0	61	-6	0	61	-6	184.4	41.23222	-74.61222
USC00288644	SUSSEX	19990130	0	61	-83	0	61	-83	184.4	41.23222	-74.61222
USC00288644	SUSSEX	19990131	0	44	-128	0	44	-128	184.4	41.23222	-74.61222
USC00288644	SUSSEX	20000101	0	39	-83	0	39	-83	184.4	41.23222	-74.61222
USC00288644	SUSSEX	20000102	0	83	-56	0	83	-56	184.4	41.23222	-74.61222
USC00288644	SUSSEX	20000103	0	111	-11	0	111	-11	184.4	41.23222	-74.61222
USC00288644	SUSSEX	20000104	0	167	78	0	167	78	184.4	41.23222	-74.61222
USC00288644	SUSSEX	20000105	0	178	6	0	178	6	184.4	41.23222	-74.61222
USC00288644	SUSSEX	20000106	0	22	-106	0	22	-106	184.4	41.23222	-74.61222
USC00288644	SUSSEX	20000107	0	56	-106	0	56	-106	184.4	41.23222	-74.61222
USC00288644	SUSSEX	20000108	0	94	-56	0	94	-56	184.4	41.23222	-74.61222
USC00288644	SUSSEX	20000109	0	39	-67	0	39	-67	184.4	41.23222	-74.61222
USC00288644	SUSSEX	20000110	0	122	0	0	122	0	184.4	41.23222	-74.61222
USC00288644	SUSSEX	20000111	0	83	6	0	83	6	184.4	41.23222	-74.61222
USC00288644	SUSSEX	20000112	0	106	-6	0	106	-6	184.4	41.23222	-74.61222
USC00288644	SUSSEX	20000113	0	83	-28	0	83	-28	184.4	41.23222	-74.61222
USC00288644	SUSSEX	20000114	76	-6	-133	76	-6	-133	184.4	41.23222	-74.61222
USC00288644	SUSSEX	20000115	51	-61	-133	51	-61	-133	184.4	41.23222	-74.61222
USC00288644	SUSSEX	20000116	51	-6	-144	51	-6	-144	184.4	41.23222	-74.61222
USC00288644	SUSSEX	20000117	51	50	-156	51	50	-156	184.4	41.23222	-74.61222
USC00288644	SUSSEX	20000118	25	-67	-183	25	-67	-183	184.4	41.23222	-74.61222
USC00288644	SUSSEX	20000119	25	-72	-189	25	-72	-189	184.4	41.23222	-74.61222
USC00288644	SUSSEX	20000120	25	-17	-144	25	-17	-144	184.4	41.23222	-74.61222
USC00288644	SUSSEX	20000121	76	-50	-122	76	-50	-122	184.4	41.23222	-74.61222
USC00288644	SUSSEX	20000122	76	-89	-172	76	-89	-172	184.4	41.23222	-74.61222
USC00288644	SUSSEX	20000123	76	-67	-172	76	-67	-172	184.4	41.23222	-74.61222
USC00288644	SUSSEX	20000124	76	-50	-128	76	-50	-128	184.4	41.23222	-74.61222
USC00288644	SUSSEX	20000125	51	33	-61	51	33	-61	184.4	41.23222	-74.61222
USC00288644	SUSSEX	20000126	330	-17	-78	330	-17	-78	184.4	41.23222	-74.61222
USC00288644	SUSSEX	20000127	305	-11	-128	305	-11	-128	184.4	41.23222	-74.61222
USC00288644	SUSSEX	20000128	279	-72	-161	279	-72	-161	184.4	41.23222	-74.61222
USC00288644	SUSSEX	20000129	279	-50	-161	279	-50	-161	184.4	41.23222	-74.61222
USC00288644	SUSSEX	20000130	229	39	-217	229	39	-217	184.4	41.23222	-74.61222
USC00288644	SUSSEX	20000131	406	-11	-217	406	-11	-217	184.4	41.23222	-74.61222
USC00288644	SUSSEX	20010101	381	6	-189	381	6	-189	184.4	41.23222	-74.61222
USC00288644	SUSSEX	20010102	330	-33	-211	330	-33	-211	184.4	41.23222	-74.61222
USC00288644	SUSSEX	20010103	305	6	-206	305	6	-206	184.4	41.23222	-74.61222
USC00288644	SUSSEX	20010104	279	6	-161	279	6	-161	184.4	41.23222	-74.61222
USC00288644	SUSSEX	20010105	279	-22	-156	279	-22	-156	184.4	41.23222	-74.61222
USC00288644	SUSSEX	20010106	254	44	-106	254	44	-106	184.4	41.23222	-74.61222
USC00288644	SUSSEX	20010107	229	72	-94	229	72	-94	184.4	41.23222	-74.61222
USC00288644	SUSSEX	20010108	279	33	-106	279	33	-106	184.4	41.23222	-74.61222
USC00288644	SUSSEX	20010109	279	-6	-83	279	-6	-83	184.4	41.23222	-74.61222
USC00288644	SUSSEX	20010110	279	6	-122	279	6	-122	184.4	41.23222	-74.61222
USC00288644	SUSSEX	20010111	229	67	-128	229	67	-128	184.4	41.23222	-74.61222
USC00288644	SUSSEX	20010112	203	61	-139	203	61	-139	184.4	41.23222	-74.61222
USC00288644	SUSSEX	20010113	178	50	-128	178	50	-128	184.4	41.23222	-74.61222
USC00288644	SUSSEX	20010114	178	44	-122	178	44	-122	184.4	41.23222	-74.61222
USC00288644	SUSSEX	20010115	178	11	-6	178	11	-6	184.4	41.23222	-74.61222
USC00288644	SUSSEX	20010116	152	67	0	152	67	0	184.4	41.23222	-74.61222
USC00288644	SUSSEX	20010117	152	50	-61	152	50	-61	184.4	41.23222	-74.61222
USC00288644	SUSSEX	20010118	152	17	-50	152	17	-50	184.4	41.23222	-74.61222
USC00288644	SUSSEX	20010119	203	17	-6	203	17	-6	184.4	41.23222	-74.61222
USC00288644	SUSSEX	20010120	356	-6	-78	356	-6	-78	184.4	41.23222	-74.61222
USC00288644	SUSSEX	20010121	305	6	-189	305	6	-189	184.4	41.23222	-74.61222
USC00288644	SUSSEX	20010122	279	22	-200	279	22	-200	184.4	41.23222	-74.61222
USC00288644	SUSSEX	20010123	254	33	-200	254	33	-200	184.4	41.23222	-74.61222
USC00288644	SUSSEX	20010124	229	56	-161	229	56	-161	184.4	41.23222	-74.61222
USC00288644	SUSSEX	20010125	229	33	-150	229	33	-150	184.4	41.23222	-74.61222
USC00288644	SUSSEX	20010126	203	17	-161	203	17	-161	184.4	41.23222	-74.61222
USC00288644	SUSSEX	20010127	203	33	-161	203	33	-161	184.4	41.23222	-74.61222
USC00288644	SUSSEX	20010128	203	33	-144	203	33	-144	184.4	41.23222	-74.61222
USC00288644	SUSSEX	20010129	203	39	-156	203	39	-156	184.4	41.23222	-74.61222
USC00288644	SUSSEX	20010130	203	56	-22	203	56	-22	184.4	41.23222	-74.61222
USC00288644	SUSSEX	20010131	178	89	-6	178	89	-6	184.4	41.23222	-74.61222
USC00288644	SUSSEX	20020101	0	17	-122	0	17	-122	184.4	41.23222	-74.61222
USC00288644	SUSSEX	20020102	0	28	-122	0	28	-122	184.4	41.23222	-74.61222
USC00288644	SUSSEX	20020103	0	33	-106	0	33	-106	184.4	41.23222	-74.61222
USC00288644	SUSSEX	20020104	0	44	-106	0	44	-106	184.4	41.23222	-74.61222
USC00288644	SUSSEX	20020105	0	61	-50	0	61	-50	184.4	41.23222	-74.61222
USC00288644	SUSSEX	20020106	152	28	-50	152	28	-50	184.4	41.23222	-74.61222
USC00288644	SUSSEX	20020107	178	28	-94	178	28	-94	184.4	41.23222	-74.61222
USC00288644	SUSSEX	20020108	178	11	-100	178	11	-100	184.4	41.23222	-74.61222
USC00288644	SUSSEX	20020109	152	17	-33	152	17	-33	184.4	41.23222	-74.61222
USC00288644	SUSSEX	20020110	102	94	-33	102	94	-33	184.4	41.23222	-74.61222
USC00288644	SUSSEX	20020111	76	61	-17	76	61	-17	184.4	41.23222	-74.61222
USC00288644	SUSSEX	20020112	51	61	-28	51	61	-28	184.4	41.23222	-74.61222
USC00288644	SUSSEX	20020113	51	61	-28	51	61	-28	184.4	41.22583	-74.57083
USC00288644	SUSSEX	20020114	51	56	-39	51	56	-39	184.4	41.22583	-74.57083
USC00288644	SUSSEX	20020115	25	89	-50	25	89	-50	184.4	41.22583	-74.57083
USC00288644	SUSSEX	20020116	25	44	-50	25	44	-50	184.4	41.22583	-74.57083
USC00288644	SUSSEX	20020117	25	78	-67	25	78	-67	184.4	41.22583	-74.57083
USC00288644	SUSSEX	20020118	0	28	-83	0	28	-83	184.4	41.22583	-74.57083
USC00288644	SUSSEX	20020119	0	-33	-100	0	-33	-100	184.4	41.22583	-74.57083
USC00288644	SUSSEX	20020120	51	33	-128	51	33	-128	184.4	41.22583	-74.57083
USC00288644	SUSSEX	20020121	76	28	-94	76	28	-94	184.4	41.22583	-74.57083
USC00288644	SUSSEX	20020122	25	78	-50	25	78	-50	184.4	41.22583	-74.57083
USC00288644	SUSSEX	20020123	0	94	-28	0	94	-28	184.4	41.22583	-74.57083
USC00288644	SUSSEX	20020124	0	67	22	0	67	22	184.4	41.22583	-74.57083
USC00288644	SUSSEX	20020125	0	83	-6	0	83	-6	184.4	41.22583	-74.57083
USC00288644	SUSSEX	20020126	0	9999	9999	0	NA	NA	184.4	41.22583	-74.57083
USC00288644	SUSSEX	20020127	0	178	9999	0	178	NA	184.4	41.22583	-74.57083
USC00288644	SUSSEX	20020128	0	150	-11	0	150	-11	184.4	41.22583	-74.57083
USC00288644	SUSSEX	20020129	0	178	-11	0	178	-11	184.4	41.22583	-74.57083
USC00288644	SUSSEX	20020130	0	111	-11	0	111	-11	184.4	41.22583	-74.57083
USC00288644	SUSSEX	20020131	9999	0	-17	NA	0	-17	184.4	41.22583	-74.57083
USC00288644	SUSSEX	20030101	51	67	0	51	67	0	184.4	41.22583	-74.57083
USC00288644	SUSSEX	20030102	25	0	-61	25	0	-61	184.4	41.22583	-74.57083
USC00288644	SUSSEX	20030103	330	-11	-61	330	-11	-61	184.4	41.22583	-74.57083
USC00288644	SUSSEX	20030104	279	6	-22	279	6	-22	184.4	41.22583	-74.57083
USC00288644	SUSSEX	20030105	305	6	-28	305	6	-28	184.4	41.22583	-74.57083
USC00288644	SUSSEX	20030106	305	0	-50	305	0	-50	184.4	41.22583	-74.57083
USC00288644	SUSSEX	20030107	9999	-6	-106	NA	-6	-106	184.4	41.22583	-74.57083
USC00288644	SUSSEX	20030108	203	61	-6	203	61	-6	184.4	41.22583	-74.57083
USC00288644	SUSSEX	20030109	152	94	-11	152	94	-11	184.4	41.22583	-74.57083
USC00288644	SUSSEX	20030110	152	28	-72	152	28	-72	184.4	41.22583	-74.57083
USC00288644	SUSSEX	20030111	127	0	-89	127	0	-89	184.4	41.22583	-74.57083
USC00288644	SUSSEX	20030112	127	11	-117	127	11	-117	184.4	41.22583	-74.57083
USC00288644	SUSSEX	20030113	127	22	-128	127	22	-128	184.4	41.22583	-74.57083
USC00288644	SUSSEX	20030114	127	-22	-139	127	-22	-139	184.4	41.22583	-74.57083
USC00288644	SUSSEX	20030115	102	-28	-139	102	-28	-139	184.4	41.22583	-74.57083
USC00288644	SUSSEX	20030116	127	-22	-128	127	-22	-128	184.4	41.22583	-74.57083
USC00288644	SUSSEX	20030117	127	-6	-189	127	-6	-189	184.4	41.22583	-74.57083
USC00288644	SUSSEX	20030118	102	-56	-206	102	-56	-206	184.4	41.22583	-74.57083
USC00288644	SUSSEX	20030119	102	-22	-167	102	-22	-167	184.4	41.22583	-74.57083
USC00288644	SUSSEX	20030120	102	-22	-172	102	-22	-172	184.4	41.22583	-74.57083
USC00288644	SUSSEX	20030121	102	-44	-183	102	-44	-183	184.4	41.22583	-74.57083
USC00288644	SUSSEX	20030122	102	-67	-178	102	-67	-178	184.4	41.22583	-74.57083
USC00288644	SUSSEX	20030123	102	-78	-172	102	-78	-172	184.4	41.22583	-74.57083
USC00288644	SUSSEX	20030124	102	-33	-167	102	-33	-167	184.4	41.22583	-74.57083
USC00288644	SUSSEX	20030125	76	0	-106	76	0	-106	184.4	41.22583	-74.57083
USC00288644	SUSSEX	20030126	102	-11	-133	102	-11	-133	184.4	41.22583	-74.57083
USC00288644	SUSSEX	20030127	102	-11	-183	102	-11	-183	184.4	41.22583	-74.57083
USC00288644	SUSSEX	20030128	102	-61	-150	102	-61	-150	184.4	41.22583	-74.57083
USC00288644	SUSSEX	20030129	102	0	-150	102	0	-150	184.4	41.22583	-74.57083
USC00288644	SUSSEX	20030130	102	11	-150	102	11	-150	184.4	41.22583	-74.57083
USC00288644	SUSSEX	20030131	102	-6	-50	102	-6	-50	184.4	41.22583	-74.57083
USC00288644	SUSSEX	20040101	9999	78	-28	NA	78	-28	184.4	41.22583	-74.57083
USC00288644	SUSSEX	20040102	9999	83	0	NA	83	0	184.4	41.22583	-74.57083
USC00288644	SUSSEX	20040103	9999	117	50	NA	117	50	184.4	41.22583	-74.57083
USC00288644	SUSSEX	20040104	9999	94	6	NA	94	6	184.4	41.22583	-74.57083
USC00288644	SUSSEX	20040105	9999	17	-17	NA	17	-17	184.4	41.22583	-74.57083
USC00288644	SUSSEX	20040106	9999	33	-100	NA	33	-100	184.4	41.22583	-74.57083
USC00288644	SUSSEX	20040107	0	33	-117	0	33	-117	184.4	41.22583	-74.57083
USC00288644	SUSSEX	20040108	9999	-22	-117	NA	-22	-117	184.4	41.22583	-74.57083
USC00288644	SUSSEX	20040109	9999	-89	-194	NA	-89	-194	184.4	41.22583	-74.57083
USC00288644	SUSSEX	20040110	9999	-89	-200	NA	-89	-200	184.4	41.22583	-74.57083
USC00288644	SUSSEX	20040111	25	-33	-172	25	-33	-172	184.4	41.22583	-74.57083
USC00288644	SUSSEX	20040112	25	0	-44	25	0	-44	184.4	41.22583	-74.57083
USC00288644	SUSSEX	20040113	9999	44	-150	NA	44	-150	184.4	41.22583	-74.57083
USC00288644	SUSSEX	20040114	152	-106	-167	152	-106	-167	184.4	41.22583	-74.57083
USC00288644	SUSSEX	20040115	76	-78	-194	76	-78	-194	184.4	41.22583	-74.57083
USC00288644	SUSSEX	20040116	76	-67	-178	76	-67	-178	184.4	41.22583	-74.57083
USC00288644	SUSSEX	20040117	76	-17	-122	76	-17	-122	184.4	41.22583	-74.57083
USC00288644	SUSSEX	20040118	102	0	-89	102	0	-89	184.4	41.22583	-74.57083
USC00288644	SUSSEX	20040119	76	-39	-94	76	-39	-94	184.4	41.22583	-74.57083
USC00288644	SUSSEX	20040120	76	-22	-128	76	-22	-128	184.4	41.22583	-74.57083
USC00288644	SUSSEX	20040121	76	-22	-144	76	-22	-144	184.4	41.22583	-74.57083
USC00288644	SUSSEX	20040122	76	39	-133	76	39	-133	184.4	41.22583	-74.57083
USC00288644	SUSSEX	20040123	76	-67	-161	76	-67	-161	184.4	41.22583	-74.57083
USC00288644	SUSSEX	20040124	76	-44	-167	76	-44	-167	184.4	41.22583	-74.57083
USC00288644	SUSSEX	20040125	76	-44	-194	76	-44	-194	184.4	41.22583	-74.57083
USC00288644	SUSSEX	20040126	102	-94	-122	102	-94	-122	184.4	41.22583	-74.57083
USC00288644	SUSSEX	20040127	254	-83	-122	254	-83	-122	184.4	41.22583	-74.57083
USC00288644	SUSSEX	20040128	229	-17	-94	229	-17	-94	184.4	41.22583	-74.57083
USC00288644	SUSSEX	20040129	229	-33	-172	229	-33	-172	184.4	41.22583	-74.57083
USC00288644	SUSSEX	20040130	203	-39	-161	203	-39	-161	184.4	41.22583	-74.57083
USC00288644	SUSSEX	20040131	203	-22	-117	203	-22	-117	184.4	41.22583	-74.57083
USC00288644	SUSSEX	20050101	9999	128	-44	NA	128	-44	184.4	41.22583	-74.57083
USC00288644	SUSSEX	20050102	9999	44	-44	NA	44	-44	184.4	41.22583	-74.57083
USC00288644	SUSSEX	20050103	9999	94	44	NA	94	44	184.4	41.22583	-74.57083
USC00288644	SUSSEX	20050104	9999	83	17	NA	83	17	184.4	41.22583	-74.57083
USC00288644	SUSSEX	20050105	102	22	-39	102	22	-39	184.4	41.22583	-74.57083
USC00288644	SUSSEX	20050106	76	28	-39	76	28	-39	184.4	41.22583	-74.57083
USC00288644	SUSSEX	20050107	76	17	-33	76	17	-33	184.4	41.22583	-74.57083
USC00288644	SUSSEX	20050108	51	11	-11	51	11	-11	184.4	41.22583	-74.57083
USC00288644	SUSSEX	20050111	102	9999	-17	102	NA	-17	184.4	41.22583	-74.57083
USC00288644	SUSSEX	20050112	76	6	-6	76	6	-6	184.4	41.22583	-74.57083
USC00288644	SUSSEX	20050113	0	183	0	0	183	0	184.4	41.22583	-74.57083
USC00288644	SUSSEX	20050114	9999	133	-72	NA	133	-72	184.4	41.22583	-74.57083
USC00288644	SUSSEX	20050115	9999	-11	-89	NA	-11	-89	184.4	41.22583	-74.57083
USC00288644	SUSSEX	20050116	9999	-17	-72	NA	-17	-72	184.4	41.22583	-74.57083
USC00288644	SUSSEX	20050117	9999	-28	-150	NA	-28	-150	184.4	41.22583	-74.57083
USC00288644	SUSSEX	20050118	9999	-100	-172	NA	-100	-172	184.4	41.22583	-74.57083
USC00288644	SUSSEX	20050119	51	-67	-156	51	-67	-156	184.4	41.22583	-74.57083
USC00288644	SUSSEX	20050120	25	-28	-156	25	-28	-156	184.4	41.22583	-74.57083
USC00288644	SUSSEX	20050121	25	-89	-211	25	-89	-211	184.4	41.22583	-74.57083
USC00288644	SUSSEX	20050122	229	-78	-200	229	-78	-200	184.4	41.22583	-74.57083
USC00288644	SUSSEX	20050123	254	-50	-217	254	-50	-217	184.4	41.22583	-74.57083
USC00288644	SUSSEX	20050124	229	-50	-217	229	-50	-217	184.4	41.22583	-74.57083
USC00288644	SUSSEX	20050125	229	11	-150	229	11	-150	184.4	41.22583	-74.57083
USC00288644	SUSSEX	20050126	203	0	-200	203	0	-200	184.4	41.22583	-74.57083
USC00288644	SUSSEX	20050127	203	-67	-233	203	-67	-233	184.4	41.22583	-74.57083
USC00288644	SUSSEX	20050128	178	-56	-244	178	-56	-244	184.4	41.22583	-74.57083
USC00288644	SUSSEX	20050129	178	11	-228	178	11	-228	184.4	41.22583	-74.57083
USC00288644	SUSSEX	20050130	178	33	-139	178	33	-139	184.4	41.22583	-74.57083
USC00288644	SUSSEX	20050131	178	22	-189	178	22	-189	184.4	41.22583	-74.57083
