STATION	NAME	DATE	SNWD	TMAX	TMIN	SNWD2	TMAX2	TMIN2	ELEV	LAT	LONG
USC00288648	SUSSEX8	19950101	0	89	-6	0	89	-6	310.9	41.31667	-74.63333
USC00288648	SUSSEX8	19950102	25	39	-83	25	39	-83	310.9	41.31667	-74.63333
USC00288649	SUSSEX8	19950103	25	-28	-100	25	-28	-100	310.9	41.31667	-74.63333
USC00288650	SUSSEX8	19950104	25	-22	-122	25	-22	-122	310.9	41.31667	-74.63333
USC00288651	SUSSEX8	19950105	25	-56	-139	25	-56	-139	310.9	41.31667	-74.63333
USC00288652	SUSSEX8	19950106	0	-6	-106	0	-6	-106	310.9	41.31667	-74.63333
USC00288653	SUSSEX8	19950107	0	39	-22	0	39	-22	310.9	41.31667	-74.63333
USC00288654	SUSSEX8	19950108	0	0	-61	0	0	-61	310.9	41.31667	-74.63333
USC00288655	SUSSEX8	19950109	0	6	-83	0	6	-83	310.9	41.31667	-74.63333
USC00288656	SUSSEX8	19950110	0	-22	-100	0	-22	-100	310.9	41.31667	-74.63333
USC00288657	SUSSEX8	19950111	0	-56	-78	0	-56	-78	310.9	41.31667	-74.63333
USC00288658	SUSSEX8	19950112	0	83	-56	0	83	-56	310.9	41.31667	-74.63333
USC00288659	SUSSEX8	19950113	0	106	44	0	106	44	310.9	41.31667	-74.63333
USC00288660	SUSSEX8	19950114	0	161	56	0	161	56	310.9	41.31667	-74.63333
USC00288661	SUSSEX8	19950115	0	150	122	0	150	122	310.9	41.31667	-74.63333
USC00288662	SUSSEX8	19950116	0	139	50	0	139	50	310.9	41.31667	-74.63333
USC00288663	SUSSEX8	19950117	0	83	17	0	83	17	310.9	41.31667	-74.63333
USC00288664	SUSSEX8	19950118	0	33	6	0	33	6	310.9	41.31667	-74.63333
USC00288665	SUSSEX8	19950119	0	33	6	0	33	6	310.9	41.31667	-74.63333
USC00288666	SUSSEX8	19950120	0	56	22	0	56	22	310.9	41.31667	-74.63333
USC00288667	SUSSEX8	19950121	0	44	-11	0	44	-11	310.9	41.31667	-74.63333
USC00288668	SUSSEX8	19950122	51	-6	-50	51	-6	-50	310.9	41.31667	-74.63333
USC00288669	SUSSEX8	19950123	25	6	-67	25	6	-67	310.9	41.31667	-74.63333
USC00288670	SUSSEX8	19950124	25	6	-33	25	6	-33	310.9	41.31667	-74.63333
USC00288671	SUSSEX8	19950125	25	11	-33	25	11	-33	310.9	41.31667	-74.63333
USC00288672	SUSSEX8	19950126	25	11	-39	25	11	-39	310.9	41.31667	-74.63333
USC00288673	SUSSEX8	19950127	25	6	-83	25	6	-83	310.9	41.31667	-74.63333
USC00288674	SUSSEX8	19950128	25	-17	-128	25	-17	-128	310.9	41.31667	-74.63333
USC00288675	SUSSEX8	19950129	25	0	-144	25	0	-144	310.9	41.31667	-74.63333
USC00288676	SUSSEX8	19950130	0	33	-106	0	33	-106	310.9	41.31667	-74.63333
USC00288677	SUSSEX8	19950131	0	50	-50	0	50	-50	310.9	41.31667	-74.63333
USC00288678	SUSSEX8	19960101	127	39	-28	127	39	-28	310.9	41.31667	-74.63333
USC00288679	SUSSEX8	19960102	203	-11	-106	203	-11	-106	310.9	41.31667	-74.63333
USC00288680	SUSSEX8	19960103	279	-67	-117	279	-67	-117	310.9	41.31667	-74.63333
USC00288681	SUSSEX8	19960104	279	-83	-156	279	-83	-156	310.9	41.31667	-74.63333
USC00288682	SUSSEX8	19960105	279	-61	-183	279	-61	-183	310.9	41.31667	-74.63333
USC00288683	SUSSEX8	19960106	279	-100	-194	279	-100	-194	310.9	41.31667	-74.63333
USC00288684	SUSSEX8	19960107	432	-106	-172	432	-106	-172	310.9	41.31667	-74.63333
USC00288685	SUSSEX8	19960108	889	-67	-128	889	-67	-128	310.9	41.31667	-74.63333
USC00288686	SUSSEX8	19960109	813	-39	-139	813	-39	-139	310.9	41.31667	-74.63333
USC00288687	SUSSEX8	19960110	813	-28	-100	813	-28	-100	310.9	41.31667	-74.63333
USC00288688	SUSSEX8	19960111	813	-33	-128	813	-33	-128	310.9	41.31667	-74.63333
USC00288689	SUSSEX8	19960112	940	-11	-111	940	-11	-111	310.9	41.31667	-74.63333
USC00288690	SUSSEX8	19960113	914	-11	-56	914	-11	-56	310.9	41.31667	-74.63333
USC00288691	SUSSEX8	19960114	813	50	-67	813	50	-67	310.9	41.31667	-74.63333
USC00288692	SUSSEX8	19960115	762	33	-133	762	33	-133	310.9	41.31667	-74.63333
USC00288693	SUSSEX8	19960116	660	-22	-161	660	-22	-161	310.9	41.31667	-74.63333
USC00288694	SUSSEX8	19960117	508	89	-28	508	89	-28	310.9	41.31667	-74.63333
USC00288695	SUSSEX8	19960118	457	94	-22	457	94	-22	310.9	41.31667	-74.63333
USC00288696	SUSSEX8	19960119	254	122	-78	254	122	-78	310.9	41.31667	-74.63333
USC00288697	SUSSEX8	19960120	203	-22	-100	203	-22	-100	310.9	41.31667	-74.63333
USC00288698	SUSSEX8	19960121	203	-39	-106	203	-39	-106	310.9	41.31667	-74.63333
USC00288699	SUSSEX8	19960122	203	33	-83	203	33	-83	310.9	41.31667	-74.63333
USC00288700	SUSSEX8	19960123	203	17	-39	203	17	-39	310.9	41.31667	-74.63333
USC00288701	SUSSEX8	19960124	102	83	0	102	83	0	310.9	41.31667	-74.63333
USC00288702	SUSSEX8	19960125	102	0	-106	102	0	-106	310.9	41.31667	-74.63333
USC00288703	SUSSEX8	19960126	102	22	-117	102	22	-117	310.9	41.31667	-74.63333
USC00288704	SUSSEX8	19960127	51	100	-28	51	100	-28	310.9	41.31667	-74.63333
USC00288705	SUSSEX8	19960128	51	-17	-83	51	-17	-83	310.9	41.31667	-74.63333
USC00288706	SUSSEX8	19960129	51	-11	-100	51	-11	-100	310.9	41.31667	-74.63333
USC00288707	SUSSEX8	19960130	51	28	-50	51	28	-50	310.9	41.31667	-74.63333
USC00288708	SUSSEX8	19960131	102	-33	-139	102	-33	-139	310.9	41.31667	-74.63333
USC00288709	SUSSEX8	19970101	0	-67	-172	0	-67	-172	310.9	41.31667	-74.63333
USC00288710	SUSSEX8	19970102	0	39	-67	0	39	-67	310.9	41.31667	-74.63333
USC00288711	SUSSEX8	19970103	0	150	39	0	150	39	310.9	41.31667	-74.63333
USC00288712	SUSSEX8	19970104	0	61	17	0	61	17	310.9	41.31667	-74.63333
USC00288713	SUSSEX8	19970105	0	106	28	0	106	28	310.9	41.31667	-74.63333
USC00288714	SUSSEX8	19970106	0	78	-28	0	78	-28	310.9	41.31667	-74.63333
USC00288715	SUSSEX8	19970107	0	-6	-61	0	-6	-61	310.9	41.31667	-74.63333
USC00288716	SUSSEX8	19970108	0	-17	-72	0	-17	-72	310.9	41.31667	-74.63333
USC00288717	SUSSEX8	19970109	51	-28	-78	51	-28	-78	310.9	41.31667	-74.63333
USC00288718	SUSSEX8	19970110	51	22	-56	51	22	-56	310.9	41.31667	-74.63333
USC00288719	SUSSEX8	19970111	51	-28	-111	51	-28	-111	310.9	41.31667	-74.63333
USC00288720	SUSSEX8	19970112	51	-44	-122	51	-44	-122	310.9	41.31667	-74.63333
USC00288721	SUSSEX8	19970113	51	-17	-94	51	-17	-94	310.9	41.31667	-74.63333
USC00288722	SUSSEX8	19970114	51	-11	-83	51	-11	-83	310.9	41.31667	-74.63333
USC00288723	SUSSEX8	19970115	51	22	-106	51	22	-106	310.9	41.31667	-74.63333
USC00288724	SUSSEX8	19970116	25	50	-83	25	50	-83	310.9	41.31667	-74.63333
USC00288725	SUSSEX8	19970117	25	-83	-167	25	-83	-167	310.9	41.31667	-74.63333
USC00288726	SUSSEX8	19970118	25	-94	-189	25	-94	-189	310.9	41.31667	-74.63333
USC00288727	SUSSEX8	19970119	25	-67	-194	25	-67	-194	310.9	41.31667	-74.63333
USC00288728	SUSSEX8	19970120	25	-17	-133	25	-17	-133	310.9	41.31667	-74.63333
USC00288729	SUSSEX8	19970121	25	6	-72	25	6	-72	310.9	41.31667	-74.63333
USC00288730	SUSSEX8	19970122	0	61	-39	0	61	-39	310.9	41.31667	-74.63333
USC00288731	SUSSEX8	19970123	0	67	-67	0	67	-67	310.9	41.31667	-74.63333
USC00288732	SUSSEX8	19970124	25	6	-117	25	6	-117	310.9	41.31667	-74.63333
USC00288733	SUSSEX8	19970125	0	61	-17	0	61	-17	310.9	41.31667	-74.63333
USC00288734	SUSSEX8	19970126	0	-17	-100	0	-17	-100	310.9	41.31667	-74.63333
USC00288735	SUSSEX8	19970127	51	-44	-106	51	-44	-106	310.9	41.31667	-74.63333
USC00288736	SUSSEX8	19970128	51	28	-56	51	28	-56	310.9	41.31667	-74.63333
USC00288737	SUSSEX8	19970129	51	-39	-111	51	-39	-111	310.9	41.31667	-74.63333
USC00288738	SUSSEX8	19970130	51	-50	-133	51	-50	-133	310.9	41.31667	-74.63333
USC00288739	SUSSEX8	19970131	76	0	-56	76	0	-56	310.9	41.31667	-74.63333
USC00288740	SUSSEX8	19980101	152	-39	-144	152	-39	-144	310.9	41.31667	-74.63333
USC00288741	SUSSEX8	19980102	127	56	-56	127	56	-56	310.9	41.31667	-74.63333
USC00288742	SUSSEX8	19980103	51	117	50	51	117	50	310.9	41.31667	-74.63333
USC00288743	SUSSEX8	19980104	0	150	22	0	150	22	310.9	41.31667	-74.63333
USC00288744	SUSSEX8	19980105	0	61	28	0	61	28	310.9	41.31667	-74.63333
USC00288745	SUSSEX8	19980106	0	133	50	0	133	50	310.9	41.31667	-74.63333
USC00288746	SUSSEX8	19980107	0	122	39	0	122	39	310.9	41.31667	-74.63333
USC00288747	SUSSEX8	19980108	0	172	39	0	172	39	310.9	41.31667	-74.63333
USC00288748	SUSSEX8	19980109	0	178	39	0	178	39	310.9	41.31667	-74.63333
USC00288749	SUSSEX8	19980110	0	72	-6	0	72	-6	310.9	41.31667	-74.63333
USC00288750	SUSSEX8	19980111	0	78	-28	0	78	-28	310.9	41.31667	-74.63333
USC00288751	SUSSEX8	19980112	0	17	-61	0	17	-61	310.9	41.31667	-74.63333
USC00288752	SUSSEX8	19980113	0	50	-50	0	50	-50	310.9	41.31667	-74.63333
USC00288753	SUSSEX8	19980114	0	-22	-89	0	-22	-89	310.9	41.31667	-74.63333
USC00288754	SUSSEX8	19980115	0	-6	-89	0	-6	-89	310.9	41.31667	-74.63333
USC00288755	SUSSEX8	19980116	0	0	-28	0	0	-28	310.9	41.31667	-74.63333
USC00288756	SUSSEX8	19980117	0	-6	-39	0	-6	-39	310.9	41.31667	-74.63333
USC00288757	SUSSEX8	19980118	51	0	-39	51	0	-39	310.9	41.31667	-74.63333
USC00288758	SUSSEX8	19980119	51	6	-33	51	6	-33	310.9	41.31667	-74.63333
USC00288759	SUSSEX8	19980120	51	-6	-44	51	-6	-44	310.9	41.31667	-74.63333
USC00288760	SUSSEX8	19980121	51	6	-56	51	6	-56	310.9	41.31667	-74.63333
USC00288761	SUSSEX8	19980122	51	-6	-72	51	-6	-72	310.9	41.31667	-74.63333
USC00288762	SUSSEX8	19980123	127	6	-67	127	6	-67	310.9	41.31667	-74.63333
USC00288763	SUSSEX8	19980124	152	61	-11	152	61	-11	310.9	41.31667	-74.63333
USC00288764	SUSSEX8	19980125	102	17	-44	102	17	-44	310.9	41.31667	-74.63333
USC00288765	SUSSEX8	19980126	76	39	-44	76	39	-44	310.9	41.31667	-74.63333
USC00288766	SUSSEX8	19980127	76	-17	-72	76	-17	-72	310.9	41.31667	-74.63333
USC00288767	SUSSEX8	19980128	76	0	-28	76	0	-28	310.9	41.31667	-74.63333
USC00288768	SUSSEX8	19980129	51	94	-28	51	94	-28	310.9	41.31667	-74.63333
USC00288769	SUSSEX8	19980130	51	56	-6	51	56	-6	310.9	41.31667	-74.63333
USC00288770	SUSSEX8	19980131	51	44	-28	51	44	-28	310.9	41.31667	-74.63333
USC00288771	SUSSEX8	19990101	102	-44	-161	102	-44	-161	310.9	41.31667	-74.63333
USC00288772	SUSSEX8	19990102	102	-89	-183	102	-89	-183	310.9	41.31667	-74.63333
USC00288773	SUSSEX8	19990103	76	50	-111	76	50	-111	310.9	41.31667	-74.63333
USC00288774	SUSSEX8	19990104	51	-33	-111	51	-33	-111	310.9	41.31667	-74.63333
USC00288775	SUSSEX8	19990105	51	-50	-133	51	-50	-133	310.9	41.31667	-74.63333
USC00288776	SUSSEX8	19990106	51	-39	-161	51	-39	-161	310.9	41.31667	-74.63333
USC00288777	SUSSEX8	19990107	51	-28	-100	51	-28	-100	310.9	41.31667	-74.63333
USC00288778	SUSSEX8	19990108	102	-39	-144	102	-39	-144	310.9	41.31667	-74.63333
USC00288779	SUSSEX8	19990109	102	39	-67	102	39	-67	310.9	41.31667	-74.63333
USC00288780	SUSSEX8	19990110	102	-28	-100	102	-28	-100	310.9	41.31667	-74.63333
USC00288781	SUSSEX8	19990111	76	-61	-122	76	-61	-122	310.9	41.31667	-74.63333
USC00288782	SUSSEX8	19990112	51	50	-100	51	50	-100	310.9	41.31667	-74.63333
USC00288783	SUSSEX8	19990113	76	67	-139	76	67	-139	310.9	41.31667	-74.63333
USC00288784	SUSSEX8	19990114	127	-117	-183	127	-117	-183	310.9	41.31667	-74.63333
USC00288785	SUSSEX8	19990115	152	11	-117	152	11	-117	310.9	41.31667	-74.63333
USC00288786	SUSSEX8	19990116	102	28	-111	102	28	-111	310.9	41.31667	-74.63333
USC00288787	SUSSEX8	19990117	76	100	0	76	100	0	310.9	41.31667	-74.63333
USC00288788	SUSSEX8	19990118	76	106	6	76	106	6	310.9	41.31667	-74.63333
USC00288789	SUSSEX8	19990119	76	67	6	76	67	6	310.9	41.31667	-74.63333
USC00288790	SUSSEX8	19990120	51	61	-28	51	61	-28	310.9	41.31667	-74.63333
USC00288791	SUSSEX8	19990121	51	28	-39	51	28	-39	310.9	41.31667	-74.63333
USC00288792	SUSSEX8	19990122	51	22	11	51	22	11	310.9	41.31667	-74.63333
USC00288793	SUSSEX8	19990123	51	106	11	51	106	11	310.9	41.31667	-74.63333
USC00288794	SUSSEX8	19990124	0	133	17	0	133	17	310.9	41.31667	-74.63333
USC00288795	SUSSEX8	19990125	0	11	-28	0	11	-28	310.9	41.31667	-74.63333
USC00288796	SUSSEX8	19990126	0	22	-61	0	22	-61	310.9	41.31667	-74.63333
USC00288797	SUSSEX8	19990127	0	44	-61	0	44	-61	310.9	41.31667	-74.63333
USC00288798	SUSSEX8	19990128	0	39	-17	0	39	-17	310.9	41.31667	-74.63333
USC00288799	SUSSEX8	19990129	0	22	-67	0	22	-67	310.9	41.31667	-74.63333
USC00288800	SUSSEX8	19990130	0	17	-94	0	17	-94	310.9	41.31667	-74.63333
USC00288801	SUSSEX8	19990131	0	-28	-150	0	-28	-150	310.9	41.31667	-74.63333
USC00288802	SUSSEX8	20000101	0	89	-44	0	89	-44	310.9	41.31667	-74.63333
USC00288803	SUSSEX8	20000102	0	122	6	0	122	6	310.9	41.31667	-74.63333
USC00288804	SUSSEX8	20000103	0	156	94	0	156	94	310.9	41.31667	-74.63333
USC00288805	SUSSEX8	20000104	0	156	44	0	156	44	310.9	41.31667	-74.63333
USC00288806	SUSSEX8	20000105	0	44	-83	0	44	-83	310.9	41.31667	-74.63333
USC00288807	SUSSEX8	20000106	0	28	-94	0	28	-94	310.9	41.31667	-74.63333
USC00288808	SUSSEX8	20000107	0	78	-28	0	78	-28	310.9	41.31667	-74.63333
USC00288809	SUSSEX8	20000108	0	22	-50	0	22	-50	310.9	41.31667	-74.63333
USC00288810	SUSSEX8	20000109	0	106	-6	0	106	-6	310.9	41.31667	-74.63333
USC00288811	SUSSEX8	20000110	0	72	22	0	72	22	310.9	41.31667	-74.63333
USC00288812	SUSSEX8	20000111	0	83	11	0	83	11	310.9	41.31667	-74.63333
USC00288813	SUSSEX8	20000112	0	56	-11	0	56	-11	310.9	41.31667	-74.63333
USC00288814	SUSSEX8	20000113	51	6	-117	51	6	-117	310.9	41.31667	-74.63333
USC00288815	SUSSEX8	20000114	51	-89	-150	51	-89	-150	310.9	41.31667	-74.63333
USC00288816	SUSSEX8	20000115	51	-33	-133	51	-33	-133	310.9	41.31667	-74.63333
USC00288817	SUSSEX8	20000116	25	39	-111	25	39	-111	310.9	41.31667	-74.63333
USC00288818	SUSSEX8	20000117	25	-111	-189	25	-111	-189	310.9	41.31667	-74.63333
USC00288819	SUSSEX8	20000118	25	-89	-200	25	-89	-200	310.9	41.31667	-74.63333
USC00288820	SUSSEX8	20000119	25	-44	-144	25	-44	-144	310.9	41.31667	-74.63333
USC00288821	SUSSEX8	20000120	76	-56	-94	76	-56	-94	310.9	41.31667	-74.63333
USC00288822	SUSSEX8	20000121	76	-89	-167	76	-89	-167	310.9	41.31667	-74.63333
USC00288823	SUSSEX8	20000122	76	-100	-183	76	-100	-183	310.9	41.31667	-74.63333
USC00288824	SUSSEX8	20000123	76	-61	-139	76	-61	-139	310.9	41.31667	-74.63333
USC00288825	SUSSEX8	20000124	51	28	-61	51	28	-61	310.9	41.31667	-74.63333
USC00288826	SUSSEX8	20000125	381	-17	-78	381	-17	-78	310.9	41.31667	-74.63333
USC00288827	SUSSEX8	20000126	381	-22	-89	381	-22	-89	310.9	41.31667	-74.63333
USC00288828	SUSSEX8	20000127	356	-100	-156	356	-100	-156	310.9	41.31667	-74.63333
USC00288829	SUSSEX8	20000128	356	-83	-172	356	-83	-172	310.9	41.31667	-74.63333
USC00288830	SUSSEX8	20000129	356	22	-128	356	22	-128	310.9	41.31667	-74.63333
USC00288831	SUSSEX8	20000130	305	0	-128	305	0	-128	310.9	41.31667	-74.63333
USC00288832	SUSSEX8	20000131	457	11	-67	457	11	-67	310.9	41.31667	-74.63333
USC00288833	SUSSEX8	20010101	432	-17	-100	432	-17	-100	310.9	41.31667	-74.63333
USC00288834	SUSSEX8	20010102	406	-50	-111	406	-50	-111	310.9	41.31667	-74.63333
USC00288835	SUSSEX8	20010103	356	-6	-111	356	-6	-111	310.9	41.31667	-74.63333
USC00288836	SUSSEX8	20010104	330	-11	-94	330	-11	-94	310.9	41.31667	-74.63333
USC00288837	SUSSEX8	20010105	305	-39	-106	305	-39	-106	310.9	41.31667	-74.63333
USC00288838	SUSSEX8	20010106	356	17	-44	356	17	-44	310.9	41.31667	-74.63333
USC00288839	SUSSEX8	20010107	305	56	-78	305	56	-78	310.9	41.31667	-74.63333
USC00288840	SUSSEX8	20010108	254	44	-39	254	44	-39	310.9	41.31667	-74.63333
USC00288841	SUSSEX8	20010109	305	-17	-78	305	-17	-78	310.9	41.31667	-74.63333
USC00288842	SUSSEX8	20010110	330	-33	-100	330	-33	-100	310.9	41.31667	-74.63333
USC00288843	SUSSEX8	20010111	330	44	-111	330	44	-111	310.9	41.31667	-74.63333
USC00288844	SUSSEX8	20010112	279	39	-78	279	39	-78	310.9	41.31667	-74.63333
USC00288845	SUSSEX8	20010113	229	39	-89	229	39	-89	310.9	41.31667	-74.63333
USC00288846	SUSSEX8	20010114	229	39	-56	229	39	-56	310.9	41.31667	-74.63333
USC00288847	SUSSEX8	20010115	203	11	-6	203	11	-6	310.9	41.31667	-74.63333
USC00288848	SUSSEX8	20010116	178	56	0	178	56	0	310.9	41.31667	-74.63333
USC00288849	SUSSEX8	20010117	178	33	-33	178	33	-33	310.9	41.31667	-74.63333
USC00288850	SUSSEX8	20010118	178	0	-56	178	0	-56	310.9	41.31667	-74.63333
USC00288851	SUSSEX8	20010119	203	22	-11	203	22	-11	310.9	41.31667	-74.63333
USC00288852	SUSSEX8	20010120	254	0	-61	254	0	-61	310.9	41.31667	-74.63333
USC00288853	SUSSEX8	20010121	457	-28	-100	457	-28	-100	310.9	41.31667	-74.63333
USC00288854	SUSSEX8	20010122	432	6	-100	432	6	-100	310.9	41.31667	-74.63333
USC00288855	SUSSEX8	20010123	406	28	-122	406	28	-122	310.9	41.31667	-74.63333
USC00288856	SUSSEX8	20010124	381	44	-50	381	44	-50	310.9	41.31667	-74.63333
USC00288857	SUSSEX8	20010125	330	17	-94	330	17	-94	310.9	41.31667	-74.63333
USC00288858	SUSSEX8	20010126	305	11	-100	305	11	-100	310.9	41.31667	-74.63333
USC00288859	SUSSEX8	20010127	330	22	-78	330	22	-78	310.9	41.31667	-74.63333
USC00288860	SUSSEX8	20010128	305	11	-72	305	11	-72	310.9	41.31667	-74.63333
USC00288861	SUSSEX8	20010129	279	22	-89	279	22	-89	310.9	41.31667	-74.63333
USC00288862	SUSSEX8	20010130	279	56	-28	279	56	-28	310.9	41.31667	-74.63333
USC00288863	SUSSEX8	20010131	254	78	17	254	78	17	310.9	41.31667	-74.63333
USC00288864	SUSSEX8	20020101	0	-17	-100	0	-17	-100	310.9	41.31667	-74.63333
USC00288865	SUSSEX8	20020102	0	6	-83	0	6	-83	310.9	41.31667	-74.63333
USC00288866	SUSSEX8	20020103	0	6	-78	0	6	-78	310.9	41.31667	-74.63333
USC00288867	SUSSEX8	20020104	0	6	-56	0	6	-56	310.9	41.31667	-74.63333
USC00288868	SUSSEX8	20020105	0	44	-56	0	44	-56	310.9	41.31667	-74.63333
USC00288869	SUSSEX8	20020106	9999	28	-44	NA	28	-44	310.9	41.31667	-74.63333
USC00288870	SUSSEX8	20020107	102	11	-78	102	11	-78	310.9	41.31667	-74.63333
USC00288871	SUSSEX8	20020108	178	0	-94	178	0	-94	310.9	41.31667	-74.63333
USC00288872	SUSSEX8	20020109	127	33	-50	127	33	-50	310.9	41.31667	-74.63333
USC00288873	SUSSEX8	20020110	102	89	22	102	89	22	310.9	41.31667	-74.63333
USC00288874	SUSSEX8	20020111	76	44	6	76	44	6	310.9	41.31667	-74.63333
USC00288875	SUSSEX8	20020112	51	72	-17	51	72	-17	310.9	41.31667	-74.63333
USC00288876	SUSSEX8	20020113	51	39	-11	51	39	-11	310.9	41.31667	-74.63333
USC00288877	SUSSEX8	20020114	51	28	-22	51	28	-22	310.9	41.31667	-74.63333
USC00288878	SUSSEX8	20020115	51	78	-33	51	78	-33	310.9	41.31667	-74.63333
USC00288879	SUSSEX8	20020116	25	28	-33	25	28	-33	310.9	41.31667	-74.63333
USC00288880	SUSSEX8	20020117	51	56	-39	51	56	-39	310.9	41.31667	-74.63333
USC00288881	SUSSEX8	20020118	51	6	-61	51	6	-61	310.9	41.31667	-74.63333
USC00288882	SUSSEX8	20020119	152	-56	-83	152	-56	-83	310.9	41.31667	-74.63333
USC00288883	SUSSEX8	20020120	152	28	-72	152	28	-72	310.9	41.31667	-74.63333
USC00288884	SUSSEX8	20020121	152	11	-78	152	11	-78	310.9	41.31667	-74.63333
USC00288885	SUSSEX8	20020122	127	56	-33	127	56	-33	310.9	41.31667	-74.63333
USC00288886	SUSSEX8	20020123	102	89	6	102	89	6	310.9	41.31667	-74.63333
USC00288887	SUSSEX8	20020124	76	89	22	76	89	22	310.9	41.31667	-74.63333
USC00288888	SUSSEX8	20020125	0	56	0	0	56	0	310.9	41.31667	-74.63333
USC00288889	SUSSEX8	20020126	0	122	0	0	122	0	310.9	41.31667	-74.63333
USC00288890	SUSSEX8	20020127	0	139	6	0	139	6	310.9	41.31667	-74.63333
USC00288891	SUSSEX8	20020128	0	139	50	0	139	50	310.9	41.31667	-74.63333
USC00288892	SUSSEX8	20020129	0	172	67	0	172	67	310.9	41.31667	-74.63333
USC00288893	SUSSEX8	20020130	0	133	11	0	133	11	310.9	41.31667	-74.63333
USC00288894	SUSSEX8	20020131	0	11	-28	0	11	-28	310.9	41.31667	-74.63333
USC00288895	SUSSEX8	20030101	102	72	-6	102	72	-6	310.9	41.325	-74.64472
USC00288896	SUSSEX8	20030102	76	11	-78	76	11	-78	310.9	41.325	-74.64472
USC00288897	SUSSEX8	20030103	102	-28	-72	102	-28	-72	310.9	41.325	-74.64472
USC00288898	SUSSEX8	20030104	381	0	-33	381	0	-33	310.9	41.325	-74.64472
USC00288899	SUSSEX8	20030105	356	0	-44	356	0	-44	310.9	41.325	-74.64472
USC00288900	SUSSEX8	20030106	356	0	-44	356	0	-44	310.9	41.325	-74.64472
USC00288901	SUSSEX8	20030107	356	-39	-100	356	-39	-100	310.9	41.325	-74.64472
USC00288902	SUSSEX8	20030108	356	33	-56	356	33	-56	310.9	41.325	-74.64472
USC00288903	SUSSEX8	20030109	330	78	6	330	78	6	310.9	41.325	-74.64472
USC00288904	SUSSEX8	20030110	254	39	-78	254	39	-78	310.9	41.325	-74.64472
USC00288905	SUSSEX8	20030111	254	-22	-94	254	-22	-94	310.9	41.325	-74.64472
USC00288906	SUSSEX8	20030112	254	-17	-100	254	-17	-100	310.9	41.325	-74.64472
USC00288907	SUSSEX8	20030113	254	0	-111	254	0	-111	310.9	41.325	-74.64472
USC00288908	SUSSEX8	20030114	254	-50	-122	254	-50	-122	310.9	41.325	-74.64472
USC00288909	SUSSEX8	20030115	229	-44	-122	229	-44	-122	310.9	41.325	-74.64472
USC00288910	SUSSEX8	20030116	229	-39	-128	229	-39	-128	310.9	41.325	-74.64472
USC00288911	SUSSEX8	20030117	229	-28	-172	229	-28	-172	310.9	41.325	-74.64472
USC00288912	SUSSEX8	20030118	229	-61	-189	229	-61	-189	310.9	41.325	-74.64472
USC00288913	SUSSEX8	20030119	229	-39	-172	229	-39	-172	310.9	41.325	-74.64472
USC00288914	SUSSEX8	20030120	229	-44	-117	229	-44	-117	310.9	41.325	-74.64472
USC00288915	SUSSEX8	20030121	229	-67	-167	229	-67	-167	310.9	41.325	-74.64472
USC00288916	SUSSEX8	20030122	229	-89	-167	229	-89	-167	310.9	41.325	-74.64472
USC00288917	SUSSEX8	20030123	229	-89	-178	229	-89	-178	310.9	41.325	-74.64472
USC00288918	SUSSEX8	20030124	229	-67	-178	229	-67	-178	310.9	41.325	-74.64472
USC00288919	SUSSEX8	20030125	229	-17	-117	229	-17	-117	310.9	41.325	-74.64472
USC00288920	SUSSEX8	20030126	229	-11	-83	229	-11	-83	310.9	41.325	-74.64472
USC00288921	SUSSEX8	20030127	229	-72	-178	229	-72	-178	310.9	41.325	-74.64472
USC00288922	SUSSEX8	20030128	229	-67	-183	229	-67	-183	310.9	41.325	-74.64472
USC00288923	SUSSEX8	20030129	229	-6	-83	229	-6	-83	310.9	41.325	-74.64472
USC00288924	SUSSEX8	20030130	229	11	-117	229	11	-117	310.9	41.325	-74.64472
USC00288925	SUSSEX8	20030131	229	-6	-61	229	-6	-61	310.9	41.325	-74.64472
USC00288926	SUSSEX8	20040101	0	56	-22	0	56	-22	310.9	41.325	-74.64472
USC00288927	SUSSEX8	20040102	0	72	-22	0	72	-22	310.9	41.325	-74.64472
USC00288928	SUSSEX8	20040103	0	117	33	0	117	33	310.9	41.325	-74.64472
USC00288929	SUSSEX8	20040104	0	117	0	0	117	0	310.9	41.325	-74.64472
USC00288930	SUSSEX8	20040105	9999	6	-11	NA	6	-11	310.9	41.325	-74.64472
USC00288931	SUSSEX8	20040106	0	6	-100	0	6	-100	310.9	41.325	-74.64472
USC00288932	SUSSEX8	20040107	0	-72	-128	0	-72	-128	310.9	41.325	-74.64472
USC00288933	SUSSEX8	20040108	0	-44	-117	0	-44	-117	310.9	41.325	-74.64472
USC00288934	SUSSEX8	20040109	0	-78	-206	0	-78	-206	310.9	41.325	-74.64472
USC00288935	SUSSEX8	20040110	0	-117	-222	0	-117	-222	310.9	41.325	-74.64472
USC00288936	SUSSEX8	20040111	0	-50	-189	0	-50	-189	310.9	41.325	-74.64472
USC00288937	SUSSEX8	20040112	25	6	-72	25	6	-72	310.9	41.325	-74.64472
USC00288938	SUSSEX8	20040113	25	39	-144	25	39	-144	310.9	41.325	-74.64472
USC00288939	SUSSEX8	20040114	25	-133	-189	25	-133	-189	310.9	41.325	-74.64472
USC00288940	SUSSEX8	20040115	203	-94	-211	203	-94	-211	310.9	41.325	-74.64472
USC00288941	SUSSEX8	20040116	152	-89	-211	152	-89	-211	310.9	41.325	-74.64472
USC00288942	SUSSEX8	20040117	152	-39	-117	152	-39	-117	310.9	41.325	-74.64472
USC00288943	SUSSEX8	20040118	127	0	-83	127	0	-83	310.9	41.325	-74.64472
USC00288944	SUSSEX8	20040119	152	-50	-111	152	-50	-111	310.9	41.325	-74.64472
USC00288945	SUSSEX8	20040120	127	-50	-122	127	-50	-122	310.9	41.325	-74.64472
USC00288946	SUSSEX8	20040121	127	-39	-128	127	-39	-128	310.9	41.325	-74.64472
USC00288947	SUSSEX8	20040122	127	28	-117	127	28	-117	310.9	41.325	-74.64472
USC00288948	SUSSEX8	20040123	127	-83	-156	127	-83	-156	310.9	41.325	-74.64472
USC00288949	SUSSEX8	20040124	127	-67	-172	127	-67	-172	310.9	41.325	-74.64472
USC00288950	SUSSEX8	20040125	127	-100	-189	127	-100	-189	310.9	41.325	-74.64472
USC00288951	SUSSEX8	20040126	127	-106	-139	127	-106	-139	310.9	41.325	-74.64472
USC00288952	SUSSEX8	20040127	152	-94	-133	152	-94	-133	310.9	41.325	-74.64472
USC00288953	SUSSEX8	20040128	254	-28	-100	254	-28	-100	310.9	41.325	-74.64472
USC00288954	SUSSEX8	20040129	203	-44	-128	203	-44	-128	310.9	41.325	-74.64472
USC00288955	SUSSEX8	20040130	203	-61	-156	203	-61	-156	310.9	41.325	-74.64472
USC00288956	SUSSEX8	20040131	203	-50	-139	203	-50	-139	310.9	41.325	-74.64472
