STATION	NAME	DATE	SNWD	TMAX	TMIN	SNWD2	TMAX2	TMIN2	ELEV	LAT	LONG
USC00368873	TIONESTA	19950101	0	44	22	0	44	22	365.8	41.4792	-79.4432
USC00368873	TIONESTA	19950102	25	44	-78	25	44	-78	365.8	41.4792	-79.4432
USC00368873	TIONESTA	19950103	25	-50	-67	25	-50	-67	365.8	41.4792	-79.4432
USC00368873	TIONESTA	19950104	25	-67	-128	25	-67	-128	365.8	41.4792	-79.4432
USC00368873	TIONESTA	19950105	25	-94	-167	25	-94	-167	365.8	41.4792	-79.4432
USC00368873	TIONESTA	19950106	25	-78	-167	25	-78	-167	365.8	41.4792	-79.4432
USC00368873	TIONESTA	19950107	25	11	-133	25	11	-133	365.8	41.4792	-79.4432
USC00368873	TIONESTA	19950108	25	0	-56	25	0	-56	365.8	41.4792	-79.4432
USC00368873	TIONESTA	19950109	25	-22	-67	25	-22	-67	365.8	41.4792	-79.4432
USC00368873	TIONESTA	19950110	25	-56	-122	25	-56	-122	365.8	41.4792	-79.4432
USC00368873	TIONESTA	19950111	25	-33	-39	25	-33	-39	365.8	41.4792	-79.4432
USC00368873	TIONESTA	19950112	25	22	11	25	22	11	365.8	41.4792	-79.4432
USC00368873	TIONESTA	19950113	0	44	11	0	44	11	365.8	41.4792	-79.4432
USC00368873	TIONESTA	19950114	0	167	11	0	167	11	365.8	41.4792	-79.4432
USC00368873	TIONESTA	19950115	0	178	44	0	178	44	365.8	41.4792	-79.4432
USC00368873	TIONESTA	19950116	0	156	11	0	156	11	365.8	41.4792	-79.4432
USC00368873	TIONESTA	19950117	0	33	11	0	33	11	365.8	41.4792	-79.4432
USC00368873	TIONESTA	19950118	0	33	11	0	33	11	365.8	41.4792	-79.4432
USC00368873	TIONESTA	19950119	0	144	22	0	144	22	365.8	41.4792	-79.4432
USC00368873	TIONESTA	19950120	0	111	33	0	111	33	365.8	41.4792	-79.4432
USC00368873	TIONESTA	19950121	0	56	0	0	56	0	365.8	41.4792	-79.4432
USC00368873	TIONESTA	19950122	51	6	-67	51	6	-67	365.8	41.4792	-79.4432
USC00368873	TIONESTA	19950123	51	-22	-72	51	-22	-72	365.8	41.4792	-79.4432
USC00368873	TIONESTA	19950124	51	-17	-78	51	-17	-78	365.8	41.4792	-79.4432
USC00368873	TIONESTA	19950125	51	0	-50	51	0	-50	365.8	41.4792	-79.4432
USC00368873	TIONESTA	19950126	76	-22	-56	76	-22	-56	365.8	41.4792	-79.4432
USC00368873	TIONESTA	19950127	51	-11	-67	51	-11	-67	365.8	41.4792	-79.4432
USC00368873	TIONESTA	19950128	51	0	-78	51	0	-78	365.8	41.4792	-79.4432
USC00368873	TIONESTA	19950129	25	11	-167	25	11	-167	365.8	41.4792	-79.4432
USC00368873	TIONESTA	19950130	25	-11	-156	25	-11	-156	365.8	41.4792	-79.4432
USC00368873	TIONESTA	19950131	0	9999	-133	0	NA	-133	365.8	41.4792	-79.4432
USC00368873	TIONESTA	19960101	203	22	-11	203	22	-11	365.8	41.4792	-79.4432
USC00368873	TIONESTA	19960102	178	11	0	178	11	0	365.8	41.4792	-79.4432
USC00368873	TIONESTA	19960103	254	0	-72	254	0	-72	365.8	41.4792	-79.4432
USC00368873	TIONESTA	19960104	279	-67	-233	279	-67	-233	365.8	41.4792	-79.4432
USC00368873	TIONESTA	19960105	254	-67	-233	254	-67	-233	365.8	41.4792	-79.4432
USC00368873	TIONESTA	19960106	254	-56	-233	254	-56	-233	365.8	41.4792	-79.4432
USC00368873	TIONESTA	19960107	254	-67	-233	254	-67	-233	365.8	41.4792	-79.4432
USC00368873	TIONESTA	19960108	330	-89	-167	330	-89	-167	365.8	41.4792	-79.4432
USC00368873	TIONESTA	19960109	305	-44	-122	305	-44	-122	365.8	41.4792	-79.4432
USC00368873	TIONESTA	19960110	381	-56	-111	381	-56	-111	365.8	41.4792	-79.4432
USC00368873	TIONESTA	19960111	381	-78	-200	381	-78	-200	365.8	41.4792	-79.4432
USC00368873	TIONESTA	19960112	356	-72	-206	356	-72	-206	365.8	41.4792	-79.4432
USC00368873	TIONESTA	19960113	356	-33	-67	356	-33	-67	365.8	41.4792	-79.4432
USC00368873	TIONESTA	19960114	330	-11	-67	330	-11	-67	365.8	41.4792	-79.4432
USC00368873	TIONESTA	19960115	279	67	-22	279	67	-22	365.8	41.4792	-79.4432
USC00368873	TIONESTA	19960116	279	72	-144	279	72	-144	365.8	41.4792	-79.4432
USC00368873	TIONESTA	19960117	279	56	-100	279	56	-100	365.8	41.4792	-79.4432
USC00368873	TIONESTA	19960118	203	72	-100	203	72	-100	365.8	41.4792	-79.4432
USC00368873	TIONESTA	19960119	0	144	56	0	144	56	365.8	41.4792	-79.4432
USC00368873	TIONESTA	19960120	25	72	-111	25	72	-111	365.8	41.4792	-79.4432
USC00368873	TIONESTA	19960121	25	-56	-122	25	-56	-122	365.8	41.4792	-79.4432
USC00368873	TIONESTA	19960122	0	11	-89	0	11	-89	365.8	41.4792	-79.4432
USC00368873	TIONESTA	19960123	0	22	-78	0	22	-78	365.8	41.4792	-79.4432
USC00368873	TIONESTA	19960124	0	56	0	0	56	0	365.8	41.4792	-79.4432
USC00368873	TIONESTA	19960125	0	-67	-89	0	-67	-89	365.8	41.4792	-79.4432
USC00368873	TIONESTA	19960126	0	-33	-89	0	-33	-89	365.8	41.4792	-79.4432
USC00368873	TIONESTA	19960127	0	78	44	0	78	44	365.8	41.4792	-79.4432
USC00368873	TIONESTA	19960128	25	44	-89	25	44	-89	365.8	41.4792	-79.4432
USC00368873	TIONESTA	19960129	0	-33	-89	0	-33	-89	365.8	41.4792	-79.4432
USC00368873	TIONESTA	19960130	0	44	-89	0	44	-89	365.8	41.4792	-79.4432
USC00368873	TIONESTA	19960131	25	-22	-122	25	-22	-122	365.8	41.4792	-79.4432
USC00368873	TIONESTA	19970101	0	33	-78	0	33	-78	365.8	41.4792	-79.4432
USC00368873	TIONESTA	19970102	0	22	-67	0	22	-67	365.8	41.4792	-79.4432
USC00368873	TIONESTA	19970103	0	117	17	0	117	17	365.8	41.4792	-79.4432
USC00368873	TIONESTA	19970104	0	144	78	0	144	78	365.8	41.4792	-79.4432
USC00368873	TIONESTA	19970105	0	189	78	0	189	78	365.8	41.4792	-79.4432
USC00368873	TIONESTA	19970106	0	144	-11	0	144	-11	365.8	41.4792	-79.4432
USC00368873	TIONESTA	19970107	0	-6	-72	0	-6	-72	365.8	41.4792	-79.4432
USC00368873	TIONESTA	19970108	25	-44	-72	25	-44	-72	365.8	41.4792	-79.4432
USC00368873	TIONESTA	19970109	25	-28	-89	25	-28	-89	365.8	41.4792	-79.4432
USC00368873	TIONESTA	19970110	76	6	-56	76	6	-56	365.8	41.4792	-79.4432
USC00368873	TIONESTA	19970111	51	-11	-156	51	-11	-156	365.8	41.4792	-79.4432
USC00368873	TIONESTA	19970112	51	-111	-156	51	-111	-156	365.8	41.4792	-79.4432
USC00368873	TIONESTA	19970113	0	-100	-144	0	-100	-144	365.8	41.4792	-79.4432
USC00368873	TIONESTA	19970114	51	-89	-144	51	-89	-144	365.8	41.4792	-79.4432
USC00368873	TIONESTA	19970115	51	-44	-178	51	-44	-178	365.8	41.4792	-79.4432
USC00368873	TIONESTA	19970116	51	-11	-172	51	-11	-172	365.8	41.4792	-79.4432
USC00368873	TIONESTA	19970117	102	-11	-189	102	-11	-189	365.8	41.4792	-79.4432
USC00368873	TIONESTA	19970118	102	-144	-194	102	-144	-194	365.8	41.4792	-79.4432
USC00368873	TIONESTA	19970119	102	-122	-261	102	-122	-261	365.8	41.4792	-79.4432
USC00368873	TIONESTA	19970120	76	-50	-272	76	-50	-272	365.8	41.4792	-79.4432
USC00368873	TIONESTA	19970121	102	-17	-156	102	-17	-156	365.8	41.4792	-79.4432
USC00368873	TIONESTA	19970122	76	44	-133	76	44	-133	365.8	41.4792	-79.4432
USC00368873	TIONESTA	19970123	0	100	-11	0	100	-11	365.8	41.4792	-79.4432
USC00368873	TIONESTA	19970124	0	22	-67	0	22	-67	365.8	41.4792	-79.4432
USC00368873	TIONESTA	19970125	25	44	-56	25	44	-56	365.8	41.4792	-79.4432
USC00368873	TIONESTA	19970126	25	39	-78	25	39	-78	365.8	41.4792	-79.4432
USC00368873	TIONESTA	19970127	25	-50	-100	25	-50	-100	365.8	41.4792	-79.4432
USC00368873	TIONESTA	19970128	102	17	-56	102	17	-56	365.8	41.4792	-79.4432
USC00368873	TIONESTA	19970129	102	-33	-144	102	-33	-144	365.8	41.4792	-79.4432
USC00368873	TIONESTA	19970130	51	-50	-144	51	-50	-144	365.8	41.4792	-79.4432
USC00368873	TIONESTA	19970131	51	22	-133	51	22	-133	365.8	41.4792	-79.4432
USC00368873	TIONESTA	19980101	102	-44	-133	102	-44	-133	365.8	41.4792	-79.4432
USC00368873	TIONESTA	19980102	76	-11	-133	76	-11	-133	365.8	41.4792	-79.4432
USC00368873	TIONESTA	19980103	0	67	-11	0	67	-11	365.8	41.4792	-79.4432
USC00368873	TIONESTA	19980104	0	111	44	0	111	44	365.8	41.4792	-79.4432
USC00368873	TIONESTA	19980105	0	89	22	0	89	22	365.8	41.4792	-79.4432
USC00368873	TIONESTA	19980106	0	156	22	0	156	22	365.8	41.4792	-79.4432
USC00368873	TIONESTA	19980107	0	133	89	0	133	89	365.8	41.4792	-79.4432
USC00368873	TIONESTA	19980108	0	178	89	0	178	89	365.8	41.4792	-79.4432
USC00368873	TIONESTA	19980109	0	189	78	0	189	78	365.8	41.4792	-79.4432
USC00368873	TIONESTA	19980110	0	78	22	0	78	22	365.8	41.4792	-79.4432
USC00368873	TIONESTA	19980111	0	44	-33	0	44	-33	365.8	41.4792	-79.4432
USC00368873	TIONESTA	19980112	0	22	-78	0	22	-78	365.8	41.4792	-79.4432
USC00368873	TIONESTA	19980113	0	78	-78	0	78	-78	365.8	41.4792	-79.4432
USC00368873	TIONESTA	19980114	25	78	-111	25	78	-111	365.8	41.4792	-79.4432
USC00368873	TIONESTA	19980115	0	-11	-111	0	-11	-111	365.8	41.4792	-79.4432
USC00368873	TIONESTA	19980116	0	0	-22	0	0	-22	365.8	41.4792	-79.4432
USC00368873	TIONESTA	19980117	0	6	-17	0	6	-17	365.8	41.4792	-79.4432
USC00368873	TIONESTA	19980118	51	17	-17	51	17	-17	365.8	41.4792	-79.4432
USC00368873	TIONESTA	19980119	76	6	-44	76	6	-44	365.8	41.4792	-79.4432
USC00368873	TIONESTA	19980120	76	6	-39	76	6	-39	365.8	41.4792	-79.4432
USC00368873	TIONESTA	19980121	51	6	-111	51	6	-111	365.8	41.4792	-79.4432
USC00368873	TIONESTA	19980122	51	-11	-117	51	-11	-117	365.8	41.4792	-79.4432
USC00368873	TIONESTA	19980123	25	11	-22	25	11	-22	365.8	41.4792	-79.4432
USC00368873	TIONESTA	19980124	25	22	-11	25	22	-11	365.8	41.4792	-79.4432
USC00368873	TIONESTA	19980125	25	11	-22	25	11	-22	365.8	41.4792	-79.4432
USC00368873	TIONESTA	19980126	25	-11	-33	25	-11	-33	365.8	41.4792	-79.4432
USC00368873	TIONESTA	19980127	0	56	-44	0	56	-44	365.8	41.4792	-79.4432
USC00368873	TIONESTA	19980128	0	56	-22	0	56	-22	365.8	41.4792	-79.4432
USC00368873	TIONESTA	19980129	0	89	-39	0	89	-39	365.8	41.4792	-79.4432
USC00368873	TIONESTA	19980130	0	72	-33	0	72	-33	365.8	41.4792	-79.4432
USC00368873	TIONESTA	19980131	0	22	-22	0	22	-22	365.8	41.4792	-79.4432
USC00368873	TIONESTA	19990101	51	-67	-100	51	-67	-100	365.8	41.4792	-79.4432
USC00368873	TIONESTA	19990102	51	-67	-144	51	-67	-144	365.8	41.4792	-79.4432
USC00368873	TIONESTA	19990103	102	0	-144	102	0	-144	365.8	41.4792	-79.4432
USC00368873	TIONESTA	19990104	102	22	-117	102	22	-117	365.8	41.4792	-79.4432
USC00368873	TIONESTA	19990105	102	-6	-161	102	-6	-161	365.8	41.4792	-79.4432
USC00368873	TIONESTA	19990106	102	-78	-161	102	-78	-161	365.8	41.4792	-79.4432
USC00368873	TIONESTA	19990107	203	-22	-139	203	-22	-139	365.8	41.4792	-79.4432
USC00368873	TIONESTA	19990108	203	-67	-189	203	-67	-189	365.8	41.4792	-79.4432
USC00368873	TIONESTA	19990109	254	-44	-67	254	-44	-67	365.8	41.4792	-79.4432
USC00368873	TIONESTA	19990110	279	-44	-122	279	-44	-122	365.8	41.4792	-79.4432
USC00368873	TIONESTA	19990111	279	-67	-156	279	-67	-156	365.8	41.4792	-79.4432
USC00368873	TIONESTA	19990112	305	17	-156	305	17	-156	365.8	41.4792	-79.4432
USC00368873	TIONESTA	19990113	229	28	-33	229	28	-33	365.8	41.4792	-79.4432
USC00368873	TIONESTA	19990114	330	-11	-122	330	-11	-122	365.8	41.4792	-79.4432
USC00368873	TIONESTA	19990115	432	-22	-111	432	-22	-111	365.8	41.4792	-79.4432
USC00368873	TIONESTA	19990116	432	-44	-100	432	-44	-100	365.8	41.4792	-79.4432
USC00368873	TIONESTA	19990117	381	33	-72	381	33	-72	365.8	41.4792	-79.4432
USC00368873	TIONESTA	19990118	330	89	-50	330	89	-50	365.8	41.4792	-79.4432
USC00368873	TIONESTA	19990119	330	44	-11	330	44	-11	365.8	41.4792	-79.4432
USC00368873	TIONESTA	19990120	305	44	-11	305	44	-11	365.8	41.4792	-79.4432
USC00368873	TIONESTA	19990121	305	100	-56	305	100	-56	365.8	41.4792	-79.4432
USC00368873	TIONESTA	19990122	279	44	-56	279	44	-56	365.8	41.4792	-79.4432
USC00368873	TIONESTA	19990123	229	100	22	229	100	22	365.8	41.4792	-79.4432
USC00368873	TIONESTA	19990124	127	156	44	127	156	44	365.8	41.4792	-79.4432
USC00368873	TIONESTA	19990125	152	44	0	152	44	0	365.8	41.4792	-79.4432
USC00368873	TIONESTA	19990126	152	22	-11	152	22	-11	365.8	41.4792	-79.4432
USC00368873	TIONESTA	19990127	127	44	-78	127	44	-78	365.8	41.4792	-79.4432
USC00368873	TIONESTA	19990128	102	89	-67	102	89	-67	365.8	41.4792	-79.4432
USC00368873	TIONESTA	19990129	76	44	-33	76	44	-33	365.8	41.4792	-79.4432
USC00368873	TIONESTA	19990130	76	22	-78	76	22	-78	365.8	41.4792	-79.4432
USC00368873	TIONESTA	19990131	76	22	-111	76	22	-111	365.8	41.4792	-79.4432
USC00368873	TIONESTA	20000101	25	56	-78	25	56	-78	365.8	41.4792	-79.4432
USC00368873	TIONESTA	20000102	0	122	-78	0	122	-78	365.8	41.4792	-79.4432
USC00368873	TIONESTA	20000103	0	161	11	0	161	11	365.8	41.4792	-79.4432
USC00368873	TIONESTA	20000104	0	139	78	0	139	78	365.8	41.4792	-79.4432
USC00368873	TIONESTA	20000105	0	139	-39	0	139	-39	365.8	41.4792	-79.4432
USC00368873	TIONESTA	20000106	0	-6	-72	0	-6	-72	365.8	41.4792	-79.4432
USC00368873	TIONESTA	20000107	25	44	-33	25	44	-33	365.8	41.4792	-79.4432
USC00368873	TIONESTA	20000108	0	22	-67	0	22	-67	365.8	41.4792	-79.4432
USC00368873	TIONESTA	20000109	0	44	-56	0	44	-56	365.8	41.4792	-79.4432
USC00368873	TIONESTA	20000110	0	78	-11	0	78	-11	365.8	41.4792	-79.4432
USC00368873	TIONESTA	20000111	0	100	33	0	100	33	365.8	41.4792	-79.4432
USC00368873	TIONESTA	20000112	0	56	-11	0	56	-11	365.8	41.4792	-79.4432
USC00368873	TIONESTA	20000113	25	94	-17	25	94	-17	365.8	41.4792	-79.4432
USC00368873	TIONESTA	20000114	25	-11	-133	25	-11	-133	365.8	41.4792	-79.4432
USC00368873	TIONESTA	20000115	51	-33	-117	51	-33	-117	365.8	41.4792	-79.4432
USC00368873	TIONESTA	20000116	25	39	-100	25	39	-100	365.8	41.4792	-79.4432
USC00368873	TIONESTA	20000117	25	17	-161	25	17	-161	365.8	41.4792	-79.4432
USC00368873	TIONESTA	20000118	25	-78	-178	25	-78	-178	365.8	41.4792	-79.4432
USC00368873	TIONESTA	20000119	76	-44	-133	76	-44	-133	365.8	41.4792	-79.4432
USC00368873	TIONESTA	20000120	127	-44	-67	127	-44	-67	365.8	41.4792	-79.4432
USC00368873	TIONESTA	20000121	152	-22	-133	152	-22	-133	365.8	41.4792	-79.4432
USC00368873	TIONESTA	20000122	152	-33	-178	152	-33	-178	365.8	41.4792	-79.4432
USC00368873	TIONESTA	20000123	152	-67	-167	152	-67	-167	365.8	41.4792	-79.4432
USC00368873	TIONESTA	20000124	127	-17	-106	127	-17	-106	365.8	41.4792	-79.4432
USC00368873	TIONESTA	20000125	127	-17	-167	127	-17	-167	365.8	41.4792	-79.4432
USC00368873	TIONESTA	20000126	127	-50	-128	127	-50	-128	365.8	41.4792	-79.4432
USC00368873	TIONESTA	20000127	127	6	-183	127	6	-183	365.8	41.4792	-79.4432
USC00368873	TIONESTA	20000128	152	-94	-178	152	-94	-178	365.8	41.4792	-79.4432
USC00368873	TIONESTA	20000129	127	-33	-144	127	-33	-144	365.8	41.4792	-79.4432
USC00368873	TIONESTA	20000130	127	33	-144	127	33	-144	365.8	41.4792	-79.4432
USC00368873	TIONESTA	20000131	178	11	-67	178	11	-67	365.8	41.4792	-79.4432
USC00368873	TIONESTA	20010101	152	-67	-89	152	-67	-89	365.8	41.4792	-79.4432
USC00368873	TIONESTA	20010102	152	-44	-156	152	-44	-156	365.8	41.4792	-79.4432
USC00368873	TIONESTA	20010103	152	-67	-167	152	-67	-167	365.8	41.4792	-79.4432
USC00368873	TIONESTA	20010104	203	-44	-144	203	-44	-144	365.8	41.4792	-79.4432
USC00368873	TIONESTA	20010105	229	-44	-78	229	-44	-78	365.8	41.4792	-79.4432
USC00368873	TIONESTA	20010106	254	-22	-67	254	-22	-67	365.8	41.4792	-79.4432
USC00368873	TIONESTA	20010107	9999	-11	-67	NA	-11	-67	365.8	41.4792	-79.4432
USC00368873	TIONESTA	20010108	203	22	-22	203	22	-22	365.8	41.4792	-79.4432
USC00368873	TIONESTA	20010109	152	-22	-144	152	-22	-144	365.8	41.4792	-79.4432
USC00368873	TIONESTA	20010110	152	-67	-144	152	-67	-144	365.8	41.4792	-79.4432
USC00368873	TIONESTA	20010111	127	22	-89	127	22	-89	365.8	41.4792	-79.4432
USC00368873	TIONESTA	20010112	102	22	-150	102	22	-150	365.8	41.4792	-79.4432
USC00368873	TIONESTA	20010113	152	61	-156	152	61	-156	365.8	41.4792	-79.4432
USC00368873	TIONESTA	20010114	152	72	-117	152	72	-117	365.8	41.4792	-79.4432
USC00368873	TIONESTA	20010115	127	22	-100	127	22	-100	365.8	41.4792	-79.4432
USC00368873	TIONESTA	20010116	102	39	-17	102	39	-17	365.8	41.4792	-79.4432
USC00368873	TIONESTA	20010117	127	0	-17	127	0	-17	365.8	41.4792	-79.4432
USC00368873	TIONESTA	20010118	102	-17	-39	102	-17	-39	365.8	41.4792	-79.4432
USC00368873	TIONESTA	20010119	102	33	-39	102	33	-39	365.8	41.4792	-79.4432
USC00368873	TIONESTA	20010120	102	-11	-78	102	-11	-78	365.8	41.4792	-79.4432
USC00368873	TIONESTA	20010121	102	-78	-133	102	-78	-133	365.8	41.4792	-79.4432
USC00368873	TIONESTA	20010122	102	-33	-122	102	-33	-122	365.8	41.4792	-79.4432
USC00368873	TIONESTA	20010123	102	-44	-156	102	-44	-156	365.8	41.4792	-79.4432
USC00368873	TIONESTA	20010124	102	44	-133	102	44	-133	365.8	41.4792	-79.4432
USC00368873	TIONESTA	20010125	102	22	-78	102	22	-78	365.8	41.4792	-79.4432
USC00368873	TIONESTA	20010126	102	-11	-83	102	-11	-83	365.8	41.4792	-79.4432
USC00368873	TIONESTA	20010127	152	-11	-78	152	-11	-78	365.8	41.4792	-79.4432
USC00368873	TIONESTA	20010128	178	-22	-89	178	-22	-89	365.8	41.4792	-79.4432
USC00368873	TIONESTA	20010129	178	-44	-167	178	-44	-167	365.8	41.4792	-79.4432
USC00368873	TIONESTA	20010130	127	-6	-167	127	-6	-167	365.8	41.4792	-79.4432
USC00368873	TIONESTA	20010131	76	89	-6	76	89	-6	365.8	41.4792	-79.4432
USC00368873	TIONESTA	20020101	51	-78	-100	51	-78	-100	365.8	41.4792	-79.4432
USC00368873	TIONESTA	20020102	51	-50	-144	51	-50	-144	365.8	41.4792	-79.4432
USC00368873	TIONESTA	20020103	51	-39	-133	51	-39	-133	365.8	41.4792	-79.4432
USC00368873	TIONESTA	20020104	25	-11	-94	25	-11	-94	365.8	41.4792	-79.4432
USC00368873	TIONESTA	20020105	25	-11	-67	25	-11	-67	365.8	41.4792	-79.4432
USC00368873	TIONESTA	20020106	25	11	-33	25	11	-33	365.8	41.4792	-79.4432
USC00368873	TIONESTA	20020107	127	-11	-33	127	-11	-33	365.8	41.4792	-79.4432
USC00368873	TIONESTA	20020108	127	-11	-72	127	-11	-72	365.8	41.4792	-79.4432
USC00368873	TIONESTA	20020109	102	-11	-72	102	-11	-72	365.8	41.4792	-79.4432
USC00368873	TIONESTA	20020110	51	44	-72	51	44	-72	365.8	41.4792	-79.4432
USC00368873	TIONESTA	20020111	25	78	0	25	78	0	365.8	41.4792	-79.4432
USC00368873	TIONESTA	20020112	25	56	-28	25	56	-28	365.8	41.4792	-79.4432
USC00368873	TIONESTA	20020113	51	44	-33	51	44	-33	365.8	41.4792	-79.4432
USC00368873	TIONESTA	20020114	51	0	-89	51	0	-89	365.8	41.4792	-79.4432
USC00368873	TIONESTA	20020115	25	44	-89	25	44	-89	365.8	41.4792	-79.4432
USC00368873	TIONESTA	20020116	25	0	-22	25	0	-22	365.8	41.4792	-79.4432
USC00368873	TIONESTA	20020117	25	11	-22	25	11	-22	365.8	41.4792	-79.4432
USC00368873	TIONESTA	20020118	25	11	-67	25	11	-67	365.8	41.4792	-79.4432
USC00368873	TIONESTA	20020119	25	-33	-111	25	-33	-111	365.8	41.4792	-79.4432
USC00368873	TIONESTA	20020120	127	-33	-156	127	-33	-156	365.8	41.4792	-79.4432
USC00368873	TIONESTA	20020121	102	0	-156	102	0	-156	365.8	41.4792	-79.4432
USC00368873	TIONESTA	20020122	102	0	-67	102	0	-67	365.8	41.4792	-79.4432
USC00368873	TIONESTA	20020123	51	83	-67	51	83	-67	365.8	41.4792	-79.4432
USC00368873	TIONESTA	20020124	25	50	-28	25	50	-28	365.8	41.4792	-79.4432
USC00368873	TIONESTA	20020125	0	61	-56	0	61	-56	365.8	41.4792	-79.4432
USC00368873	TIONESTA	20020126	0	44	-67	0	44	-67	365.8	41.4792	-79.4432
USC00368873	TIONESTA	20020127	0	100	-67	0	100	-67	365.8	41.4792	-79.4432
USC00368873	TIONESTA	20020128	0	133	-67	0	133	-67	365.8	41.4792	-79.4432
USC00368873	TIONESTA	20020129	0	144	-56	0	144	-56	365.8	41.4792	-79.4432
USC00368873	TIONESTA	20020130	0	156	17	0	156	17	365.8	41.4792	-79.4432
USC00368873	TIONESTA	20020131	0	89	6	0	89	6	365.8	41.4792	-79.4432
USC00368873	TIONESTA	20030101	0	111	0	0	111	0	365.8	41.4792	-79.4432
USC00368873	TIONESTA	20030102	0	122	-33	0	122	-33	365.8	41.4792	-79.4432
USC00368873	TIONESTA	20030103	25	6	-33	25	6	-33	365.8	41.4792	-79.4432
USC00368873	TIONESTA	20030104	102	6	-39	102	6	-39	365.8	41.4792	-79.4432
USC00368873	TIONESTA	20030105	76	6	-44	76	6	-44	365.8	41.4792	-79.4432
USC00368873	TIONESTA	20030106	127	-17	-44	127	-17	-44	365.8	41.4792	-79.4432
USC00368873	TIONESTA	20030107	127	-6	-117	127	-6	-117	365.8	41.4792	-79.4432
USC00368873	TIONESTA	20030108	102	17	-117	102	17	-117	365.8	41.4792	-79.4432
USC00368873	TIONESTA	20030109	51	56	11	51	56	11	365.8	41.4792	-79.4432
USC00368873	TIONESTA	20030110	51	72	-56	51	72	-56	365.8	41.4792	-79.4432
USC00368873	TIONESTA	20030111	76	-39	-94	76	-39	-94	365.8	41.4792	-79.4432
USC00368873	TIONESTA	20030112	76	-39	-94	76	-39	-94	365.8	41.4792	-79.4432
USC00368873	TIONESTA	20030113	76	-39	-133	76	-39	-133	365.8	41.4792	-79.4432
USC00368873	TIONESTA	20030114	76	-22	-89	76	-22	-89	365.8	41.4792	-79.4432
USC00368873	TIONESTA	20030115	76	-61	-106	76	-61	-106	365.8	41.4792	-79.4432
USC00368873	TIONESTA	20030116	102	-83	-111	102	-83	-111	365.8	41.4792	-79.4432
USC00368873	TIONESTA	20030117	102	-78	-133	102	-78	-133	365.8	41.4792	-79.4432
USC00368873	TIONESTA	20030118	102	-83	-217	102	-83	-217	365.8	41.4792	-79.4432
USC00368873	TIONESTA	20030119	102	-72	-217	102	-72	-217	365.8	41.4792	-79.4432
USC00368873	TIONESTA	20030120	203	-50	-106	203	-50	-106	365.8	41.4792	-79.4432
USC00368873	TIONESTA	20030121	203	-33	-144	203	-33	-144	365.8	41.4792	-79.4432
USC00368873	TIONESTA	20030122	203	-78	-206	203	-78	-206	365.8	41.4792	-79.4432
USC00368873	TIONESTA	20030123	178	-78	-244	178	-78	-244	365.8	41.4792	-79.4432
USC00368873	TIONESTA	20030124	203	-83	-244	203	-83	-244	365.8	41.4792	-79.4432
USC00368873	TIONESTA	20030125	178	-83	-183	178	-83	-183	365.8	41.4792	-79.4432
USC00368873	TIONESTA	20030126	178	-67	-56	178	-67	-56	365.8	41.4792	-79.4432
USC00368873	TIONESTA	20030127	254	-39	-217	254	-39	-217	365.8	41.4792	-79.4432
USC00368873	TIONESTA	20030128	254	-94	-200	254	-94	-200	365.8	41.4792	-79.4432
USC00368873	TIONESTA	20030129	279	-22	-117	279	-22	-117	365.8	41.4792	-79.4432
USC00368873	TIONESTA	20030130	279	-22	-172	279	-22	-172	365.8	41.4792	-79.4432
USC00368873	TIONESTA	20030131	254	0	-172	254	0	-172	365.8	41.4792	-79.4432
USC00368873	TIONESTA	20040101	0	83	-61	0	83	-61	365.8	41.4792	-79.4432
USC00368873	TIONESTA	20040102	0	56	-39	0	56	-39	365.8	41.4792	-79.4432
USC00368873	TIONESTA	20040103	0	128	33	0	128	33	365.8	41.4792	-79.4432
USC00368873	TIONESTA	20040104	0	150	28	0	150	28	365.8	41.4792	-79.4432
USC00368873	TIONESTA	20040105	0	28	6	0	28	6	365.8	41.4792	-79.4432
USC00368873	TIONESTA	20040106	0	39	-50	0	39	-50	365.8	41.4792	-79.4432
USC00368873	TIONESTA	20040107	25	-50	-133	25	-50	-133	365.8	41.4792	-79.4432
USC00368873	TIONESTA	20040108	25	-78	-122	25	-78	-122	365.8	41.4792	-79.4432
USC00368873	TIONESTA	20040109	25	-39	-117	25	-39	-117	365.8	41.4792	-79.4432
USC00368873	TIONESTA	20040110	25	-72	-156	25	-72	-156	365.8	41.4792	-79.4432
USC00368873	TIONESTA	20040111	25	-106	-161	25	-106	-161	365.8	41.4792	-79.4432
USC00368873	TIONESTA	20040112	25	11	-194	25	11	-194	365.8	41.4792	-79.4432
USC00368873	TIONESTA	20040113	25	17	-11	25	17	-11	365.8	41.4792	-79.4432
USC00368873	TIONESTA	20040114	25	-6	-133	25	-6	-133	365.8	41.4792	-79.4432
USC00368873	TIONESTA	20040115	229	-6	-139	229	-6	-139	365.8	41.4792	-79.4432
USC00368873	TIONESTA	20040116	229	-6	-228	229	-6	-228	365.8	41.4792	-79.4432
USC00368873	TIONESTA	20040117	152	-94	-239	152	-94	-239	365.8	41.4792	-79.4432
USC00368873	TIONESTA	20040118	178	0	-183	178	0	-183	365.8	41.4792	-79.4432
USC00368873	TIONESTA	20040119	203	-11	-106	203	-11	-106	365.8	41.4792	-79.4432
USC00368873	TIONESTA	20040120	229	-78	-106	229	-78	-106	365.8	41.4792	-79.4432
USC00368873	TIONESTA	20040121	203	-78	-150	203	-78	-150	365.8	41.4792	-79.4432
USC00368873	TIONESTA	20040122	178	-67	-150	178	-67	-150	365.8	41.4792	-79.4432
USC00368873	TIONESTA	20040123	178	-11	-183	178	-11	-183	365.8	41.4792	-79.4432
USC00368873	TIONESTA	20040124	178	-122	-183	178	-122	-183	365.8	41.4792	-79.4432
USC00368873	TIONESTA	20040125	178	-89	-244	178	-89	-244	365.8	41.4792	-79.4432
USC00368873	TIONESTA	20040126	203	-83	-228	203	-83	-228	365.8	41.4792	-79.4432
USC00368873	TIONESTA	20040127	178	-50	-100	178	-50	-100	365.8	41.4792	-79.4432
USC00368873	TIONESTA	20040128	305	-17	-94	305	-17	-94	365.8	41.4792	-79.4432
USC00368873	TIONESTA	20040129	330	-72	-122	330	-72	-122	365.8	41.4792	-79.4432
USC00368873	TIONESTA	20040130	279	-67	-150	279	-67	-150	365.8	41.4792	-79.4432
USC00368873	TIONESTA	20040131	254	-111	-150	254	-111	-150	365.8	41.4792	-79.4432
USC00368873	TIONESTA	20050101	0	117	61	0	117	61	365.8	41.4792	-79.4432
USC00368873	TIONESTA	20050102	0	72	-28	0	72	-28	365.8	41.4792	-79.4432
USC00368873	TIONESTA	20050103	0	133	11	0	133	11	365.8	41.4792	-79.4432
USC00368873	TIONESTA	20050104	0	100	33	0	100	33	365.8	41.4792	-79.4432
USC00368873	TIONESTA	20050105	25	44	0	25	44	0	365.8	41.4792	-79.4432
USC00368873	TIONESTA	20050106	51	6	-11	51	6	-11	365.8	41.4792	-79.4432
USC00368873	TIONESTA	20050107	25	44	-33	25	44	-33	365.8	41.4792	-79.4432
USC00368873	TIONESTA	20050108	25	11	-33	25	11	-33	365.8	41.4792	-79.4432
USC00368873	TIONESTA	20050109	25	17	-11	25	17	-11	365.8	41.4792	-79.4432
USC00368873	TIONESTA	20050110	0	39	-17	0	39	-17	365.8	41.4792	-79.4432
USC00368873	TIONESTA	20050111	0	22	-17	0	22	-17	365.8	41.4792	-79.4432
USC00368873	TIONESTA	20050112	25	22	-6	25	22	-6	365.8	41.4792	-79.4432
USC00368873	TIONESTA	20050113	25	44	17	25	44	17	365.8	41.4792	-79.4432
USC00368873	TIONESTA	20050114	25	200	-6	25	200	-6	365.8	41.4792	-79.4432
USC00368873	TIONESTA	20050115	0	0	-106	0	0	-106	365.8	41.4792	-79.4432
USC00368873	TIONESTA	20050116	0	-22	-106	0	-22	-106	365.8	41.4792	-79.4432
USC00368873	TIONESTA	20050117	51	-44	-133	51	-44	-133	365.8	41.4792	-79.4432
USC00368873	TIONESTA	20050118	51	-44	-172	51	-44	-172	365.8	41.4792	-79.4432
USC00368873	TIONESTA	20050119	51	-94	-178	51	-94	-178	365.8	41.4792	-79.4432
USC00368873	TIONESTA	20050120	102	-28	-94	102	-28	-94	365.8	41.4792	-79.4432
USC00368873	TIONESTA	20050121	76	-56	-200	76	-56	-200	365.8	41.4792	-79.4432
USC00368873	TIONESTA	20050122	76	-78	-200	76	-78	-200	365.8	41.4792	-79.4432
USC00368873	TIONESTA	20050123	229	-78	-156	229	-78	-156	365.8	41.4792	-79.4432
USC00368873	TIONESTA	20050124	203	-100	-250	203	-100	-250	365.8	41.4792	-79.4432
USC00368873	TIONESTA	20050125	229	-56	-228	229	-56	-228	365.8	41.4792	-79.4432
USC00368873	TIONESTA	20050126	203	17	-56	203	17	-56	365.8	41.4792	-79.4432
USC00368873	TIONESTA	20050127	203	0	-200	203	0	-200	365.8	41.4792	-79.4432
USC00368873	TIONESTA	20050128	178	-78	-239	178	-78	-239	365.8	41.4792	-79.4432
USC00368873	TIONESTA	20050129	178	-22	-239	178	-22	-239	365.8	41.4792	-79.4432
USC00368873	TIONESTA	20050130	203	11	-167	203	11	-167	365.8	41.4792	-79.4432
USC00368873	TIONESTA	20050131	178	50	-156	178	50	-156	365.8	41.4792	-79.4432
											
											
											
											
											
											
											
											
											
											
											
											
											
											
											
											
											
											
											
											
											
											
											
											
											
											
											
											
											
											
											
											
											
											
											
											
											
											
											
											
											
											
											
											
											
											
											
											
											
											
											
											
											
											
											
											
											
											
											
