STATION	NAME	DATE	SNWD	TMAX	TMIN	SNWD2	TMAX2	TMIN2	ELEV	LAT	LONG
USC00368905	TOWANDA	19950101	0	39	-67	0	39	-67	231.6	41.7511	-76.4430
USC00368905	TOWANDA	19950102	0	94	6	0	94	6	231.6	41.7511	-76.4430
USC00368905	TOWANDA	19950103	0	6	-83	0	6	-83	231.6	41.7511	-76.4430
USC00368905	TOWANDA	19950104	0	-22	-89	0	-22	-89	231.6	41.7511	-76.4430
USC00368905	TOWANDA	19950105	0	-50	-133	0	-50	-133	231.6	41.7511	-76.4430
USC00368905	TOWANDA	19950106	0	-56	-133	0	-56	-133	231.6	41.7511	-76.4430
USC00368905	TOWANDA	19950107	0	6	-111	0	6	-111	231.6	41.7511	-76.4430
USC00368905	TOWANDA	19950108	0	11	-72	0	11	-72	231.6	41.7511	-76.4430
USC00368905	TOWANDA	19950109	0	6	-78	0	6	-78	231.6	41.7511	-76.4430
USC00368905	TOWANDA	19950110	0	-6	-122	0	-6	-122	231.6	41.7511	-76.4430
USC00368905	TOWANDA	19950111	0	-33	-117	0	-33	-117	231.6	41.7511	-76.4430
USC00368905	TOWANDA	19950112	0	56	-39	0	56	-39	231.6	41.7511	-76.4430
USC00368905	TOWANDA	19950113	0	94	39	0	94	39	231.6	41.7511	-76.4430
USC00368905	TOWANDA	19950114	0	178	6	0	178	6	231.6	41.7511	-76.4430
USC00368905	TOWANDA	19950115	0	183	33	0	183	33	231.6	41.7511	-76.4430
USC00368905	TOWANDA	19950116	0	178	133	0	178	133	231.6	41.7511	-76.4430
USC00368905	TOWANDA	19950117	0	139	22	0	139	22	231.6	41.7511	-76.4430
USC00368905	TOWANDA	19950118	0	33	6	0	33	6	231.6	41.7511	-76.4430
USC00368905	TOWANDA	19950119	0	72	11	0	72	11	231.6	41.7511	-76.4430
USC00368905	TOWANDA	19950120	0	72	50	0	72	50	231.6	41.7511	-76.4430
USC00368905	TOWANDA	19950121	0	83	11	0	83	11	231.6	41.7511	-76.4430
USC00368905	TOWANDA	19950122	0	33	-28	0	33	-28	231.6	41.7511	-76.4430
USC00368905	TOWANDA	19950123	25	-11	-67	25	-11	-67	231.6	41.7511	-76.4430
USC00368905	TOWANDA	19950124	25	-6	-72	25	-6	-72	231.6	41.7511	-76.4430
USC00368905	TOWANDA	19950125	25	11	-28	25	11	-28	231.6	41.7511	-76.4430
USC00368905	TOWANDA	19950126	0	22	-28	0	22	-28	231.6	41.7511	-76.4430
USC00368905	TOWANDA	19950127	0	0	-39	0	0	-39	231.6	41.7511	-76.4430
USC00368905	TOWANDA	19950128	0	-6	-111	0	-6	-111	231.6	41.7511	-76.4430
USC00368905	TOWANDA	19950129	0	-44	-150	0	-44	-150	231.6	41.7511	-76.4430
USC00368905	TOWANDA	19950130	0	-11	-156	0	-11	-156	231.6	41.7511	-76.4430
USC00368905	TOWANDA	19950131	0	28	-144	0	28	-144	231.6	41.7511	-76.4430
USC00368905	TOWANDA	19960101	127	22	-94	127	22	-94	231.6	41.7511	-76.4430
USC00368905	TOWANDA	19960102	127	33	-22	127	33	-22	231.6	41.7511	-76.4430
USC00368905	TOWANDA	19960103	330	-22	-89	330	-22	-89	231.6	41.7511	-76.4430
USC00368905	TOWANDA	19960104	305	-67	-167	305	-67	-167	231.6	41.7511	-76.4430
USC00368905	TOWANDA	19960105	305	-89	-228	305	-89	-228	231.6	41.7511	-76.4430
USC00368905	TOWANDA	19960106	279	-61	-239	279	-61	-239	231.6	41.7511	-76.4430
USC00368905	TOWANDA	19960107	279	-117	-250	279	-117	-250	231.6	41.7511	-76.4430
USC00368905	TOWANDA	19960108	457	-106	-150	457	-106	-150	231.6	41.7511	-76.4430
USC00368905	TOWANDA	19960109	432	-72	-189	432	-72	-189	231.6	41.7511	-76.4430
USC00368905	TOWANDA	19960110	457	-67	-200	457	-67	-200	231.6	41.7511	-76.4430
USC00368905	TOWANDA	19960111	432	-50	-206	432	-50	-206	231.6	41.7511	-76.4430
USC00368905	TOWANDA	19960112	406	-67	-222	406	-67	-222	231.6	41.7511	-76.4430
USC00368905	TOWANDA	19960113	610	-44	-111	610	-44	-111	231.6	41.7511	-76.4430
USC00368905	TOWANDA	19960114	559	-6	-133	559	-6	-133	231.6	41.7511	-76.4430
USC00368905	TOWANDA	19960115	508	50	-83	508	50	-83	231.6	41.7511	-76.4430
USC00368905	TOWANDA	19960116	483	-33	-211	483	-33	-211	231.6	41.7511	-76.4430
USC00368905	TOWANDA	19960117	457	39	-211	457	39	-211	231.6	41.7511	-76.4430
USC00368905	TOWANDA	19960118	381	89	6	381	89	6	231.6	41.7511	-76.4430
USC00368905	TOWANDA	19960119	102	161	17	102	161	17	231.6	41.7511	-76.4430
USC00368905	TOWANDA	19960120	25	167	-89	25	167	-89	231.6	41.7511	-76.4430
USC00368905	TOWANDA	19960121	25	-39	-94	25	-39	-94	231.6	41.7511	-76.4430
USC00368905	TOWANDA	19960122	0	0	-89	0	0	-89	231.6	41.7511	-76.4430
USC00368905	TOWANDA	19960123	0	44	-89	0	44	-89	231.6	41.7511	-76.4430
USC00368905	TOWANDA	19960124	0	44	-17	0	44	-17	231.6	41.7511	-76.4430
USC00368905	TOWANDA	19960125	0	100	-56	0	100	-56	231.6	41.7511	-76.4430
USC00368905	TOWANDA	19960126	0	-28	-72	0	-28	-72	231.6	41.7511	-76.4430
USC00368905	TOWANDA	19960127	0	94	-39	0	94	-39	231.6	41.7511	-76.4430
USC00368905	TOWANDA	19960128	0	122	-44	0	122	-44	231.6	41.7511	-76.4430
USC00368905	TOWANDA	19960129	0	-11	-72	0	-11	-72	231.6	41.7511	-76.4430
USC00368905	TOWANDA	19960130	0	0	-56	0	0	-56	231.6	41.7511	-76.4430
USC00368905	TOWANDA	19960131	25	50	-100	25	50	-100	231.6	41.7511	-76.4430
USC00368905	TOWANDA	19970101	0	-22	-128	0	-22	-128	231.6	41.7511	-76.4430
USC00368905	TOWANDA	19970102	0	-11	-122	0	-11	-122	231.6	41.7511	-76.4430
USC00368905	TOWANDA	19970103	0	89	-11	0	89	-11	231.6	41.7511	-76.4430
USC00368905	TOWANDA	19970104	0	161	28	0	161	28	231.6	41.7511	-76.4430
USC00368905	TOWANDA	19970105	0	111	28	0	111	28	231.6	41.7511	-76.4430
USC00368905	TOWANDA	19970106	0	139	22	0	139	22	231.6	41.7511	-76.4430
USC00368905	TOWANDA	19970107	0	22	-33	0	22	-33	231.6	41.7511	-76.4430
USC00368905	TOWANDA	19970108	0	-17	-61	0	-17	-61	231.6	41.7511	-76.4430
USC00368905	TOWANDA	19970109	0	-17	-83	0	-17	-83	231.6	41.7511	-76.4430
USC00368905	TOWANDA	19970110	25	11	-72	25	11	-72	231.6	41.7511	-76.4430
USC00368905	TOWANDA	19970111	0	6	-89	0	6	-89	231.6	41.7511	-76.4430
USC00368905	TOWANDA	19970112	0	-61	-106	0	-61	-106	231.6	41.7511	-76.4430
USC00368905	TOWANDA	19970113	0	-56	-106	0	-56	-106	231.6	41.7511	-76.4430
USC00368905	TOWANDA	19970114	0	-28	-83	0	-28	-83	231.6	41.7511	-76.4430
USC00368905	TOWANDA	19970115	0	-28	-133	0	-28	-133	231.6	41.7511	-76.4430
USC00368905	TOWANDA	19970116	0	22	-144	0	22	-144	231.6	41.7511	-76.4430
USC00368905	TOWANDA	19970117	25	33	-139	25	33	-139	231.6	41.7511	-76.4430
USC00368905	TOWANDA	19970118	25	-128	-172	25	-128	-172	231.6	41.7511	-76.4430
USC00368905	TOWANDA	19970119	0	-117	-217	0	-117	-217	231.6	41.7511	-76.4430
USC00368905	TOWANDA	19970120	0	-67	-211	0	-67	-211	231.6	41.7511	-76.4430
USC00368905	TOWANDA	19970121	0	6	-67	0	6	-67	231.6	41.7511	-76.4430
USC00368905	TOWANDA	19970122	0	22	-100	0	22	-100	231.6	41.7511	-76.4430
USC00368905	TOWANDA	19970123	0	67	17	0	67	17	231.6	41.7511	-76.4430
USC00368905	TOWANDA	19970124	0	56	-106	0	56	-106	231.6	41.7511	-76.4430
USC00368905	TOWANDA	19970125	0	67	-94	0	67	-94	231.6	41.7511	-76.4430
USC00368905	TOWANDA	19970126	25	89	-67	25	89	-67	231.6	41.7511	-76.4430
USC00368905	TOWANDA	19970127	0	-50	-111	0	-50	-111	231.6	41.7511	-76.4430
USC00368905	TOWANDA	19970128	25	33	-89	25	33	-89	231.6	41.7511	-76.4430
USC00368905	TOWANDA	19970129	0	28	-106	0	28	-106	231.6	41.7511	-76.4430
USC00368905	TOWANDA	19970130	0	-44	-144	0	-44	-144	231.6	41.7511	-76.4430
USC00368905	TOWANDA	19970131	0	-6	-106	0	-6	-106	231.6	41.7511	-76.4430
USC00368905	TOWANDA	19980101	178	-78	-183	178	-78	-183	231.6	41.7511	-76.4430
USC00368905	TOWANDA	19980102	178	-11	-183	178	-11	-183	231.6	41.7511	-76.4430
USC00368905	TOWANDA	19980103	76	100	6	76	100	6	231.6	41.7511	-76.4430
USC00368905	TOWANDA	19980104	0	133	78	0	133	78	231.6	41.7511	-76.4430
USC00368905	TOWANDA	19980105	0	106	28	0	106	28	231.6	41.7511	-76.4430
USC00368905	TOWANDA	19980106	0	172	17	0	172	17	231.6	41.7511	-76.4430
USC00368905	TOWANDA	19980107	0	156	83	0	156	83	231.6	41.7511	-76.4430
USC00368905	TOWANDA	19980108	0	189	89	0	189	89	231.6	41.7511	-76.4430
USC00368905	TOWANDA	19980109	0	194	50	0	194	50	231.6	41.7511	-76.4430
USC00368905	TOWANDA	19980110	0	133	6	0	133	6	231.6	41.7511	-76.4430
USC00368905	TOWANDA	19980111	0	67	-17	0	67	-17	231.6	41.7511	-76.4430
USC00368905	TOWANDA	19980112	0	56	-50	0	56	-50	231.6	41.7511	-76.4430
USC00368905	TOWANDA	19980113	0	39	-39	0	39	-39	231.6	41.7511	-76.4430
USC00368905	TOWANDA	19980114	0	50	-83	0	50	-83	231.6	41.7511	-76.4430
USC00368905	TOWANDA	19980115	0	-28	-89	0	-28	-89	231.6	41.7511	-76.4430
USC00368905	TOWANDA	19980116	0	17	-28	0	17	-28	231.6	41.7511	-76.4430
USC00368905	TOWANDA	19980117	0	6	-28	0	6	-28	231.6	41.7511	-76.4430
USC00368905	TOWANDA	19980118	102	0	-28	102	0	-28	231.6	41.7511	-76.4430
USC00368905	TOWANDA	19980119	76	22	-33	76	22	-33	231.6	41.7511	-76.4430
USC00368905	TOWANDA	19980120	76	6	-44	76	6	-44	231.6	41.7511	-76.4430
USC00368905	TOWANDA	19980121	76	0	-94	76	0	-94	231.6	41.7511	-76.4430
USC00368905	TOWANDA	19980122	76	-11	-72	76	-11	-72	231.6	41.7511	-76.4430
USC00368905	TOWANDA	19980123	127	-11	-78	127	-11	-78	231.6	41.7511	-76.4430
USC00368905	TOWANDA	19980124	76	17	-22	76	17	-22	231.6	41.7511	-76.4430
USC00368905	TOWANDA	19980125	76	17	-17	76	17	-17	231.6	41.7511	-76.4430
USC00368905	TOWANDA	19980126	76	6	-89	76	6	-89	231.6	41.7511	-76.4430
USC00368905	TOWANDA	19980127	76	11	-89	76	11	-89	231.6	41.7511	-76.4430
USC00368905	TOWANDA	19980128	76	22	-28	76	22	-28	231.6	41.7511	-76.4430
USC00368905	TOWANDA	19980129	76	28	-78	76	28	-78	231.6	41.7511	-76.4430
USC00368905	TOWANDA	19980130	51	72	-78	51	72	-78	231.6	41.7511	-76.4430
USC00368905	TOWANDA	19980131	51	33	-11	51	33	-11	231.6	41.7511	-76.4430
USC00368905	TOWANDA	19990101	0	-44	-94	0	-44	-94	231.6	41.7511	-76.4430
USC00368905	TOWANDA	19990102	0	-56	-172	0	-56	-172	231.6	41.7511	-76.4430
USC00368905	TOWANDA	19990103	0	6	-167	0	6	-167	231.6	41.7511	-76.4430
USC00368905	TOWANDA	19990104	0	56	-89	0	56	-89	231.6	41.7511	-76.4430
USC00368905	TOWANDA	19990105	0	-50	-122	0	-50	-122	231.6	41.7511	-76.4430
USC00368905	TOWANDA	19990106	0	-50	-139	0	-50	-139	231.6	41.7511	-76.4430
USC00368905	TOWANDA	19990107	0	-28	-128	0	-28	-128	231.6	41.7511	-76.4430
USC00368905	TOWANDA	19990108	0	-44	-139	0	-44	-139	231.6	41.7511	-76.4430
USC00368905	TOWANDA	19990109	127	33	-128	127	33	-128	231.6	41.7511	-76.4430
USC00368905	TOWANDA	19990110	51	44	-161	51	44	-161	231.6	41.7511	-76.4430
USC00368905	TOWANDA	19990111	51	-56	-178	51	-56	-178	231.6	41.7511	-76.4430
USC00368905	TOWANDA	19990112	51	-44	-139	51	-44	-139	231.6	41.7511	-76.4430
USC00368905	TOWANDA	19990113	51	28	-44	51	28	-44	231.6	41.7511	-76.4430
USC00368905	TOWANDA	19990114	102	-17	-167	102	-17	-167	231.6	41.7511	-76.4430
USC00368905	TOWANDA	19990115	203	-17	-161	203	-17	-161	231.6	41.7511	-76.4430
USC00368905	TOWANDA	19990116	203	-6	-167	203	-6	-167	231.6	41.7511	-76.4430
USC00368905	TOWANDA	19990117	229	50	-139	229	50	-139	231.6	41.7511	-76.4430
USC00368905	TOWANDA	19990118	203	72	-83	203	72	-83	231.6	41.7511	-76.4430
USC00368905	TOWANDA	19990119	127	89	6	127	89	6	231.6	41.7511	-76.4430
USC00368905	TOWANDA	19990120	102	56	-83	102	56	-83	231.6	41.7511	-76.4430
USC00368905	TOWANDA	19990121	102	56	-83	102	56	-83	231.6	41.7511	-76.4430
USC00368905	TOWANDA	19990122	102	33	-61	102	33	-61	231.6	41.7511	-76.4430
USC00368905	TOWANDA	19990123	76	72	33	76	72	33	231.6	41.7511	-76.4430
USC00368905	TOWANDA	19990124	0	150	67	0	150	67	231.6	41.7511	-76.4430
USC00368905	TOWANDA	19990125	0	100	6	0	100	6	231.6	41.7511	-76.4430
USC00368905	TOWANDA	19990126	25	11	-28	25	11	-28	231.6	41.7511	-76.4430
USC00368905	TOWANDA	19990127	25	39	-72	25	39	-72	231.6	41.7511	-76.4430
USC00368905	TOWANDA	19990128	0	39	-67	0	39	-67	231.6	41.7511	-76.4430
USC00368905	TOWANDA	19990129	0	67	-50	0	67	-50	231.6	41.7511	-76.4430
USC00368905	TOWANDA	19990130	0	-6	-72	0	-6	-72	231.6	41.7511	-76.4430
USC00368905	TOWANDA	19990131	0	17	-128	0	17	-128	231.6	41.7511	-76.4430
USC00368905	TOWANDA	20000101	0	67	-78	0	67	-78	231.6	41.7511	-76.4430
USC00368905	TOWANDA	20000102	0	106	-78	0	106	-78	231.6	41.7511	-76.4430
USC00368905	TOWANDA	20000103	0	156	0	0	156	0	231.6	41.7511	-76.4430
USC00368905	TOWANDA	20000104	0	156	67	0	156	67	231.6	41.7511	-76.4430
USC00368905	TOWANDA	20000105	0	167	-33	0	167	-33	231.6	41.7511	-76.4430
USC00368905	TOWANDA	20000106	0	-11	-89	0	-11	-89	231.6	41.7511	-76.4430
USC00368905	TOWANDA	20000107	0	33	-61	0	33	-61	231.6	41.7511	-76.4430
USC00368905	TOWANDA	20000108	0	56	-61	0	56	-61	231.6	41.7511	-76.4430
USC00368905	TOWANDA	20000109	0	50	-61	0	50	-61	231.6	41.7511	-76.4430
USC00368905	TOWANDA	20000110	0	89	-17	0	89	-17	231.6	41.7511	-76.4430
USC00368905	TOWANDA	20000111	0	78	22	0	78	22	231.6	41.7511	-76.4430
USC00368905	TOWANDA	20000112	0	83	17	0	83	17	231.6	41.7511	-76.4430
USC00368905	TOWANDA	20000113	51	50	-22	51	50	-22	231.6	41.7511	-76.4430
USC00368905	TOWANDA	20000114	102	-22	-144	102	-22	-144	231.6	41.7511	-76.4430
USC00368905	TOWANDA	20000115	102	-72	-183	102	-72	-183	231.6	41.7511	-76.4430
USC00368905	TOWANDA	20000116	102	-11	-172	102	-11	-172	231.6	41.7511	-76.4430
USC00368905	TOWANDA	20000117	25	50	-167	25	50	-167	231.6	41.7511	-76.4430
USC00368905	TOWANDA	20000118	25	-133	-194	25	-133	-194	231.6	41.7511	-76.4430
USC00368905	TOWANDA	20000119	25	-111	-194	25	-111	-194	231.6	41.7511	-76.4430
USC00368905	TOWANDA	20000120	25	-39	-128	25	-39	-128	231.6	41.7511	-76.4430
USC00368905	TOWANDA	20000121	127	-28	-150	127	-28	-150	231.6	41.7511	-76.4430
USC00368905	TOWANDA	20000122	127	-117	-194	127	-117	-194	231.6	41.7511	-76.4430
USC00368905	TOWANDA	20000123	127	-89	-178	127	-89	-178	231.6	41.7511	-76.4430
USC00368905	TOWANDA	20000124	127	-33	-117	127	-33	-117	231.6	41.7511	-76.4430
USC00368905	TOWANDA	20000125	76	11	-117	76	11	-117	231.6	41.7511	-76.4430
USC00368905	TOWANDA	20000126	178	-61	-94	178	-61	-94	231.6	41.7511	-76.4430
USC00368905	TOWANDA	20000127	178	-50	-156	178	-50	-156	231.6	41.7511	-76.4430
USC00368905	TOWANDA	20000128	178	-100	-167	178	-100	-167	231.6	41.7511	-76.4430
USC00368905	TOWANDA	20000129	152	-78	-211	152	-78	-211	231.6	41.7511	-76.4430
USC00368905	TOWANDA	20000130	127	-11	-217	127	-11	-217	231.6	41.7511	-76.4430
USC00368905	TOWANDA	20000131	229	-6	-100	229	-6	-100	231.6	41.7511	-76.4430
USC00368905	TOWANDA	20010101	76	-39	-78	76	-39	-78	231.6	41.7511	-76.4430
USC00368905	TOWANDA	20010102	76	-22	-156	76	-22	-156	231.6	41.7511	-76.4430
USC00368905	TOWANDA	20010103	76	-50	-122	76	-50	-122	231.6	41.7511	-76.4430
USC00368905	TOWANDA	20010104	76	-6	-106	76	-6	-106	231.6	41.7511	-76.4430
USC00368905	TOWANDA	20010105	76	0	-111	76	0	-111	231.6	41.7511	-76.4430
USC00368905	TOWANDA	20010106	76	6	-67	76	6	-67	231.6	41.7511	-76.4430
USC00368905	TOWANDA	20010107	76	11	-50	76	11	-50	231.6	41.7511	-76.4430
USC00368905	TOWANDA	20010108	76	33	-44	76	33	-44	231.6	41.7511	-76.4430
USC00368905	TOWANDA	20010109	51	22	-78	51	22	-78	231.6	41.7511	-76.4430
USC00368905	TOWANDA	20010110	76	-17	-78	76	-17	-78	231.6	41.7511	-76.4430
USC00368905	TOWANDA	20010111	51	11	-94	51	11	-94	231.6	41.7511	-76.4430
USC00368905	TOWANDA	20010112	51	56	-89	51	56	-89	231.6	41.7511	-76.4430
USC00368905	TOWANDA	20010113	51	33	-94	51	33	-94	231.6	41.7511	-76.4430
USC00368905	TOWANDA	20010114	203	56	-100	203	56	-100	231.6	41.7511	-76.4430
USC00368905	TOWANDA	20010115	51	11	-83	51	11	-83	231.6	41.7511	-76.4430
USC00368905	TOWANDA	20010116	25	33	0	25	33	0	231.6	41.7511	-76.4430
USC00368905	TOWANDA	20010117	25	56	17	25	56	17	231.6	41.7511	-76.4430
USC00368905	TOWANDA	20010118	25	17	-22	25	17	-22	231.6	41.7511	-76.4430
USC00368905	TOWANDA	20010119	25	39	-22	25	39	-22	231.6	41.7511	-76.4430
USC00368905	TOWANDA	20010120	51	11	-39	51	11	-39	231.6	41.7511	-76.4430
USC00368905	TOWANDA	20010121	102	-28	-83	102	-28	-83	231.6	41.7511	-76.4430
USC00368905	TOWANDA	20010122	102	-17	-150	102	-17	-150	231.6	41.7511	-76.4430
USC00368905	TOWANDA	20010123	102	6	-150	102	6	-150	231.6	41.7511	-76.4430
USC00368905	TOWANDA	20010124	102	17	-156	102	17	-156	231.6	41.7511	-76.4430
USC00368905	TOWANDA	20010125	102	44	-61	102	44	-61	231.6	41.7511	-76.4430
USC00368905	TOWANDA	20010126	102	-11	-100	102	-11	-100	231.6	41.7511	-76.4430
USC00368905	TOWANDA	20010127	76	0	-83	76	0	-83	231.6	41.7511	-76.4430
USC00368905	TOWANDA	20010128	102	22	-44	102	22	-44	231.6	41.7511	-76.4430
USC00368905	TOWANDA	20010129	102	0	-122	102	0	-122	231.6	41.7511	-76.4430
USC00368905	TOWANDA	20010130	76	39	-128	76	39	-128	231.6	41.7511	-76.4430
USC00368905	TOWANDA	20010131	25	61	0	25	61	0	231.6	41.7511	-76.4430
USC00368905	TOWANDA	20020101	0	-17	-117	0	-17	-117	231.6	41.7511	-76.4430
USC00368905	TOWANDA	20020102	0	-6	-122	0	-6	-122	231.6	41.7511	-76.4430
USC00368905	TOWANDA	20020103	0	6	-128	0	6	-128	231.6	41.7511	-76.4430
USC00368905	TOWANDA	20020104	0	6	-111	0	6	-111	231.6	41.7511	-76.4430
USC00368905	TOWANDA	20020105	0	17	-50	0	17	-50	231.6	41.7511	-76.4430
USC00368905	TOWANDA	20020106	0	50	-33	0	50	-33	231.6	41.7511	-76.4430
USC00368905	TOWANDA	20020107	178	28	-22	178	28	-22	231.6	41.7511	-76.4430
USC00368905	TOWANDA	20020108	178	0	-117	178	0	-117	231.6	41.7511	-76.4430
USC00368905	TOWANDA	20020109	178	0	-106	178	0	-106	231.6	41.7511	-76.4430
USC00368905	TOWANDA	20020110	152	50	-39	152	50	-39	231.6	41.7511	-76.4430
USC00368905	TOWANDA	20020111	102	94	-33	102	94	-33	231.6	41.7511	-76.4430
USC00368905	TOWANDA	20020112	102	56	-6	102	56	-6	231.6	41.7511	-76.4430
USC00368905	TOWANDA	20020113	76	61	-6	76	61	-6	231.6	41.7511	-76.4430
USC00368905	TOWANDA	20020114	76	28	-44	76	28	-44	231.6	41.7511	-76.4430
USC00368905	TOWANDA	20020115	76	44	-44	76	44	-44	231.6	41.7511	-76.4430
USC00368905	TOWANDA	20020116	51	50	-6	51	50	-6	231.6	41.7511	-76.4430
USC00368905	TOWANDA	20020117	51	28	-17	51	28	-17	231.6	41.7511	-76.4430
USC00368905	TOWANDA	20020118	51	50	-22	51	50	-22	231.6	41.7511	-76.4430
USC00368905	TOWANDA	20020119	51	6	-89	51	6	-89	231.6	41.7511	-76.4430
USC00368905	TOWANDA	20020120	127	-28	-133	127	-28	-133	231.6	41.7511	-76.4430
USC00368905	TOWANDA	20020121	127	6	-133	127	6	-133	231.6	41.7511	-76.4430
USC00368905	TOWANDA	20020122	102	39	-17	102	39	-17	231.6	41.7511	-76.4430
USC00368905	TOWANDA	20020123	51	72	-22	51	72	-22	231.6	41.7511	-76.4430
USC00368905	TOWANDA	20020124	51	100	28	51	100	28	231.6	41.7511	-76.4430
USC00368905	TOWANDA	20020125	25	67	-6	25	67	-6	231.6	41.7511	-76.4430
USC00368905	TOWANDA	20020126	0	67	-17	0	67	-17	231.6	41.7511	-76.4430
USC00368905	TOWANDA	20020127	0	117	-44	0	117	-44	231.6	41.7511	-76.4430
USC00368905	TOWANDA	20020128	0	144	-50	0	144	-50	231.6	41.7511	-76.4430
USC00368905	TOWANDA	20020129	0	133	-33	0	133	-33	231.6	41.7511	-76.4430
USC00368905	TOWANDA	20020130	0	156	-17	0	156	-17	231.6	41.7511	-76.4430
USC00368905	TOWANDA	20020131	0	61	-11	0	61	-11	231.6	41.7511	-76.4430
USC00368905	TOWANDA	20040101	0	72	-33	0	72	-33	231.6	41.7511	-76.4430
USC00368905	TOWANDA	20040102	0	61	-17	0	61	-17	231.6	41.7511	-76.4430
USC00368905	TOWANDA	20040103	0	78	17	0	78	17	231.6	41.7511	-76.4430
USC00368905	TOWANDA	20040104	0	128	56	0	128	56	231.6	41.7511	-76.4430
USC00368905	TOWANDA	20040105	0	56	0	0	56	0	231.6	41.7511	-76.4430
USC00368905	TOWANDA	20040106	0	39	-28	0	39	-28	231.6	41.7511	-76.4430
USC00368905	TOWANDA	20040107	0	17	-111	0	17	-111	231.6	41.7511	-76.4430
USC00368905	TOWANDA	20040108	51	-56	-100	51	-56	-100	231.6	41.7511	-76.4430
USC00368905	TOWANDA	20040109	51	-22	-156	51	-22	-156	231.6	41.7511	-76.4430
USC00368905	TOWANDA	20040110	25	-133	-200	25	-133	-200	231.6	41.7511	-76.4430
USC00368905	TOWANDA	20040111	25	-122	-200	25	-122	-200	231.6	41.7511	-76.4430
USC00368905	TOWANDA	20040112	51	-33	-178	51	-33	-178	231.6	41.7511	-76.4430
USC00368905	TOWANDA	20040113	51	11	-33	51	11	-33	231.6	41.7511	-76.4430
USC00368905	TOWANDA	20040114	51	22	-178	51	22	-178	231.6	41.7511	-76.4430
USC00368905	TOWANDA	20040115	152	-117	-183	152	-117	-183	231.6	41.7511	-76.4430
USC00368905	TOWANDA	20040116	152	-128	-200	152	-128	-200	231.6	41.7511	-76.4430
USC00368905	TOWANDA	20040117	127	-50	-150	127	-50	-150	231.6	41.7511	-76.4430
USC00368905	TOWANDA	20040118	127	-22	-139	127	-22	-139	231.6	41.7511	-76.4430
USC00368905	TOWANDA	20040119	102	17	-106	102	17	-106	231.6	41.7511	-76.4430
USC00368905	TOWANDA	20040120	102	-50	-100	102	-50	-100	231.6	41.7511	-76.4430
USC00368905	TOWANDA	20040121	102	-33	-111	102	-33	-111	231.6	41.7511	-76.4430
USC00368905	TOWANDA	20040122	102	-44	-117	102	-44	-117	231.6	41.7511	-76.4430
USC00368905	TOWANDA	20040123	102	17	-156	102	17	-156	231.6	41.7511	-76.4430
USC00368905	TOWANDA	20040124	102	-83	-156	102	-83	-156	231.6	41.7511	-76.4430
USC00368905	TOWANDA	20040125	102	-67	-200	102	-67	-200	231.6	41.7511	-76.4430
USC00368905	TOWANDA	20040126	102	-72	-206	102	-72	-206	231.6	41.7511	-76.4430
USC00368905	TOWANDA	20040127	178	-78	-111	178	-78	-111	231.6	41.7511	-76.4430
USC00368905	TOWANDA	20040128	305	-39	-78	305	-39	-78	231.6	41.7511	-76.4430
USC00368905	TOWANDA	20040129	279	-22	-94	279	-22	-94	231.6	41.7511	-76.4430
USC00368905	TOWANDA	20040130	254	-56	-178	254	-56	-178	231.6	41.7511	-76.4430
USC00368905	TOWANDA	20040131	229	-56	-183	229	-56	-183	231.6	41.7511	-76.4430
USC00368905	TOWANDA	20050101	0	100	33	0	100	33	231.6	41.7511	-76.4430
USC00368905	TOWANDA	20050102	0	89	-22	0	89	-22	231.6	41.7511	-76.4430
USC00368905	TOWANDA	20050103	0	56	0	0	56	0	231.6	41.7511	-76.4430
USC00368905	TOWANDA	20050104	0	61	39	0	61	39	231.6	41.7511	-76.4430
USC00368905	TOWANDA	20050105	25	50	0	25	50	0	231.6	41.7511	-76.4430
USC00368905	TOWANDA	20050106	152	17	-28	152	17	-28	231.6	41.7511	-76.4430
USC00368905	TOWANDA	20050107	127	28	-11	127	28	-11	231.6	41.7511	-76.4430
USC00368905	TOWANDA	20050108	127	17	-28	127	17	-28	231.6	41.7511	-76.4430
USC00368905	TOWANDA	20050109	102	22	-11	102	22	-11	231.6	41.7511	-76.4430
USC00368905	TOWANDA	20050110	102	22	-11	102	22	-11	231.6	41.7511	-76.4430
USC00368905	TOWANDA	20050111	76	56	-22	76	56	-22	231.6	41.7511	-76.4430
USC00368905	TOWANDA	20050112	152	17	-6	152	17	-6	231.6	41.7511	-76.4430
USC00368905	TOWANDA	20050113	102	33	17	102	33	17	231.6	41.7511	-76.4430
USC00368905	TOWANDA	20050114	25	172	6	25	172	6	231.6	41.7511	-76.4430
USC00368905	TOWANDA	20050115	25	22	-83	25	22	-83	231.6	41.7511	-76.4430
USC00368905	TOWANDA	20050116	25	-22	-83	25	-22	-83	231.6	41.7511	-76.4430
USC00368905	TOWANDA	20050117	51	-33	-72	51	-33	-72	231.6	41.7511	-76.4430
USC00368905	TOWANDA	20050118	25	-39	-156	25	-39	-156	231.6	41.7511	-76.4430
USC00368905	TOWANDA	20050119	25	-111	-172	25	-111	-172	231.6	41.7511	-76.4430
USC00368905	TOWANDA	20050120	51	-50	-128	51	-50	-128	231.6	41.7511	-76.4430
USC00368905	TOWANDA	20050121	51	-44	-172	51	-44	-172	231.6	41.7511	-76.4430
USC00368905	TOWANDA	20050122	51	-122	-211	51	-122	-211	231.6	41.7511	-76.4430
USC00368905	TOWANDA	20050123	178	-89	-189	178	-89	-189	231.6	41.7511	-76.4430
USC00368905	TOWANDA	20050124	152	-100	-222	152	-100	-222	231.6	41.7511	-76.4430
USC00368905	TOWANDA	20050125	152	-50	-222	152	-50	-222	231.6	41.7511	-76.4430
USC00368905	TOWANDA	20050126	178	-6	-56	178	-6	-56	231.6	41.7511	-76.4430
USC00368905	TOWANDA	20050127	178	-17	-183	178	-17	-183	231.6	41.7511	-76.4430
USC00368905	TOWANDA	20050128	178	-106	-217	178	-106	-217	231.6	41.7511	-76.4430
USC00368905	TOWANDA	20050129	152	-67	-222	152	-67	-222	231.6	41.7511	-76.4430
USC00368905	TOWANDA	20050130	152	6	-211	152	6	-211	231.6	41.7511	-76.4430
USC00368905	TOWANDA	20050131	127	17	-144	127	17	-144	231.6	41.7511	-76.4430
