STATION	NAME	DATE	SNWD	TMAX	TMIN	SNWD2	TMAX2	TMIN2	ELEV	LAT	LONG
USC00369022	TYRONE	19950101	0	9999	9999	0	NA	NA	271.3	40.6644	-78.2191
USC00369022	TYRONE	19950102	0	9999	9999	0	NA	NA	271.3	40.6644	-78.2191
USC00369022	TYRONE	19950103	0	9999	9999	0	NA	NA	271.3	40.6644	-78.2191
USC00369022	TYRONE	19950104	51	9999	9999	51	NA	NA	271.3	40.6644	-78.2191
USC00369022	TYRONE	19950105	51	9999	9999	51	NA	NA	271.3	40.6644	-78.2191
USC00369022	TYRONE	19950106	51	9999	9999	51	NA	NA	271.3	40.6644	-78.2191
USC00369022	TYRONE	19950107	76	9999	9999	76	NA	NA	271.3	40.6644	-78.2191
USC00369022	TYRONE	19950108	51	9999	9999	51	NA	NA	271.3	40.6644	-78.2191
USC00369022	TYRONE	19950109	25	9999	9999	25	NA	NA	271.3	40.6644	-78.2191
USC00369022	TYRONE	19950110	0	9999	9999	0	NA	NA	271.3	40.6644	-78.2191
USC00369022	TYRONE	19950111	0	9999	9999	0	NA	NA	271.3	40.6644	-78.2191
USC00369022	TYRONE	19950112	0	9999	9999	0	NA	NA	271.3	40.6644	-78.2191
USC00369022	TYRONE	19950113	0	9999	9999	0	NA	NA	271.3	40.6644	-78.2191
USC00369022	TYRONE	19950114	0	9999	9999	0	NA	NA	271.3	40.6644	-78.2191
USC00369022	TYRONE	19950115	0	9999	9999	0	NA	NA	271.3	40.6644	-78.2191
USC00369022	TYRONE	19950116	0	9999	9999	0	NA	NA	271.3	40.6644	-78.2191
USC00369022	TYRONE	19950117	0	9999	9999	0	NA	NA	271.3	40.6644	-78.2191
USC00369022	TYRONE	19950118	0	9999	9999	0	NA	NA	271.3	40.6644	-78.2191
USC00369022	TYRONE	19950119	0	9999	9999	0	NA	NA	271.3	40.6644	-78.2191
USC00369022	TYRONE	19950120	0	9999	9999	0	NA	NA	271.3	40.6644	-78.2191
USC00369022	TYRONE	19950121	0	9999	9999	0	NA	NA	271.3	40.6644	-78.2191
USC00369022	TYRONE	19950122	0	9999	9999	0	NA	NA	271.3	40.6644	-78.2191
USC00369022	TYRONE	19950123	0	9999	9999	0	NA	NA	271.3	40.6644	-78.2191
USC00369022	TYRONE	19950124	0	9999	9999	0	NA	NA	271.3	40.6644	-78.2191
USC00369022	TYRONE	19950125	0	9999	9999	0	NA	NA	271.3	40.6644	-78.2191
USC00369022	TYRONE	19950126	0	9999	9999	0	NA	NA	271.3	40.6644	-78.2191
USC00369022	TYRONE	19950127	0	9999	9999	0	NA	NA	271.3	40.6644	-78.2191
USC00369022	TYRONE	19950128	0	9999	9999	0	NA	NA	271.3	40.6644	-78.2191
USC00369022	TYRONE	19950129	0	9999	9999	0	NA	NA	271.3	40.6644	-78.2191
USC00369022	TYRONE	19950130	0	9999	9999	0	NA	NA	271.3	40.6644	-78.2191
USC00369022	TYRONE	19950131	0	9999	9999	0	NA	NA	271.3	40.6644	-78.2191
USC00369022	TYRONE	19960101	127	9999	9999	127	NA	NA	271.3	40.6644	-78.2191
USC00369022	TYRONE	19960102	102	9999	9999	102	NA	NA	271.3	40.6644	-78.2191
USC00369022	TYRONE	19960103	229	9999	9999	229	NA	NA	271.3	40.6644	-78.2191
USC00369022	TYRONE	19960104	229	9999	9999	229	NA	NA	271.3	40.6644	-78.2191
USC00369022	TYRONE	19960105	229	9999	9999	229	NA	NA	271.3	40.6644	-78.2191
USC00369022	TYRONE	19960106	229	9999	9999	229	NA	NA	271.3	40.6644	-78.2191
USC00369022	TYRONE	19960107	279	9999	9999	279	NA	NA	271.3	40.6644	-78.2191
USC00369022	TYRONE	19960108	508	9999	9999	508	NA	NA	271.3	40.6644	-78.2191
USC00369022	TYRONE	19960109	483	9999	9999	483	NA	NA	271.3	40.6644	-78.2191
USC00369022	TYRONE	19960110	483	9999	9999	483	NA	NA	271.3	40.6644	-78.2191
USC00369022	TYRONE	19960111	483	9999	9999	483	NA	NA	271.3	40.6644	-78.2191
USC00369022	TYRONE	19960112	483	9999	9999	483	NA	NA	271.3	40.6644	-78.2191
USC00369022	TYRONE	19960113	610	9999	9999	610	NA	NA	271.3	40.6644	-78.2191
USC00369022	TYRONE	19960114	584	9999	9999	584	NA	NA	271.3	40.6644	-78.2191
USC00369022	TYRONE	19960115	508	9999	9999	508	NA	NA	271.3	40.6644	-78.2191
USC00369022	TYRONE	19960116	432	9999	9999	432	NA	NA	271.3	40.6644	-78.2191
USC00369022	TYRONE	19960117	356	9999	9999	356	NA	NA	271.3	40.6644	-78.2191
USC00369022	TYRONE	19960118	254	9999	9999	254	NA	NA	271.3	40.6644	-78.2191
USC00369022	TYRONE	19960119	127	9999	9999	127	NA	NA	271.3	40.6644	-78.2191
USC00369022	TYRONE	19960120	0	9999	9999	0	NA	NA	271.3	40.6644	-78.2191
USC00369022	TYRONE	19960121	0	9999	9999	0	NA	NA	271.3	40.6644	-78.2191
USC00369022	TYRONE	19960122	0	9999	9999	0	NA	NA	271.3	40.6644	-78.2191
USC00369022	TYRONE	19960123	0	9999	9999	0	NA	NA	271.3	40.6644	-78.2191
USC00369022	TYRONE	19960124	0	9999	9999	0	NA	NA	271.3	40.6644	-78.2191
USC00369022	TYRONE	19960125	0	9999	9999	0	NA	NA	271.3	40.6644	-78.2191
USC00369022	TYRONE	19960126	0	9999	9999	0	NA	NA	271.3	40.6644	-78.2191
USC00369022	TYRONE	19960127	0	9999	9999	0	NA	NA	271.3	40.6644	-78.2191
USC00369022	TYRONE	19960128	0	9999	9999	0	NA	NA	271.3	40.6644	-78.2191
USC00369022	TYRONE	19960129	0	9999	9999	0	NA	NA	271.3	40.6644	-78.2191
USC00369022	TYRONE	19960130	0	9999	9999	0	NA	NA	271.3	40.6644	-78.2191
USC00369022	TYRONE	19960131	0	9999	9999	0	NA	NA	271.3	40.6644	-78.2191
USC00369022	TYRONE	19970101	0	9999	9999	0	NA	NA	271.3	40.6644	-78.2191
USC00369022	TYRONE	19970102	0	9999	9999	0	NA	NA	271.3	40.6644	-78.2191
USC00369022	TYRONE	19970103	0	9999	9999	0	NA	NA	271.3	40.6644	-78.2191
USC00369022	TYRONE	19970104	0	9999	9999	0	NA	NA	271.3	40.6644	-78.2191
USC00369022	TYRONE	19970105	0	9999	9999	0	NA	NA	271.3	40.6644	-78.2191
USC00369022	TYRONE	19970106	0	9999	9999	0	NA	NA	271.3	40.6644	-78.2191
USC00369022	TYRONE	19970107	0	9999	9999	0	NA	NA	271.3	40.6644	-78.2191
USC00369022	TYRONE	19970108	0	9999	9999	0	NA	NA	271.3	40.6644	-78.2191
USC00369022	TYRONE	19970109	0	9999	9999	0	NA	NA	271.3	40.6644	-78.2191
USC00369022	TYRONE	19970110	102	9999	9999	102	NA	NA	271.3	40.6644	-78.2191
USC00369022	TYRONE	19970111	102	9999	9999	102	NA	NA	271.3	40.6644	-78.2191
USC00369022	TYRONE	19970112	102	9999	9999	102	NA	NA	271.3	40.6644	-78.2191
USC00369022	TYRONE	19970113	102	9999	9999	102	NA	NA	271.3	40.6644	-78.2191
USC00369022	TYRONE	19970114	102	9999	9999	102	NA	NA	271.3	40.6644	-78.2191
USC00369022	TYRONE	19970115	102	9999	9999	102	NA	NA	271.3	40.6644	-78.2191
USC00369022	TYRONE	19970116	102	9999	9999	102	NA	NA	271.3	40.6644	-78.2191
USC00369022	TYRONE	19970117	102	9999	9999	102	NA	NA	271.3	40.6644	-78.2191
USC00369022	TYRONE	19970118	102	9999	9999	102	NA	NA	271.3	40.6644	-78.2191
USC00369022	TYRONE	19970119	102	9999	9999	102	NA	NA	271.3	40.6644	-78.2191
USC00369022	TYRONE	19970120	51	9999	9999	51	NA	NA	271.3	40.6644	-78.2191
USC00369022	TYRONE	19970121	51	9999	9999	51	NA	NA	271.3	40.6644	-78.2191
USC00369022	TYRONE	19970122	51	9999	9999	51	NA	NA	271.3	40.6644	-78.2191
USC00369022	TYRONE	19970123	25	9999	9999	25	NA	NA	271.3	40.6644	-78.2191
USC00369022	TYRONE	19970124	25	9999	9999	25	NA	NA	271.3	40.6644	-78.2191
USC00369022	TYRONE	19970125	229	9999	9999	229	NA	NA	271.3	40.6644	-78.2191
USC00369022	TYRONE	19970126	229	9999	9999	229	NA	NA	271.3	40.6644	-78.2191
USC00369022	TYRONE	19970127	152	9999	9999	152	NA	NA	271.3	40.6644	-78.2191
USC00369022	TYRONE	19970128	152	9999	9999	152	NA	NA	271.3	40.6644	-78.2191
USC00369022	TYRONE	19970129	102	9999	9999	102	NA	NA	271.3	40.6644	-78.2191
USC00369022	TYRONE	19970130	102	9999	9999	102	NA	NA	271.3	40.6644	-78.2191
USC00369022	TYRONE	19970131	102	9999	9999	102	NA	NA	271.3	40.6644	-78.2191
USC00369022	TYRONE	19980101	51	9999	9999	51	NA	NA	271.3	40.6644	-78.2191
USC00369022	TYRONE	19980102	25	9999	9999	25	NA	NA	271.3	40.6644	-78.2191
USC00369022	TYRONE	19980103	0	9999	9999	0	NA	NA	271.3	40.6644	-78.2191
USC00369022	TYRONE	19980104	0	9999	9999	0	NA	NA	271.3	40.6644	-78.2191
USC00369022	TYRONE	19980105	0	9999	9999	0	NA	NA	271.3	40.6644	-78.2191
USC00369022	TYRONE	19980106	0	9999	9999	0	NA	NA	271.3	40.6644	-78.2191
USC00369022	TYRONE	19980107	0	9999	9999	0	NA	NA	271.3	40.6644	-78.2191
USC00369022	TYRONE	19980108	0	9999	9999	0	NA	NA	271.3	40.6644	-78.2191
USC00369022	TYRONE	19980109	0	9999	9999	0	NA	NA	271.3	40.6644	-78.2191
USC00369022	TYRONE	19980110	0	9999	9999	0	NA	NA	271.3	40.6644	-78.2191
USC00369022	TYRONE	19980111	0	9999	9999	0	NA	NA	271.3	40.6644	-78.2191
USC00369022	TYRONE	19980112	0	9999	9999	0	NA	NA	271.3	40.6644	-78.2191
USC00369022	TYRONE	19980113	0	9999	9999	0	NA	NA	271.3	40.6644	-78.2191
USC00369022	TYRONE	19980114	0	9999	9999	0	NA	NA	271.3	40.6644	-78.2191
USC00369022	TYRONE	19980115	0	9999	9999	0	NA	NA	271.3	40.6644	-78.2191
USC00369022	TYRONE	19980116	0	9999	9999	0	NA	NA	271.3	40.6644	-78.2191
USC00369022	TYRONE	19980117	0	9999	9999	0	NA	NA	271.3	40.6644	-78.2191
USC00369022	TYRONE	19980118	0	9999	9999	0	NA	NA	271.3	40.6644	-78.2191
USC00369022	TYRONE	19980119	0	9999	9999	0	NA	NA	271.3	40.6644	-78.2191
USC00369022	TYRONE	19980120	0	9999	9999	0	NA	NA	271.3	40.6644	-78.2191
USC00369022	TYRONE	19980121	0	9999	9999	0	NA	NA	271.3	40.6644	-78.2191
USC00369022	TYRONE	19980122	0	9999	9999	0	NA	NA	271.3	40.6644	-78.2191
USC00369022	TYRONE	19980123	127	9999	9999	127	NA	NA	271.3	40.6644	-78.2191
USC00369022	TYRONE	19980124	76	9999	9999	76	NA	NA	271.3	40.6644	-78.2191
USC00369022	TYRONE	19980125	51	9999	9999	51	NA	NA	271.3	40.6644	-78.2191
USC00369022	TYRONE	19980126	51	9999	9999	51	NA	NA	271.3	40.6644	-78.2191
USC00369022	TYRONE	19980127	25	9999	9999	25	NA	NA	271.3	40.6644	-78.2191
USC00369022	TYRONE	19980128	76	9999	9999	76	NA	NA	271.3	40.6644	-78.2191
USC00369022	TYRONE	19980129	51	9999	9999	51	NA	NA	271.3	40.6644	-78.2191
USC00369022	TYRONE	19980130	25	9999	9999	25	NA	NA	271.3	40.6644	-78.2191
USC00369022	TYRONE	19980131	0	9999	9999	0	NA	NA	271.3	40.6644	-78.2191
USC00369022	TYRONE	19990101	0	9999	9999	0	NA	NA	271.3	40.6644	-78.2191
USC00369022	TYRONE	19990102	0	9999	9999	0	NA	NA	271.3	40.6644	-78.2191
USC00369022	TYRONE	19990103	76	9999	9999	76	NA	NA	271.3	40.6644	-78.2191
USC00369022	TYRONE	19990104	76	9999	9999	76	NA	NA	271.3	40.6644	-78.2191
USC00369022	TYRONE	19990105	76	9999	9999	76	NA	NA	271.3	40.6644	-78.2191
USC00369022	TYRONE	19990106	76	9999	9999	76	NA	NA	271.3	40.6644	-78.2191
USC00369022	TYRONE	19990107	102	9999	9999	102	NA	NA	271.3	40.6644	-78.2191
USC00369022	TYRONE	19990108	127	9999	9999	127	NA	NA	271.3	40.6644	-78.2191
USC00369022	TYRONE	19990109	203	9999	9999	203	NA	NA	271.3	40.6644	-78.2191
USC00369022	TYRONE	19990110	203	9999	9999	203	NA	NA	271.3	40.6644	-78.2191
USC00369022	TYRONE	19990111	203	9999	9999	203	NA	NA	271.3	40.6644	-78.2191
USC00369022	TYRONE	19990112	203	9999	9999	203	NA	NA	271.3	40.6644	-78.2191
USC00369022	TYRONE	19990113	102	9999	9999	102	NA	NA	271.3	40.6644	-78.2191
USC00369022	TYRONE	19990114	127	9999	9999	127	NA	NA	271.3	40.6644	-78.2191
USC00369022	TYRONE	19990115	229	9999	9999	229	NA	NA	271.3	40.6644	-78.2191
USC00369022	TYRONE	19990116	229	9999	9999	229	NA	NA	271.3	40.6644	-78.2191
USC00369022	TYRONE	19990117	203	9999	9999	203	NA	NA	271.3	40.6644	-78.2191
USC00369022	TYRONE	19990118	178	9999	9999	178	NA	NA	271.3	40.6644	-78.2191
USC00369022	TYRONE	19990119	127	9999	9999	127	NA	NA	271.3	40.6644	-78.2191
USC00369022	TYRONE	19990120	102	9999	9999	102	NA	NA	271.3	40.6644	-78.2191
USC00369022	TYRONE	19990121	76	9999	9999	76	NA	NA	271.3	40.6644	-78.2191
USC00369022	TYRONE	19990122	51	9999	9999	51	NA	NA	271.3	40.6644	-78.2191
USC00369022	TYRONE	19990123	25	9999	9999	25	NA	NA	271.3	40.6644	-78.2191
USC00369022	TYRONE	19990124	25	9999	9999	25	NA	NA	271.3	40.6644	-78.2191
USC00369022	TYRONE	19990125	25	9999	9999	25	NA	NA	271.3	40.6644	-78.2191
USC00369022	TYRONE	19990126	25	9999	9999	25	NA	NA	271.3	40.6644	-78.2191
USC00369022	TYRONE	19990127	25	9999	9999	25	NA	NA	271.3	40.6644	-78.2191
USC00369022	TYRONE	19990128	25	9999	9999	25	NA	NA	271.3	40.6644	-78.2191
USC00369022	TYRONE	19990129	25	9999	9999	25	NA	NA	271.3	40.6644	-78.2191
USC00369022	TYRONE	19990130	25	9999	9999	25	NA	NA	271.3	40.6644	-78.2191
USC00369022	TYRONE	19990131	25	9999	9999	25	NA	NA	271.3	40.6644	-78.2191
USC00369022	TYRONE	20000101	0	9999	9999	0	NA	NA	271.3	40.6644	-78.2191
USC00369022	TYRONE	20000102	0	9999	9999	0	NA	NA	271.3	40.6644	-78.2191
USC00369022	TYRONE	20000103	0	9999	9999	0	NA	NA	271.3	40.6644	-78.2191
USC00369022	TYRONE	20000104	0	9999	9999	0	NA	NA	271.3	40.6644	-78.2191
USC00369022	TYRONE	20000105	0	9999	9999	0	NA	NA	271.3	40.6644	-78.2191
USC00369022	TYRONE	20000106	0	9999	9999	0	NA	NA	271.3	40.6644	-78.2191
USC00369022	TYRONE	20000107	0	9999	9999	0	NA	NA	271.3	40.6644	-78.2191
USC00369022	TYRONE	20000108	0	9999	9999	0	NA	NA	271.3	40.6644	-78.2191
USC00369022	TYRONE	20000109	0	9999	9999	0	NA	NA	271.3	40.6644	-78.2191
USC00369022	TYRONE	20000110	0	9999	9999	0	NA	NA	271.3	40.6644	-78.2191
USC00369022	TYRONE	20000111	0	9999	9999	0	NA	NA	271.3	40.6644	-78.2191
USC00369022	TYRONE	20000112	0	9999	9999	0	NA	NA	271.3	40.6644	-78.2191
USC00369022	TYRONE	20000113	0	9999	9999	0	NA	NA	271.3	40.6644	-78.2191
USC00369022	TYRONE	20000114	0	9999	9999	0	NA	NA	271.3	40.6644	-78.2191
USC00369022	TYRONE	20000115	0	9999	9999	0	NA	NA	271.3	40.6644	-78.2191
USC00369022	TYRONE	20000116	0	9999	9999	0	NA	NA	271.3	40.6644	-78.2191
USC00369022	TYRONE	20000117	0	9999	9999	0	NA	NA	271.3	40.6644	-78.2191
USC00369022	TYRONE	20000118	0	9999	9999	0	NA	NA	271.3	40.6644	-78.2191
USC00369022	TYRONE	20000119	0	9999	9999	0	NA	NA	271.3	40.6644	-78.2191
USC00369022	TYRONE	20000120	76	9999	9999	76	NA	NA	271.3	40.6644	-78.2191
USC00369022	TYRONE	20000121	127	9999	9999	127	NA	NA	271.3	40.6644	-78.2191
USC00369022	TYRONE	20000122	127	9999	9999	127	NA	NA	271.3	40.6644	-78.2191
USC00369022	TYRONE	20000123	127	9999	9999	127	NA	NA	271.3	40.6644	-78.2191
USC00369022	TYRONE	20000124	127	9999	9999	127	NA	NA	271.3	40.6644	-78.2191
USC00369022	TYRONE	20000125	127	9999	9999	127	NA	NA	271.3	40.6644	-78.2191
USC00369022	TYRONE	20000126	127	9999	9999	127	NA	NA	271.3	40.6644	-78.2191
USC00369022	TYRONE	20000127	127	9999	9999	127	NA	NA	271.3	40.6644	-78.2191
USC00369022	TYRONE	20000128	127	9999	9999	127	NA	NA	271.3	40.6644	-78.2191
USC00369022	TYRONE	20000129	127	9999	9999	127	NA	NA	271.3	40.6644	-78.2191
USC00369022	TYRONE	20000130	127	9999	9999	127	NA	NA	271.3	40.6644	-78.2191
USC00369022	TYRONE	20000131	203	9999	9999	203	NA	NA	271.3	40.6644	-78.2191
USC00369022	TYRONE	20010101	51	9999	9999	51	NA	NA	271.3	40.6644	-78.2191
USC00369022	TYRONE	20010102	51	9999	9999	51	NA	NA	271.3	40.6644	-78.2191
USC00369022	TYRONE	20010103	51	9999	9999	51	NA	NA	271.3	40.6644	-78.2191
USC00369022	TYRONE	20010104	51	9999	9999	51	NA	NA	271.3	40.6644	-78.2191
USC00369022	TYRONE	20010105	76	9999	9999	76	NA	NA	271.3	40.6644	-78.2191
USC00369022	TYRONE	20010106	76	9999	9999	76	NA	NA	271.3	40.6644	-78.2191
USC00369022	TYRONE	20010107	76	9999	9999	76	NA	NA	271.3	40.6644	-78.2191
USC00369022	TYRONE	20010108	51	9999	9999	51	NA	NA	271.3	40.6644	-78.2191
USC00369022	TYRONE	20010109	25	9999	9999	25	NA	NA	271.3	40.6644	-78.2191
USC00369022	TYRONE	20010110	25	9999	9999	25	NA	NA	271.3	40.6644	-78.2191
USC00369022	TYRONE	20010111	25	9999	9999	25	NA	NA	271.3	40.6644	-78.2191
USC00369022	TYRONE	20010112	25	9999	9999	25	NA	NA	271.3	40.6644	-78.2191
USC00369022	TYRONE	20010113	25	9999	9999	25	NA	NA	271.3	40.6644	-78.2191
USC00369022	TYRONE	20010114	25	9999	9999	25	NA	NA	271.3	40.6644	-78.2191
USC00369022	TYRONE	20010115	25	9999	9999	25	NA	NA	271.3	40.6644	-78.2191
USC00369022	TYRONE	20010116	25	9999	9999	25	NA	NA	271.3	40.6644	-78.2191
USC00369022	TYRONE	20010117	0	9999	9999	0	NA	NA	271.3	40.6644	-78.2191
USC00369022	TYRONE	20010118	0	9999	9999	0	NA	NA	271.3	40.6644	-78.2191
USC00369022	TYRONE	20010119	0	9999	9999	0	NA	NA	271.3	40.6644	-78.2191
USC00369022	TYRONE	20010120	0	9999	9999	0	NA	NA	271.3	40.6644	-78.2191
USC00369022	TYRONE	20010121	102	9999	9999	102	NA	NA	271.3	40.6644	-78.2191
USC00369022	TYRONE	20010122	102	9999	9999	102	NA	NA	271.3	40.6644	-78.2191
USC00369022	TYRONE	20010123	76	9999	9999	76	NA	NA	271.3	40.6644	-78.2191
USC00369022	TYRONE	20010124	51	9999	9999	51	NA	NA	271.3	40.6644	-78.2191
USC00369022	TYRONE	20010125	51	9999	9999	51	NA	NA	271.3	40.6644	-78.2191
USC00369022	TYRONE	20010126	51	9999	9999	51	NA	NA	271.3	40.6644	-78.2191
USC00369022	TYRONE	20010127	51	9999	9999	51	NA	NA	271.3	40.6644	-78.2191
USC00369022	TYRONE	20010128	9999	9999	9999	NA	NA	NA	271.3	40.6644	-78.2191
USC00369022	TYRONE	20010129	25	9999	9999	25	NA	NA	271.3	40.6644	-78.2191
USC00369022	TYRONE	20010130	0	9999	9999	0	NA	NA	271.3	40.6644	-78.2191
USC00369022	TYRONE	20010131	0	9999	9999	0	NA	NA	271.3	40.6644	-78.2191
USC00369022	TYRONE	20020101	0	9999	9999	0	NA	NA	271.3	40.6644	-78.2191
USC00369022	TYRONE	20020102	0	9999	9999	0	NA	NA	271.3	40.6644	-78.2191
USC00369022	TYRONE	20020103	0	9999	9999	0	NA	NA	271.3	40.6644	-78.2191
USC00369022	TYRONE	20020104	0	9999	9999	0	NA	NA	271.3	40.6644	-78.2191
USC00369022	TYRONE	20020105	0	9999	9999	0	NA	NA	271.3	40.6644	-78.2191
USC00369022	TYRONE	20020106	0	9999	9999	0	NA	NA	271.3	40.6644	-78.2191
USC00369022	TYRONE	20020107	229	9999	9999	229	NA	NA	271.3	40.6644	-78.2191
USC00369022	TYRONE	20020108	229	9999	9999	229	NA	NA	271.3	40.6644	-78.2191
USC00369022	TYRONE	20020109	152	9999	9999	152	NA	NA	271.3	40.6644	-78.2191
USC00369022	TYRONE	20020110	102	9999	9999	102	NA	NA	271.3	40.6644	-78.2191
USC00369022	TYRONE	20020111	0	9999	9999	0	NA	NA	271.3	40.6644	-78.2191
USC00369022	TYRONE	20020112	0	9999	9999	0	NA	NA	271.3	40.6644	-78.2191
USC00369022	TYRONE	20020113	0	9999	9999	0	NA	NA	271.3	40.6644	-78.2191
USC00369022	TYRONE	20020114	0	9999	9999	0	NA	NA	271.3	40.6644	-78.2191
USC00369022	TYRONE	20020115	0	9999	9999	0	NA	NA	271.3	40.6644	-78.2191
USC00369022	TYRONE	20020116	0	9999	9999	0	NA	NA	271.3	40.6644	-78.2191
USC00369022	TYRONE	20020117	0	9999	9999	0	NA	NA	271.3	40.6644	-78.2191
USC00369022	TYRONE	20020118	0	9999	9999	0	NA	NA	271.3	40.6644	-78.2191
USC00369022	TYRONE	20020119	0	9999	9999	0	NA	NA	271.3	40.6644	-78.2191
USC00369022	TYRONE	20020120	51	9999	9999	51	NA	NA	271.3	40.6644	-78.2191
USC00369022	TYRONE	20020121	51	9999	9999	51	NA	NA	271.3	40.6644	-78.2191
USC00369022	TYRONE	20020122	25	9999	9999	25	NA	NA	271.3	40.6644	-78.2191
USC00369022	TYRONE	20020123	0	9999	9999	0	NA	NA	271.3	40.6644	-78.2191
USC00369022	TYRONE	20020124	0	9999	9999	0	NA	NA	271.3	40.6644	-78.2191
USC00369022	TYRONE	20020125	0	9999	9999	0	NA	NA	271.3	40.6644	-78.2191
USC00369022	TYRONE	20020126	0	9999	9999	0	NA	NA	271.3	40.6644	-78.2191
USC00369022	TYRONE	20020127	0	9999	9999	0	NA	NA	271.3	40.6644	-78.2191
USC00369022	TYRONE	20020128	0	9999	9999	0	NA	NA	271.3	40.6644	-78.2191
USC00369022	TYRONE	20020129	0	9999	9999	0	NA	NA	271.3	40.6644	-78.2191
USC00369022	TYRONE	20020130	0	9999	9999	0	NA	NA	271.3	40.6644	-78.2191
USC00369022	TYRONE	20020131	0	9999	9999	0	NA	NA	271.3	40.6644	-78.2191
USC00369022	TYRONE	20030101	51	9999	9999	51	NA	NA	271.3	40.6644	-78.2191
USC00369022	TYRONE	20030102	0	9999	9999	0	NA	NA	271.3	40.6644	-78.2191
USC00369022	TYRONE	20030103	51	9999	9999	51	NA	NA	271.3	40.6644	-78.2191
USC00369022	TYRONE	20030104	127	9999	9999	127	NA	NA	271.3	40.6644	-78.2191
USC00369022	TYRONE	20030105	127	9999	9999	127	NA	NA	271.3	40.6644	-78.2191
USC00369022	TYRONE	20030106	127	9999	9999	127	NA	NA	271.3	40.6644	-78.2191
USC00369022	TYRONE	20030107	127	9999	9999	127	NA	NA	271.3	40.6644	-78.2191
USC00369022	TYRONE	20030108	102	9999	9999	102	NA	NA	271.3	40.6644	-78.2191
USC00369022	TYRONE	20030109	0	9999	9999	0	NA	NA	271.3	40.6644	-78.2191
USC00369022	TYRONE	20030110	0	9999	9999	0	NA	NA	271.3	40.6644	-78.2191
USC00369022	TYRONE	20030111	0	9999	9999	0	NA	NA	271.3	40.6644	-78.2191
USC00369022	TYRONE	20030112	0	9999	9999	0	NA	NA	271.3	40.6644	-78.2191
USC00369022	TYRONE	20030113	0	9999	9999	0	NA	NA	271.3	40.6644	-78.2191
USC00369022	TYRONE	20030114	0	9999	9999	0	NA	NA	271.3	40.6644	-78.2191
USC00369022	TYRONE	20030115	0	9999	9999	0	NA	NA	271.3	40.6644	-78.2191
USC00369022	TYRONE	20030116	0	9999	9999	0	NA	NA	271.3	40.6644	-78.2191
USC00369022	TYRONE	20030117	25	9999	9999	25	NA	NA	271.3	40.6644	-78.2191
USC00369022	TYRONE	20030118	25	9999	9999	25	NA	NA	271.3	40.6644	-78.2191
USC00369022	TYRONE	20030119	25	9999	9999	25	NA	NA	271.3	40.6644	-78.2191
USC00369022	TYRONE	20030120	25	9999	9999	25	NA	NA	271.3	40.6644	-78.2191
USC00369022	TYRONE	20030121	25	9999	9999	25	NA	NA	271.3	40.6644	-78.2191
USC00369022	TYRONE	20030122	25	9999	9999	25	NA	NA	271.3	40.6644	-78.2191
USC00369022	TYRONE	20030123	0	9999	9999	0	NA	NA	271.3	40.6644	-78.2191
USC00369022	TYRONE	20030124	0	9999	9999	0	NA	NA	271.3	40.6644	-78.2191
USC00369022	TYRONE	20030125	0	9999	9999	0	NA	NA	271.3	40.6644	-78.2191
USC00369022	TYRONE	20030126	0	9999	9999	0	NA	NA	271.3	40.6644	-78.2191
USC00369022	TYRONE	20030127	0	9999	9999	0	NA	NA	271.3	40.6644	-78.2191
USC00369022	TYRONE	20030128	0	9999	9999	0	NA	NA	271.3	40.6644	-78.2191
USC00369022	TYRONE	20030129	25	9999	9999	25	NA	NA	271.3	40.6644	-78.2191
USC00369022	TYRONE	20030130	25	9999	9999	25	NA	NA	271.3	40.6644	-78.2191
USC00369022	TYRONE	20030131	25	9999	9999	25	NA	NA	271.3	40.6644	-78.2191
USC00369022	TYRONE	20040101	0	9999	9999	0	NA	NA	271.3	40.6644	-78.2191
USC00369022	TYRONE	20040102	0	9999	9999	0	NA	NA	271.3	40.6644	-78.2191
USC00369022	TYRONE	20040103	0	9999	9999	0	NA	NA	271.3	40.6644	-78.2191
USC00369022	TYRONE	20040104	0	9999	9999	0	NA	NA	271.3	40.6644	-78.2191
USC00369022	TYRONE	20040105	0	9999	9999	0	NA	NA	271.3	40.6644	-78.2191
USC00369022	TYRONE	20040106	0	9999	9999	0	NA	NA	271.3	40.6644	-78.2191
USC00369022	TYRONE	20040107	0	9999	9999	0	NA	NA	271.3	40.6644	-78.2191
USC00369022	TYRONE	20040108	0	9999	9999	0	NA	NA	271.3	40.6644	-78.2191
USC00369022	TYRONE	20040109	0	9999	9999	0	NA	NA	271.3	40.6644	-78.2191
USC00369022	TYRONE	20040110	0	9999	9999	0	NA	NA	271.3	40.6644	-78.2191
USC00369022	TYRONE	20040111	0	9999	9999	0	NA	NA	271.3	40.6644	-78.2191
USC00369022	TYRONE	20040112	0	9999	9999	0	NA	NA	271.3	40.6644	-78.2191
USC00369022	TYRONE	20040113	0	9999	9999	0	NA	NA	271.3	40.6644	-78.2191
USC00369022	TYRONE	20040114	0	9999	9999	0	NA	NA	271.3	40.6644	-78.2191
USC00369022	TYRONE	20040115	203	9999	9999	203	NA	NA	271.3	40.6644	-78.2191
USC00369022	TYRONE	20040116	178	9999	9999	178	NA	NA	271.3	40.6644	-78.2191
USC00369022	TYRONE	20040117	127	9999	9999	127	NA	NA	271.3	40.6644	-78.2191
USC00369022	TYRONE	20040118	152	9999	9999	152	NA	NA	271.3	40.6644	-78.2191
USC00369022	TYRONE	20040119	127	9999	9999	127	NA	NA	271.3	40.6644	-78.2191
USC00369022	TYRONE	20040120	127	9999	9999	127	NA	NA	271.3	40.6644	-78.2191
USC00369022	TYRONE	20040121	102	9999	9999	102	NA	NA	271.3	40.6644	-78.2191
USC00369022	TYRONE	20040122	102	9999	9999	102	NA	NA	271.3	40.6644	-78.2191
USC00369022	TYRONE	20040123	102	9999	9999	102	NA	NA	271.3	40.6644	-78.2191
USC00369022	TYRONE	20040124	152	9999	9999	152	NA	NA	271.3	40.6644	-78.2191
USC00369022	TYRONE	20040125	152	9999	9999	152	NA	NA	271.3	40.6644	-78.2191
USC00369022	TYRONE	20040126	305	9999	9999	305	NA	NA	271.3	40.6644	-78.2191
USC00369022	TYRONE	20040127	330	9999	9999	330	NA	NA	271.3	40.6644	-78.2191
USC00369022	TYRONE	20040128	356	9999	9999	356	NA	NA	271.3	40.6644	-78.2191
USC00369022	TYRONE	20040129	330	9999	9999	330	NA	NA	271.3	40.6644	-78.2191
USC00369022	TYRONE	20040130	279	9999	9999	279	NA	NA	271.3	40.6644	-78.2191
USC00369022	TYRONE	20040131	229	9999	9999	229	NA	NA	271.3	40.6644	-78.2191
USC00369022	TYRONE	20050101	0	9999	9999	0	NA	NA	271.3	40.6644	-78.2191
USC00369022	TYRONE	20050102	0	9999	9999	0	NA	NA	271.3	40.6644	-78.2191
USC00369022	TYRONE	20050103	0	9999	9999	0	NA	NA	271.3	40.6644	-78.2191
USC00369022	TYRONE	20050104	0	9999	9999	0	NA	NA	271.3	40.6644	-78.2191
USC00369022	TYRONE	20050105	0	9999	9999	0	NA	NA	271.3	40.6644	-78.2191
USC00369022	TYRONE	20050106	0	9999	9999	0	NA	NA	271.3	40.6644	-78.2191
USC00369022	TYRONE	20050107	0	9999	9999	0	NA	NA	271.3	40.6644	-78.2191
USC00369022	TYRONE	20050108	0	9999	9999	0	NA	NA	271.3	40.6644	-78.2191
USC00369022	TYRONE	20050109	0	9999	9999	0	NA	NA	271.3	40.6644	-78.2191
USC00369022	TYRONE	20050110	0	9999	9999	0	NA	NA	271.3	40.6644	-78.2191
USC00369022	TYRONE	20050111	0	9999	9999	0	NA	NA	271.3	40.6644	-78.2191
USC00369022	TYRONE	20050112	0	9999	9999	0	NA	NA	271.3	40.6644	-78.2191
USC00369022	TYRONE	20050113	0	9999	9999	0	NA	NA	271.3	40.6644	-78.2191
USC00369022	TYRONE	20050114	0	9999	9999	0	NA	NA	271.3	40.6644	-78.2191
USC00369022	TYRONE	20050115	0	9999	9999	0	NA	NA	271.3	40.6644	-78.2191
USC00369022	TYRONE	20050116	0	9999	9999	0	NA	NA	271.3	40.6644	-78.2191
USC00369022	TYRONE	20050117	25	9999	9999	25	NA	NA	271.3	40.6644	-78.2191
USC00369022	TYRONE	20050118	25	9999	9999	25	NA	NA	271.3	40.6644	-78.2191
USC00369022	TYRONE	20050119	25	9999	9999	25	NA	NA	271.3	40.6644	-78.2191
USC00369022	TYRONE	20050120	51	9999	9999	51	NA	NA	271.3	40.6644	-78.2191
USC00369022	TYRONE	20050121	51	9999	9999	51	NA	NA	271.3	40.6644	-78.2191
USC00369022	TYRONE	20050122	51	9999	9999	51	NA	NA	271.3	40.6644	-78.2191
USC00369022	TYRONE	20050123	178	9999	9999	178	NA	NA	271.3	40.6644	-78.2191
USC00369022	TYRONE	20050124	178	9999	9999	178	NA	NA	271.3	40.6644	-78.2191
USC00369022	TYRONE	20050125	178	9999	9999	178	NA	NA	271.3	40.6644	-78.2191
USC00369022	TYRONE	20050126	178	9999	9999	178	NA	NA	271.3	40.6644	-78.2191
USC00369022	TYRONE	20050127	178	9999	9999	178	NA	NA	271.3	40.6644	-78.2191
USC00369022	TYRONE	20050128	178	9999	9999	178	NA	NA	271.3	40.6644	-78.2191
USC00369022	TYRONE	20050129	178	9999	9999	178	NA	NA	271.3	40.6644	-78.2191
USC00369022	TYRONE	20050130	152	9999	9999	152	NA	NA	271.3	40.6644	-78.2191
USC00369022	TYRONE	20050131	152	9999	9999	152	NA	NA	271.3	40.6644	-78.2191
