STATION	NAME	DATE	SNWD	TMAX	TMIN	SNWD2	TMAX2	TMIN2	ELEV	LAT	LONG
USC00308670	UNADILLA	19950101	0	9999	9999	0	NA	NA	451.1	42.354	-75.324
USC00308670	UNADILLA	19950102	51	9999	9999	51	NA	NA	451.1	42.354	-75.324
USC00308670	UNADILLA	19950103	51	9999	9999	51	NA	NA	451.1	42.354	-75.324
USC00308670	UNADILLA	19950104	51	9999	9999	51	NA	NA	451.1	42.354	-75.324
USC00308670	UNADILLA	19950105	76	9999	9999	76	NA	NA	451.1	42.354	-75.324
USC00308670	UNADILLA	19950106	51	9999	9999	51	NA	NA	451.1	42.354	-75.324
USC00308670	UNADILLA	19950107	51	9999	9999	51	NA	NA	451.1	42.354	-75.324
USC00308670	UNADILLA	19950108	51	9999	9999	51	NA	NA	451.1	42.354	-75.324
USC00308670	UNADILLA	19950109	51	9999	9999	51	NA	NA	451.1	42.354	-75.324
USC00308670	UNADILLA	19950110	51	9999	9999	51	NA	NA	451.1	42.354	-75.324
USC00308670	UNADILLA	19950111	76	9999	9999	76	NA	NA	451.1	42.354	-75.324
USC00308670	UNADILLA	19950112	25	9999	9999	25	NA	NA	451.1	42.354	-75.324
USC00308670	UNADILLA	19950113	0	9999	9999	0	NA	NA	451.1	42.354	-75.324
USC00308670	UNADILLA	19950114	0	9999	9999	0	NA	NA	451.1	42.354	-75.324
USC00308670	UNADILLA	19950115	0	9999	9999	0	NA	NA	451.1	42.354	-75.324
USC00308670	UNADILLA	19950116	0	9999	9999	0	NA	NA	451.1	42.354	-75.324
USC00308670	UNADILLA	19950117	0	9999	9999	0	NA	NA	451.1	42.354	-75.324
USC00308670	UNADILLA	19950118	0	9999	9999	0	NA	NA	451.1	42.354	-75.324
USC00308670	UNADILLA	19950119	0	9999	9999	0	NA	NA	451.1	42.354	-75.324
USC00308670	UNADILLA	19950120	0	9999	9999	0	NA	NA	451.1	42.354	-75.324
USC00308670	UNADILLA	19950121	0	9999	9999	0	NA	NA	451.1	42.354	-75.324
USC00308670	UNADILLA	19950122	25	9999	9999	25	NA	NA	451.1	42.354	-75.324
USC00308670	UNADILLA	19950123	76	9999	9999	76	NA	NA	451.1	42.354	-75.324
USC00308670	UNADILLA	19950124	76	9999	9999	76	NA	NA	451.1	42.354	-75.324
USC00308670	UNADILLA	19950125	102	9999	9999	102	NA	NA	451.1	42.354	-75.324
USC00308670	UNADILLA	19950126	76	9999	9999	76	NA	NA	451.1	42.354	-75.324
USC00308670	UNADILLA	19950127	102	9999	9999	102	NA	NA	451.1	42.354	-75.324
USC00308670	UNADILLA	19950128	51	9999	9999	51	NA	NA	451.1	42.354	-75.324
USC00308670	UNADILLA	19950129	51	9999	9999	51	NA	NA	451.1	42.354	-75.324
USC00308670	UNADILLA	19950130	51	9999	9999	51	NA	NA	451.1	42.354	-75.324
USC00308670	UNADILLA	19950131	25	9999	9999	25	NA	NA	451.1	42.354	-75.324
USC00308670	UNADILLA	19960101	152	9999	9999	152	NA	NA	451.1	42.354	-75.324
USC00308670	UNADILLA	19960102	178	9999	9999	178	NA	NA	451.1	42.354	-75.324
USC00308670	UNADILLA	19960103	406	9999	9999	406	NA	NA	451.1	42.354	-75.324
USC00308670	UNADILLA	19960104	381	9999	9999	381	NA	NA	451.1	42.354	-75.324
USC00308670	UNADILLA	19960105	381	9999	9999	381	NA	NA	451.1	42.354	-75.324
USC00308670	UNADILLA	19960106	381	9999	9999	381	NA	NA	451.1	42.354	-75.324
USC00308670	UNADILLA	19960107	381	9999	9999	381	NA	NA	451.1	42.354	-75.324
USC00308670	UNADILLA	19960108	381	9999	9999	381	NA	NA	451.1	42.354	-75.324
USC00308670	UNADILLA	19960109	381	9999	9999	381	NA	NA	451.1	42.354	-75.324
USC00308670	UNADILLA	19960110	432	9999	9999	432	NA	NA	451.1	42.354	-75.324
USC00308670	UNADILLA	19960111	432	9999	9999	432	NA	NA	451.1	42.354	-75.324
USC00308670	UNADILLA	19960112	432	9999	9999	432	NA	NA	451.1	42.354	-75.324
USC00308670	UNADILLA	19960113	711	9999	9999	711	NA	NA	451.1	42.354	-75.324
USC00308670	UNADILLA	19960114	711	9999	9999	711	NA	NA	451.1	42.354	-75.324
USC00308670	UNADILLA	19960115	686	9999	9999	686	NA	NA	451.1	42.354	-75.324
USC00308670	UNADILLA	19960116	686	9999	9999	686	NA	NA	451.1	42.354	-75.324
USC00308670	UNADILLA	19960117	381	9999	9999	381	NA	NA	451.1	42.354	-75.324
USC00308670	UNADILLA	19960118	305	9999	9999	305	NA	NA	451.1	42.354	-75.324
USC00308670	UNADILLA	19960119	9999	9999	9999	NA	NA	NA	451.1	42.354	-75.324
USC00308670	UNADILLA	19960120	25	9999	9999	25	NA	NA	451.1	42.354	-75.324
USC00308670	UNADILLA	19960121	25	9999	9999	25	NA	NA	451.1	42.354	-75.324
USC00308670	UNADILLA	19960122	25	9999	9999	25	NA	NA	451.1	42.354	-75.324
USC00308670	UNADILLA	19960123	0	9999	9999	0	NA	NA	451.1	42.354	-75.324
USC00308670	UNADILLA	19960124	0	9999	9999	0	NA	NA	451.1	42.354	-75.324
USC00308670	UNADILLA	19960125	25	9999	9999	25	NA	NA	451.1	42.354	-75.324
USC00308670	UNADILLA	19960126	25	9999	9999	25	NA	NA	451.1	42.354	-75.324
USC00308670	UNADILLA	19960127	0	9999	9999	0	NA	NA	451.1	42.354	-75.324
USC00308670	UNADILLA	19960128	0	9999	9999	0	NA	NA	451.1	42.354	-75.324
USC00308670	UNADILLA	19960129	25	9999	9999	25	NA	NA	451.1	42.354	-75.324
USC00308670	UNADILLA	19960130	0	9999	9999	0	NA	NA	451.1	42.354	-75.324
USC00308670	UNADILLA	19960131	25	9999	9999	25	NA	NA	451.1	42.354	-75.324
USC00308670	UNADILLA	19970101	25	9999	9999	25	NA	NA	451.1	42.354	-75.324
USC00308670	UNADILLA	19970102	51	9999	9999	51	NA	NA	451.1	42.354	-75.324
USC00308670	UNADILLA	19970103	0	9999	9999	0	NA	NA	451.1	42.354	-75.324
USC00308670	UNADILLA	19970104	0	9999	9999	0	NA	NA	451.1	42.354	-75.324
USC00308670	UNADILLA	19970105	0	9999	9999	0	NA	NA	451.1	42.354	-75.324
USC00308670	UNADILLA	19970106	0	9999	9999	0	NA	NA	451.1	42.354	-75.324
USC00308670	UNADILLA	19970107	25	9999	9999	25	NA	NA	451.1	42.354	-75.324
USC00308670	UNADILLA	19970108	51	9999	9999	51	NA	NA	451.1	42.354	-75.324
USC00308670	UNADILLA	19970109	25	9999	9999	25	NA	NA	451.1	42.354	-75.324
USC00308670	UNADILLA	19970110	76	9999	9999	76	NA	NA	451.1	42.354	-75.324
USC00308670	UNADILLA	19970111	76	9999	9999	76	NA	NA	451.1	42.354	-75.324
USC00308670	UNADILLA	19970112	76	9999	9999	76	NA	NA	451.1	42.354	-75.324
USC00308670	UNADILLA	19970113	76	9999	9999	76	NA	NA	451.1	42.354	-75.324
USC00308670	UNADILLA	19970114	76	9999	9999	76	NA	NA	451.1	42.354	-75.324
USC00308670	UNADILLA	19970115	76	9999	9999	76	NA	NA	451.1	42.354	-75.324
USC00308670	UNADILLA	19970116	76	9999	9999	76	NA	NA	451.1	42.354	-75.324
USC00308670	UNADILLA	19970117	102	9999	9999	102	NA	NA	451.1	42.354	-75.324
USC00308670	UNADILLA	19970118	102	9999	9999	102	NA	NA	451.1	42.354	-75.324
USC00308670	UNADILLA	19970119	102	9999	9999	102	NA	NA	451.1	42.354	-75.324
USC00308670	UNADILLA	19970120	102	9999	9999	102	NA	NA	451.1	42.354	-75.324
USC00308670	UNADILLA	19970121	76	9999	9999	76	NA	NA	451.1	42.354	-75.324
USC00308670	UNADILLA	19970122	76	9999	9999	76	NA	NA	451.1	42.354	-75.324
USC00308670	UNADILLA	19970123	25	9999	9999	25	NA	NA	451.1	42.354	-75.324
USC00308670	UNADILLA	19970124	25	9999	9999	25	NA	NA	451.1	42.354	-75.324
USC00308670	UNADILLA	19970125	0	9999	9999	0	NA	NA	451.1	42.354	-75.324
USC00308670	UNADILLA	19970126	25	9999	9999	25	NA	NA	451.1	42.354	-75.324
USC00308670	UNADILLA	19970127	25	9999	9999	25	NA	NA	451.1	42.354	-75.324
USC00308670	UNADILLA	19970128	76	9999	9999	76	NA	NA	451.1	42.354	-75.324
USC00308670	UNADILLA	19970129	102	9999	9999	102	NA	NA	451.1	42.354	-75.324
USC00308670	UNADILLA	19970130	76	9999	9999	76	NA	NA	451.1	42.354	-75.324
USC00308670	UNADILLA	19970131	76	9999	9999	76	NA	NA	451.1	42.354	-75.324
USC00308670	UNADILLA	19980101	254	9999	9999	254	NA	NA	451.1	42.354	-75.324
USC00308670	UNADILLA	19980102	229	9999	9999	229	NA	NA	451.1	42.354	-75.324
USC00308670	UNADILLA	19980103	152	9999	9999	152	NA	NA	451.1	42.354	-75.324
USC00308670	UNADILLA	19980104	76	9999	9999	76	NA	NA	451.1	42.354	-75.324
USC00308670	UNADILLA	19980105	25	9999	9999	25	NA	NA	451.1	42.354	-75.324
USC00308670	UNADILLA	19980106	0	9999	9999	0	NA	NA	451.1	42.354	-75.324
USC00308670	UNADILLA	19980107	0	9999	9999	0	NA	NA	451.1	42.354	-75.324
USC00308670	UNADILLA	19980108	0	9999	9999	0	NA	NA	451.1	42.354	-75.324
USC00308670	UNADILLA	19980109	0	9999	9999	0	NA	NA	451.1	42.354	-75.324
USC00308670	UNADILLA	19980110	0	9999	9999	0	NA	NA	451.1	42.354	-75.324
USC00308670	UNADILLA	19980111	0	9999	9999	0	NA	NA	451.1	42.354	-75.324
USC00308670	UNADILLA	19980112	0	9999	9999	0	NA	NA	451.1	42.354	-75.324
USC00308670	UNADILLA	19980113	0	9999	9999	0	NA	NA	451.1	42.354	-75.324
USC00308670	UNADILLA	19980114	0	9999	9999	0	NA	NA	451.1	42.354	-75.324
USC00308670	UNADILLA	19980115	0	9999	9999	0	NA	NA	451.1	42.354	-75.324
USC00308670	UNADILLA	19980116	0	9999	9999	0	NA	NA	451.1	42.354	-75.324
USC00308670	UNADILLA	19980117	0	9999	9999	0	NA	NA	451.1	42.354	-75.324
USC00308670	UNADILLA	19980118	51	9999	9999	51	NA	NA	451.1	42.354	-75.324
USC00308670	UNADILLA	19980119	102	9999	9999	102	NA	NA	451.1	42.354	-75.324
USC00308670	UNADILLA	19980120	102	9999	9999	102	NA	NA	451.1	42.354	-75.324
USC00308670	UNADILLA	19980121	76	9999	9999	76	NA	NA	451.1	42.354	-75.324
USC00308670	UNADILLA	19980122	76	9999	9999	76	NA	NA	451.1	42.354	-75.324
USC00308670	UNADILLA	19980123	102	9999	9999	102	NA	NA	451.1	42.354	-75.324
USC00308670	UNADILLA	19980124	51	9999	9999	51	NA	NA	451.1	42.354	-75.324
USC00308670	UNADILLA	19980125	76	9999	9999	76	NA	NA	451.1	42.354	-75.324
USC00308670	UNADILLA	19980126	51	9999	9999	51	NA	NA	451.1	42.354	-75.324
USC00308670	UNADILLA	19980127	51	9999	9999	51	NA	NA	451.1	42.354	-75.324
USC00308670	UNADILLA	19980128	51	9999	9999	51	NA	NA	451.1	42.354	-75.324
USC00308670	UNADILLA	19980129	51	9999	9999	51	NA	NA	451.1	42.354	-75.324
USC00308670	UNADILLA	19980130	25	9999	9999	25	NA	NA	451.1	42.354	-75.324
USC00308670	UNADILLA	19980131	25	9999	9999	25	NA	NA	451.1	42.354	-75.324
USC00308670	UNADILLA	19990101	76	9999	9999	76	NA	NA	451.1	42.354	-75.324
USC00308670	UNADILLA	19990102	76	9999	9999	76	NA	NA	451.1	42.354	-75.324
USC00308670	UNADILLA	19990103	0	9999	9999	0	NA	NA	451.1	42.354	-75.324
USC00308670	UNADILLA	19990104	25	9999	9999	25	NA	NA	451.1	42.354	-75.324
USC00308670	UNADILLA	19990105	25	9999	9999	25	NA	NA	451.1	42.354	-75.324
USC00308670	UNADILLA	19990106	25	9999	9999	25	NA	NA	451.1	42.354	-75.324
USC00308670	UNADILLA	19990107	51	9999	9999	51	NA	NA	451.1	42.354	-75.324
USC00308670	UNADILLA	19990108	51	9999	9999	51	NA	NA	451.1	42.354	-75.324
USC00308670	UNADILLA	19990109	76	9999	9999	76	NA	NA	451.1	42.354	-75.324
USC00308670	UNADILLA	19990110	127	9999	9999	127	NA	NA	451.1	42.354	-75.324
USC00308670	UNADILLA	19990111	127	9999	9999	127	NA	NA	451.1	42.354	-75.324
USC00308670	UNADILLA	19990112	127	9999	9999	127	NA	NA	451.1	42.354	-75.324
USC00308670	UNADILLA	19990113	127	9999	9999	127	NA	NA	451.1	42.354	-75.324
USC00308670	UNADILLA	19990114	152	9999	9999	152	NA	NA	451.1	42.354	-75.324
USC00308670	UNADILLA	19990115	279	9999	9999	279	NA	NA	451.1	42.354	-75.324
USC00308670	UNADILLA	19990116	305	9999	9999	305	NA	NA	451.1	42.354	-75.324
USC00308670	UNADILLA	19990117	279	9999	9999	279	NA	NA	451.1	42.354	-75.324
USC00308670	UNADILLA	19990118	152	9999	9999	152	NA	NA	451.1	42.354	-75.324
USC00308670	UNADILLA	19990119	102	9999	9999	102	NA	NA	451.1	42.354	-75.324
USC00308670	UNADILLA	19990120	76	9999	9999	76	NA	NA	451.1	42.354	-75.324
USC00308670	UNADILLA	19990121	76	9999	9999	76	NA	NA	451.1	42.354	-75.324
USC00308670	UNADILLA	19990122	51	9999	9999	51	NA	NA	451.1	42.354	-75.324
USC00308670	UNADILLA	19990123	25	9999	9999	25	NA	NA	451.1	42.354	-75.324
USC00308670	UNADILLA	19990124	0	9999	9999	0	NA	NA	451.1	42.354	-75.324
USC00308670	UNADILLA	19990125	0	9999	9999	0	NA	NA	451.1	42.354	-75.324
USC00308670	UNADILLA	19990126	25	9999	9999	25	NA	NA	451.1	42.354	-75.324
USC00308670	UNADILLA	19990127	25	9999	9999	25	NA	NA	451.1	42.354	-75.324
USC00308670	UNADILLA	19990128	0	9999	9999	0	NA	NA	451.1	42.354	-75.324
USC00308670	UNADILLA	19990129	25	9999	9999	25	NA	NA	451.1	42.354	-75.324
USC00308670	UNADILLA	19990130	25	9999	9999	25	NA	NA	451.1	42.354	-75.324
USC00308670	UNADILLA	19990131	25	9999	9999	25	NA	NA	451.1	42.354	-75.324
USC00308670	UNADILLA	20000101	0	9999	9999	0	NA	NA	451.1	42.354	-75.324
USC00308670	UNADILLA	20000102	0	9999	9999	0	NA	NA	451.1	42.354	-75.324
USC00308670	UNADILLA	20000103	0	9999	9999	0	NA	NA	451.1	42.354	-75.324
USC00308670	UNADILLA	20000104	0	9999	9999	0	NA	NA	451.1	42.354	-75.324
USC00308670	UNADILLA	20000105	0	9999	9999	0	NA	NA	451.1	42.354	-75.324
USC00308670	UNADILLA	20000106	0	9999	9999	0	NA	NA	451.1	42.354	-75.324
USC00308670	UNADILLA	20000107	0	9999	9999	0	NA	NA	451.1	42.354	-75.324
USC00308670	UNADILLA	20000108	25	9999	9999	25	NA	NA	451.1	42.354	-75.324
USC00308670	UNADILLA	20000109	0	9999	9999	0	NA	NA	451.1	42.354	-75.324
USC00308670	UNADILLA	20000110	0	9999	9999	0	NA	NA	451.1	42.354	-75.324
USC00308670	UNADILLA	20000111	0	9999	9999	0	NA	NA	451.1	42.354	-75.324
USC00308670	UNADILLA	20000112	25	9999	9999	25	NA	NA	451.1	42.354	-75.324
USC00308670	UNADILLA	20000113	102	9999	9999	102	NA	NA	451.1	42.354	-75.324
USC00308670	UNADILLA	20000114	152	9999	9999	152	NA	NA	451.1	42.354	-75.324
USC00308670	UNADILLA	20000115	152	9999	9999	152	NA	NA	451.1	42.354	-75.324
USC00308670	UNADILLA	20000116	127	9999	9999	127	NA	NA	451.1	42.354	-75.324
USC00308670	UNADILLA	20000117	152	9999	9999	152	NA	NA	451.1	42.354	-75.324
USC00308670	UNADILLA	20000118	152	9999	9999	152	NA	NA	451.1	42.354	-75.324
USC00308670	UNADILLA	20000119	152	9999	9999	152	NA	NA	451.1	42.354	-75.324
USC00308670	UNADILLA	20000120	152	9999	9999	152	NA	NA	451.1	42.354	-75.324
USC00308670	UNADILLA	20000121	203	9999	9999	203	NA	NA	451.1	42.354	-75.324
USC00308670	UNADILLA	20000122	203	9999	9999	203	NA	NA	451.1	42.354	-75.324
USC00308670	UNADILLA	20000123	178	9999	9999	178	NA	NA	451.1	42.354	-75.324
USC00308670	UNADILLA	20000124	178	9999	9999	178	NA	NA	451.1	42.354	-75.324
USC00308670	UNADILLA	20000125	152	9999	9999	152	NA	NA	451.1	42.354	-75.324
USC00308670	UNADILLA	20000126	330	9999	9999	330	NA	NA	451.1	42.354	-75.324
USC00308670	UNADILLA	20000127	356	9999	9999	356	NA	NA	451.1	42.354	-75.324
USC00308670	UNADILLA	20000128	330	9999	9999	330	NA	NA	451.1	42.354	-75.324
USC00308670	UNADILLA	20000129	330	9999	9999	330	NA	NA	451.1	42.354	-75.324
USC00308670	UNADILLA	20000130	635	9999	9999	635	NA	NA	451.1	42.354	-75.324
USC00308670	UNADILLA	20000131	737	9999	9999	737	NA	NA	451.1	42.354	-75.324
USC00308670	UNADILLA	20010101	356	9999	9999	356	NA	NA	451.1	42.354	-75.324
USC00308670	UNADILLA	20010102	330	9999	9999	330	NA	NA	451.1	42.354	-75.324
USC00308670	UNADILLA	20010103	254	9999	9999	254	NA	NA	451.1	42.354	-75.324
USC00308670	UNADILLA	20010104	229	9999	9999	229	NA	NA	451.1	42.354	-75.324
USC00308670	UNADILLA	20010105	254	9999	9999	254	NA	NA	451.1	42.354	-75.324
USC00308670	UNADILLA	20010106	356	9999	9999	356	NA	NA	451.1	42.354	-75.324
USC00308670	UNADILLA	20010107	279	9999	9999	279	NA	NA	451.1	42.354	-75.324
USC00308670	UNADILLA	20010108	229	9999	9999	229	NA	NA	451.1	42.354	-75.324
USC00308670	UNADILLA	20010109	229	9999	9999	229	NA	NA	451.1	42.354	-75.324
USC00308670	UNADILLA	20010110	279	9999	9999	279	NA	NA	451.1	42.354	-75.324
USC00308670	UNADILLA	20010111	254	9999	9999	254	NA	NA	451.1	42.354	-75.324
USC00308670	UNADILLA	20010112	203	9999	9999	203	NA	NA	451.1	42.354	-75.324
USC00308670	UNADILLA	20010113	178	9999	9999	178	NA	NA	451.1	42.354	-75.324
USC00308670	UNADILLA	20010114	178	9999	9999	178	NA	NA	451.1	42.354	-75.324
USC00308670	UNADILLA	20010115	152	9999	9999	152	NA	NA	451.1	42.354	-75.324
USC00308670	UNADILLA	20010116	152	9999	9999	152	NA	NA	451.1	42.354	-75.324
USC00308670	UNADILLA	20010117	152	9999	9999	152	NA	NA	451.1	42.354	-75.324
USC00308670	UNADILLA	20010118	152	9999	9999	152	NA	NA	451.1	42.354	-75.324
USC00308670	UNADILLA	20010119	127	9999	9999	127	NA	NA	451.1	42.354	-75.324
USC00308670	UNADILLA	20010120	178	9999	9999	178	NA	NA	451.1	42.354	-75.324
USC00308670	UNADILLA	20010121	152	9999	9999	152	NA	NA	451.1	42.354	-75.324
USC00308670	UNADILLA	20010122	152	9999	9999	152	NA	NA	451.1	42.354	-75.324
USC00308670	UNADILLA	20010123	127	9999	9999	127	NA	NA	451.1	42.354	-75.324
USC00308670	UNADILLA	20010124	127	9999	9999	127	NA	NA	451.1	42.354	-75.324
USC00308670	UNADILLA	20010125	127	9999	9999	127	NA	NA	451.1	42.354	-75.324
USC00308670	UNADILLA	20010126	152	9999	9999	152	NA	NA	451.1	42.354	-75.324
USC00308670	UNADILLA	20010127	178	9999	9999	178	NA	NA	451.1	42.354	-75.324
USC00308670	UNADILLA	20010128	178	9999	9999	178	NA	NA	451.1	42.354	-75.324
USC00308670	UNADILLA	20010129	178	9999	9999	178	NA	NA	451.1	42.354	-75.324
USC00308670	UNADILLA	20010130	178	9999	9999	178	NA	NA	451.1	42.354	-75.324
USC00308670	UNADILLA	20010131	127	9999	9999	127	NA	NA	451.1	42.354	-75.324
USC00308670	UNADILLA	20020101	25	9999	9999	25	NA	NA	451.1	42.354	-75.324
USC00308670	UNADILLA	20020102	25	9999	9999	25	NA	NA	451.1	42.354	-75.324
USC00308670	UNADILLA	20020103	25	9999	9999	25	NA	NA	451.1	42.354	-75.324
USC00308670	UNADILLA	20020104	25	9999	9999	25	NA	NA	451.1	42.354	-75.324
USC00308670	UNADILLA	20020105	25	9999	9999	25	NA	NA	451.1	42.354	-75.324
USC00308670	UNADILLA	20020106	25	9999	9999	25	NA	NA	451.1	42.354	-75.324
USC00308670	UNADILLA	20020107	152	9999	9999	152	NA	NA	451.1	42.354	-75.324
USC00308670	UNADILLA	20020108	178	9999	9999	178	NA	NA	451.1	42.354	-75.324
USC00308670	UNADILLA	20020109	152	9999	9999	152	NA	NA	451.1	42.354	-75.324
USC00308670	UNADILLA	20020110	152	9999	9999	152	NA	NA	451.1	42.354	-75.324
USC00308670	UNADILLA	20020111	102	9999	9999	102	NA	NA	451.1	42.354	-75.324
USC00308670	UNADILLA	20020112	102	9999	9999	102	NA	NA	451.1	42.354	-75.324
USC00308670	UNADILLA	20020113	102	9999	9999	102	NA	NA	451.1	42.354	-75.324
USC00308670	UNADILLA	20020114	102	9999	9999	102	NA	NA	451.1	42.354	-75.324
USC00308670	UNADILLA	20020115	102	9999	9999	102	NA	NA	451.1	42.354	-75.324
USC00308670	UNADILLA	20020116	76	9999	9999	76	NA	NA	451.1	42.354	-75.324
USC00308670	UNADILLA	20020117	152	9999	9999	152	NA	NA	451.1	42.354	-75.324
USC00308670	UNADILLA	20020118	102	9999	9999	102	NA	NA	451.1	42.354	-75.324
USC00308670	UNADILLA	20020119	127	9999	9999	127	NA	NA	451.1	42.354	-75.324
USC00308670	UNADILLA	20020120	254	9999	9999	254	NA	NA	451.1	42.354	-75.324
USC00308670	UNADILLA	20020121	203	9999	9999	203	NA	NA	451.1	42.354	-75.324
USC00308670	UNADILLA	20020122	229	9999	9999	229	NA	NA	451.1	42.354	-75.324
USC00308670	UNADILLA	20020123	178	9999	9999	178	NA	NA	451.1	42.354	-75.324
USC00308670	UNADILLA	20020124	102	9999	9999	102	NA	NA	451.1	42.354	-75.324
USC00308670	UNADILLA	20020125	51	9999	9999	51	NA	NA	451.1	42.354	-75.324
USC00308670	UNADILLA	20020126	51	9999	9999	51	NA	NA	451.1	42.354	-75.324
USC00308670	UNADILLA	20020127	25	9999	9999	25	NA	NA	451.1	42.354	-75.324
USC00308670	UNADILLA	20020128	0	9999	9999	0	NA	NA	451.1	42.354	-75.324
USC00308670	UNADILLA	20020129	0	9999	9999	0	NA	NA	451.1	42.354	-75.324
USC00308670	UNADILLA	20020130	0	9999	9999	0	NA	NA	451.1	42.354	-75.324
USC00308670	UNADILLA	20020131	25	9999	9999	25	NA	NA	451.1	42.354	-75.324
USC00308670	UNADILLA	20030101	203	9999	9999	203	NA	NA	451.1	42.354	-75.324
USC00308670	UNADILLA	20030102	178	9999	9999	178	NA	NA	451.1	42.354	-75.324
USC00308670	UNADILLA	20030103	508	9999	9999	508	NA	NA	451.1	42.354	-75.324
USC00308670	UNADILLA	20030104	483	9999	9999	483	NA	NA	451.1	42.354	-75.324
USC00308670	UNADILLA	20030105	457	9999	9999	457	NA	NA	451.1	42.354	-75.324
USC00308670	UNADILLA	20030106	457	9999	9999	457	NA	NA	451.1	42.354	-75.324
USC00308670	UNADILLA	20030107	432	9999	9999	432	NA	NA	451.1	42.354	-75.324
USC00308670	UNADILLA	20030108	381	9999	9999	381	NA	NA	451.1	42.354	-75.324
USC00308670	UNADILLA	20030109	381	9999	9999	381	NA	NA	451.1	42.354	-75.324
USC00308670	UNADILLA	20030110	381	9999	9999	381	NA	NA	451.1	42.354	-75.324
USC00308670	UNADILLA	20030111	356	9999	9999	356	NA	NA	451.1	42.354	-75.324
USC00308670	UNADILLA	20030112	330	9999	9999	330	NA	NA	451.1	42.354	-75.324
USC00308670	UNADILLA	20030113	330	9999	9999	330	NA	NA	451.1	42.354	-75.324
USC00308670	UNADILLA	20030114	330	9999	9999	330	NA	NA	451.1	42.354	-75.324
USC00308670	UNADILLA	20030115	356	9999	9999	356	NA	NA	451.1	42.354	-75.324
USC00308670	UNADILLA	20030116	381	9999	9999	381	NA	NA	451.1	42.354	-75.324
USC00308670	UNADILLA	20030117	330	9999	9999	330	NA	NA	451.1	42.354	-75.324
USC00308670	UNADILLA	20030118	330	9999	9999	330	NA	NA	451.1	42.354	-75.324
USC00308670	UNADILLA	20030119	330	9999	9999	330	NA	NA	451.1	42.354	-75.324
USC00308670	UNADILLA	20030120	330	9999	9999	330	NA	NA	451.1	42.354	-75.324
USC00308670	UNADILLA	20030121	330	9999	9999	330	NA	NA	451.1	42.354	-75.324
USC00308670	UNADILLA	20030122	330	9999	9999	330	NA	NA	451.1	42.354	-75.324
USC00308670	UNADILLA	20030123	330	9999	9999	330	NA	NA	451.1	42.354	-75.324
USC00308670	UNADILLA	20030124	356	9999	9999	356	NA	NA	451.1	42.354	-75.324
USC00308670	UNADILLA	20030125	356	9999	9999	356	NA	NA	451.1	42.354	-75.324
USC00308670	UNADILLA	20030126	356	9999	9999	356	NA	NA	451.1	42.354	-75.324
USC00308670	UNADILLA	20030127	432	9999	9999	432	NA	NA	451.1	42.354	-75.324
USC00308670	UNADILLA	20030128	406	9999	9999	406	NA	NA	451.1	42.354	-75.324
USC00308670	UNADILLA	20030129	381	9999	9999	381	NA	NA	451.1	42.354	-75.324
USC00308670	UNADILLA	20030130	330	9999	9999	330	NA	NA	451.1	42.354	-75.324
USC00308670	UNADILLA	20030131	305	9999	9999	305	NA	NA	451.1	42.354	-75.324
USC00308670	UNADILLA	20040101	0	9999	9999	0	NA	NA	451.1	42.354	-75.324
USC00308670	UNADILLA	20040102	0	9999	9999	0	NA	NA	451.1	42.354	-75.324
USC00308670	UNADILLA	20040103	0	9999	9999	0	NA	NA	451.1	42.354	-75.324
USC00308670	UNADILLA	20040104	0	9999	9999	0	NA	NA	451.1	42.354	-75.324
USC00308670	UNADILLA	20040105	25	9999	9999	25	NA	NA	451.1	42.354	-75.324
USC00308670	UNADILLA	20040106	0	9999	9999	0	NA	NA	451.1	42.354	-75.324
USC00308670	UNADILLA	20040107	51	9999	9999	51	NA	NA	451.1	42.354	-75.324
USC00308670	UNADILLA	20040108	76	9999	9999	76	NA	NA	451.1	42.354	-75.324
USC00308670	UNADILLA	20040109	76	9999	9999	76	NA	NA	451.1	42.354	-75.324
USC00308670	UNADILLA	20040110	76	9999	9999	76	NA	NA	451.1	42.354	-75.324
USC00308670	UNADILLA	20040111	76	9999	9999	76	NA	NA	451.1	42.354	-75.324
USC00308670	UNADILLA	20040112	178	9999	9999	178	NA	NA	451.1	42.354	-75.324
USC00308670	UNADILLA	20040113	178	9999	9999	178	NA	NA	451.1	42.354	-75.324
USC00308670	UNADILLA	20040114	203	9999	9999	203	NA	NA	451.1	42.354	-75.324
USC00308670	UNADILLA	20040115	203	9999	9999	203	NA	NA	451.1	42.354	-75.324
USC00308670	UNADILLA	20040116	203	9999	9999	203	NA	NA	451.1	42.354	-75.324
USC00308670	UNADILLA	20040117	203	9999	9999	203	NA	NA	451.1	42.354	-75.324
USC00308670	UNADILLA	20040118	203	9999	9999	203	NA	NA	451.1	42.354	-75.324
USC00308670	UNADILLA	20040119	203	9999	9999	203	NA	NA	451.1	42.354	-75.324
USC00308670	UNADILLA	20040120	229	9999	9999	229	NA	NA	451.1	42.354	-75.324
USC00308670	UNADILLA	20040121	203	9999	9999	203	NA	NA	451.1	42.354	-75.324
USC00308670	UNADILLA	20040122	203	9999	9999	203	NA	NA	451.1	42.354	-75.324
USC00308670	UNADILLA	20040123	203	9999	9999	203	NA	NA	451.1	42.354	-75.324
USC00308670	UNADILLA	20040124	203	9999	9999	203	NA	NA	451.1	42.354	-75.324
USC00308670	UNADILLA	20040125	203	9999	9999	203	NA	NA	451.1	42.354	-75.324
USC00308670	UNADILLA	20040126	203	9999	9999	203	NA	NA	451.1	42.354	-75.324
USC00308670	UNADILLA	20040127	229	9999	9999	229	NA	NA	451.1	42.354	-75.324
USC00308670	UNADILLA	20040128	356	9999	9999	356	NA	NA	451.1	42.354	-75.324
USC00308670	UNADILLA	20040129	406	9999	9999	406	NA	NA	451.1	42.354	-75.324
USC00308670	UNADILLA	20040130	406	9999	9999	406	NA	NA	451.1	42.354	-75.324
USC00308670	UNADILLA	20040131	406	9999	9999	406	NA	NA	451.1	42.354	-75.324
