STATION	NAME	DATE	SNWD	TMAX	TMIN	SNWD2	TMAX2	TMIN2	ELEV	LAT	LONG
USC00369298	WARREN	19950101	51	56	-100	51	56	-100	368.8	41.8467	-79.1494
USC00369298	WARREN	19950102	51	-56	-89	51	-56	-89	368.8	41.8467	-79.1494
USC00369298	WARREN	19950103	51	-56	-89	51	-56	-89	368.8	41.8467	-79.1494
USC00369298	WARREN	19950104	51	-39	-111	51	-39	-111	368.8	41.8467	-79.1494
USC00369298	WARREN	19950105	51	-94	-156	51	-94	-156	368.8	41.8467	-79.1494
USC00369298	WARREN	19950106	51	-83	-156	51	-83	-156	368.8	41.8467	-79.1494
USC00369298	WARREN	19950107	51	6	-100	51	6	-100	368.8	41.8467	-79.1494
USC00369298	WARREN	19950108	51	-17	-67	51	-17	-67	368.8	41.8467	-79.1494
USC00369298	WARREN	19950109	51	-39	-67	51	-39	-67	368.8	41.8467	-79.1494
USC00369298	WARREN	19950110	51	-56	-111	51	-56	-111	368.8	41.8467	-79.1494
USC00369298	WARREN	19950111	51	-39	-100	51	-39	-100	368.8	41.8467	-79.1494
USC00369298	WARREN	19950112	25	33	-39	25	33	-39	368.8	41.8467	-79.1494
USC00369298	WARREN	19950113	0	128	33	0	128	33	368.8	41.8467	-79.1494
USC00369298	WARREN	19950114	0	172	72	0	172	72	368.8	41.8467	-79.1494
USC00369298	WARREN	19950115	0	178	94	0	178	94	368.8	41.8467	-79.1494
USC00369298	WARREN	19950116	0	167	28	0	167	28	368.8	41.8467	-79.1494
USC00369298	WARREN	19950117	0	28	0	0	28	0	368.8	41.8467	-79.1494
USC00369298	WARREN	19950118	0	39	6	0	39	6	368.8	41.8467	-79.1494
USC00369298	WARREN	19950119	0	128	33	0	128	33	368.8	41.8467	-79.1494
USC00369298	WARREN	19950120	0	100	56	0	100	56	368.8	41.8467	-79.1494
USC00369298	WARREN	19950121	0	67	6	0	67	6	368.8	41.8467	-79.1494
USC00369298	WARREN	19950122	51	6	-56	51	6	-56	368.8	41.8467	-79.1494
USC00369298	WARREN	19950123	51	-39	-67	51	-39	-67	368.8	41.8467	-79.1494
USC00369298	WARREN	19950124	51	-33	-67	51	-33	-67	368.8	41.8467	-79.1494
USC00369298	WARREN	19950125	76	-6	-39	76	-6	-39	368.8	41.8467	-79.1494
USC00369298	WARREN	19950126	102	-6	-50	102	-6	-50	368.8	41.8467	-79.1494
USC00369298	WARREN	19950127	127	-28	-61	127	-28	-61	368.8	41.8467	-79.1494
USC00369298	WARREN	19950128	127	-17	-89	127	-17	-89	368.8	41.8467	-79.1494
USC00369298	WARREN	19950129	102	-22	-167	102	-22	-167	368.8	41.8467	-79.1494
USC00369298	WARREN	19950130	76	28	-167	76	28	-167	368.8	41.8467	-79.1494
USC00369298	WARREN	19950131	76	6	-128	76	6	-128	368.8	41.8467	-79.1494
USC00369298	WARREN	19960101	229	28	-56	229	28	-56	368.8	41.8467	-79.1494
USC00369298	WARREN	19960102	152	17	-28	152	17	-28	368.8	41.8467	-79.1494
USC00369298	WARREN	19960103	381	-22	-89	381	-22	-89	368.8	41.8467	-79.1494
USC00369298	WARREN	19960104	432	-78	-189	432	-78	-189	368.8	41.8467	-79.1494
USC00369298	WARREN	19960105	457	-83	-189	457	-83	-189	368.8	41.8467	-79.1494
USC00369298	WARREN	19960106	483	-78	-206	483	-78	-206	368.8	41.8467	-79.1494
USC00369298	WARREN	19960107	483	-83	-222	483	-83	-222	368.8	41.8467	-79.1494
USC00369298	WARREN	19960108	483	-83	-222	483	-83	-222	368.8	41.8467	-79.1494
USC00369298	WARREN	19960109	483	-61	-133	483	-61	-133	368.8	41.8467	-79.1494
USC00369298	WARREN	19960110	559	-50	-106	559	-50	-106	368.8	41.8467	-79.1494
USC00369298	WARREN	19960111	508	-78	-217	508	-78	-217	368.8	41.8467	-79.1494
USC00369298	WARREN	19960112	508	-72	-133	508	-72	-133	368.8	41.8467	-79.1494
USC00369298	WARREN	19960113	508	-44	-83	508	-44	-83	368.8	41.8467	-79.1494
USC00369298	WARREN	19960114	508	-17	-78	508	-17	-78	368.8	41.8467	-79.1494
USC00369298	WARREN	19960115	457	50	-61	457	50	-61	368.8	41.8467	-79.1494
USC00369298	WARREN	19960116	432	-72	-139	432	-72	-139	368.8	41.8467	-79.1494
USC00369298	WARREN	19960117	9999	44	-78	NA	44	-78	368.8	41.8467	-79.1494
USC00369298	WARREN	19960118	432	72	33	432	72	33	368.8	41.8467	-79.1494
USC00369298	WARREN	19960119	0	133	72	0	133	72	368.8	41.8467	-79.1494
USC00369298	WARREN	19960120	0	89	-106	0	89	-106	368.8	41.8467	-79.1494
USC00369298	WARREN	19960121	0	-50	-106	0	-50	-106	368.8	41.8467	-79.1494
USC00369298	WARREN	19960122	0	17	-72	0	17	-72	368.8	41.8467	-79.1494
USC00369298	WARREN	19960123	0	56	-67	0	56	-67	368.8	41.8467	-79.1494
USC00369298	WARREN	19960124	0	61	11	0	61	11	368.8	41.8467	-79.1494
USC00369298	WARREN	19960125	0	72	-89	0	72	-89	368.8	41.8467	-79.1494
USC00369298	WARREN	19960126	0	-33	-89	0	-33	-89	368.8	41.8467	-79.1494
USC00369298	WARREN	19960127	0	78	-33	0	78	-33	368.8	41.8467	-79.1494
USC00369298	WARREN	19960128	25	89	-72	25	89	-72	368.8	41.8467	-79.1494
USC00369298	WARREN	19960129	25	-33	-83	25	-33	-83	368.8	41.8467	-79.1494
USC00369298	WARREN	19960130	0	28	-50	0	28	-50	368.8	41.8467	-79.1494
USC00369298	WARREN	19960131	25	-39	-128	25	-39	-128	368.8	41.8467	-79.1494
USC00369298	WARREN	19970101	0	22	-83	0	22	-83	368.8	41.8467	-79.1494
USC00369298	WARREN	19970102	0	22	-72	0	22	-72	368.8	41.8467	-79.1494
USC00369298	WARREN	19970103	0	111	22	0	111	22	368.8	41.8467	-79.1494
USC00369298	WARREN	19970104	0	111	50	0	111	50	368.8	41.8467	-79.1494
USC00369298	WARREN	19970105	0	161	56	0	161	56	368.8	41.8467	-79.1494
USC00369298	WARREN	19970106	0	128	-22	0	128	-22	368.8	41.8467	-79.1494
USC00369298	WARREN	19970107	25	-17	-72	25	-17	-72	368.8	41.8467	-79.1494
USC00369298	WARREN	19970108	51	-56	-72	51	-56	-72	368.8	41.8467	-79.1494
USC00369298	WARREN	19970109	51	-33	-83	51	-33	-83	368.8	41.8467	-79.1494
USC00369298	WARREN	19970110	51	6	-67	51	6	-67	368.8	41.8467	-79.1494
USC00369298	WARREN	19970111	51	-22	-144	51	-22	-144	368.8	41.8467	-79.1494
USC00369298	WARREN	19970112	51	-111	-150	51	-111	-150	368.8	41.8467	-79.1494
USC00369298	WARREN	19970113	51	-106	-144	51	-106	-144	368.8	41.8467	-79.1494
USC00369298	WARREN	19970114	51	-89	-133	51	-89	-133	368.8	41.8467	-79.1494
USC00369298	WARREN	19970115	51	-56	-139	51	-56	-139	368.8	41.8467	-79.1494
USC00369298	WARREN	19970116	51	44	-144	51	44	-144	368.8	41.8467	-79.1494
USC00369298	WARREN	19970117	76	-6	-183	76	-6	-183	368.8	41.8467	-79.1494
USC00369298	WARREN	19970118	76	-150	-183	76	-150	-183	368.8	41.8467	-79.1494
USC00369298	WARREN	19970119	76	-133	-228	76	-133	-228	368.8	41.8467	-79.1494
USC00369298	WARREN	19970120	76	-56	-228	76	-56	-228	368.8	41.8467	-79.1494
USC00369298	WARREN	19970121	102	-17	-83	102	-17	-83	368.8	41.8467	-79.1494
USC00369298	WARREN	19970122	76	67	-83	76	67	-83	368.8	41.8467	-79.1494
USC00369298	WARREN	19970123	0	83	6	0	83	6	368.8	41.8467	-79.1494
USC00369298	WARREN	19970124	0	0	-67	0	0	-67	368.8	41.8467	-79.1494
USC00369298	WARREN	19970125	9999	61	-56	NA	61	-56	368.8	41.8467	-79.1494
USC00369298	WARREN	19970126	51	44	-89	51	44	-89	368.8	41.8467	-79.1494
USC00369298	WARREN	19970127	76	-61	-106	76	-61	-106	368.8	41.8467	-79.1494
USC00369298	WARREN	19970128	127	11	-61	127	11	-61	368.8	41.8467	-79.1494
USC00369298	WARREN	19970129	127	-39	-122	127	-39	-122	368.8	41.8467	-79.1494
USC00369298	WARREN	19970130	127	-72	-122	127	-72	-122	368.8	41.8467	-79.1494
USC00369298	WARREN	19970131	76	6	-89	76	6	-89	368.8	41.8467	-79.1494
USC00369298	WARREN	19980101	76	-78	-122	76	-78	-122	368.8	41.8467	-79.1494
USC00369298	WARREN	19980102	76	28	-100	76	28	-100	368.8	41.8467	-79.1494
USC00369298	WARREN	19980103	0	78	-100	0	78	-100	368.8	41.8467	-79.1494
USC00369298	WARREN	19980104	0	100	61	0	100	61	368.8	41.8467	-79.1494
USC00369298	WARREN	19980105	0	94	50	0	94	50	368.8	41.8467	-79.1494
USC00369298	WARREN	19980106	0	167	50	0	167	50	368.8	41.8467	-79.1494
USC00369298	WARREN	19980107	0	133	50	0	133	50	368.8	41.8467	-79.1494
USC00369298	WARREN	19980108	0	161	28	0	161	28	368.8	41.8467	-79.1494
USC00369298	WARREN	19980109	0	89	28	0	89	28	368.8	41.8467	-79.1494
USC00369298	WARREN	19980110	0	89	11	0	89	11	368.8	41.8467	-79.1494
USC00369298	WARREN	19980111	0	44	-39	0	44	-39	368.8	41.8467	-79.1494
USC00369298	WARREN	19980112	0	6	-61	0	6	-61	368.8	41.8467	-79.1494
USC00369298	WARREN	19980113	0	67	-61	0	67	-61	368.8	41.8467	-79.1494
USC00369298	WARREN	19980114	25	6	-106	25	6	-106	368.8	41.8467	-79.1494
USC00369298	WARREN	19980115	25	-17	-106	25	-17	-106	368.8	41.8467	-79.1494
USC00369298	WARREN	19980116	25	11	-28	25	11	-28	368.8	41.8467	-79.1494
USC00369298	WARREN	19980117	0	-17	-39	0	-17	-39	368.8	41.8467	-79.1494
USC00369298	WARREN	19980118	25	11	-22	25	11	-22	368.8	41.8467	-79.1494
USC00369298	WARREN	19980119	51	-6	-44	51	-6	-44	368.8	41.8467	-79.1494
USC00369298	WARREN	19980120	76	-17	-67	76	-17	-67	368.8	41.8467	-79.1494
USC00369298	WARREN	19980121	76	-17	-94	76	-17	-94	368.8	41.8467	-79.1494
USC00369298	WARREN	19980122	76	-22	-78	76	-22	-78	368.8	41.8467	-79.1494
USC00369298	WARREN	19980123	51	6	-33	51	6	-33	368.8	41.8467	-79.1494
USC00369298	WARREN	19980124	51	28	-11	51	28	-11	368.8	41.8467	-79.1494
USC00369298	WARREN	19980125	25	0	-33	25	0	-33	368.8	41.8467	-79.1494
USC00369298	WARREN	19980126	25	-17	-33	25	-17	-33	368.8	41.8467	-79.1494
USC00369298	WARREN	19980127	25	28	-33	25	28	-33	368.8	41.8467	-79.1494
USC00369298	WARREN	19980128	0	44	-11	0	44	-11	368.8	41.8467	-79.1494
USC00369298	WARREN	19980129	0	67	-28	0	67	-28	368.8	41.8467	-79.1494
USC00369298	WARREN	19980130	0	61	-28	0	61	-28	368.8	41.8467	-79.1494
USC00369298	WARREN	19980131	0	6	-28	0	6	-28	368.8	41.8467	-79.1494
USC00369298	WARREN	19990101	51	-72	-100	51	-72	-100	368.8	41.8467	-79.1494
USC00369298	WARREN	19990102	76	-94	-183	76	-94	-183	368.8	41.8467	-79.1494
USC00369298	WARREN	19990103	102	6	-161	102	6	-161	368.8	41.8467	-79.1494
USC00369298	WARREN	19990104	102	22	-106	102	22	-106	368.8	41.8467	-79.1494
USC00369298	WARREN	19990105	102	-100	-156	102	-100	-156	368.8	41.8467	-79.1494
USC00369298	WARREN	19990106	102	-111	-161	102	-111	-161	368.8	41.8467	-79.1494
USC00369298	WARREN	19990107	127	-33	-122	127	-33	-122	368.8	41.8467	-79.1494
USC00369298	WARREN	19990108	127	-78	-161	127	-78	-161	368.8	41.8467	-79.1494
USC00369298	WARREN	19990109	178	0	-139	178	0	-139	368.8	41.8467	-79.1494
USC00369298	WARREN	19990110	229	-44	-111	229	-44	-111	368.8	41.8467	-79.1494
USC00369298	WARREN	19990111	229	-83	-144	229	-83	-144	368.8	41.8467	-79.1494
USC00369298	WARREN	19990112	203	17	-144	203	17	-144	368.8	41.8467	-79.1494
USC00369298	WARREN	19990113	203	17	-56	203	17	-56	368.8	41.8467	-79.1494
USC00369298	WARREN	19990114	330	-56	-139	330	-56	-139	368.8	41.8467	-79.1494
USC00369298	WARREN	19990115	432	-33	-128	432	-33	-128	368.8	41.8467	-79.1494
USC00369298	WARREN	19990116	356	-44	-94	356	-44	-94	368.8	41.8467	-79.1494
USC00369298	WARREN	19990117	330	28	-67	330	28	-67	368.8	41.8467	-79.1494
USC00369298	WARREN	19990118	305	72	-72	305	72	-72	368.8	41.8467	-79.1494
USC00369298	WARREN	19990119	279	72	0	279	72	0	368.8	41.8467	-79.1494
USC00369298	WARREN	19990120	254	28	-78	254	28	-78	368.8	41.8467	-79.1494
USC00369298	WARREN	19990121	9999	9999	9999	NA	NA	NA	368.8	41.8467	-79.1494
USC00369298	WARREN	19990122	229	61	-67	229	61	-67	368.8	41.8467	-79.1494
USC00369298	WARREN	19990123	152	94	44	152	94	44	368.8	41.8467	-79.1494
USC00369298	WARREN	19990124	0	156	28	0	156	28	368.8	41.8467	-79.1494
USC00369298	WARREN	19990125	25	28	-11	25	28	-11	368.8	41.8467	-79.1494
USC00369298	WARREN	19990126	51	11	-17	51	11	-17	368.8	41.8467	-79.1494
USC00369298	WARREN	19990127	25	17	-67	25	17	-67	368.8	41.8467	-79.1494
USC00369298	WARREN	19990128	0	83	-67	0	83	-67	368.8	41.8467	-79.1494
USC00369298	WARREN	19990129	0	33	-44	0	33	-44	368.8	41.8467	-79.1494
USC00369298	WARREN	19990130	0	0	-44	0	0	-44	368.8	41.8467	-79.1494
USC00369298	WARREN	19990131	0	6	-89	0	6	-89	368.8	41.8467	-79.1494
USC00369298	WARREN	20000101	0	22	-78	0	22	-78	368.8	41.8467	-79.1494
USC00369298	WARREN	20000102	0	106	-67	0	106	-67	368.8	41.8467	-79.1494
USC00369298	WARREN	20000103	0	156	28	0	156	28	368.8	41.8467	-79.1494
USC00369298	WARREN	20000104	0	144	89	0	144	89	368.8	41.8467	-79.1494
USC00369298	WARREN	20000105	0	122	-44	0	122	-44	368.8	41.8467	-79.1494
USC00369298	WARREN	20000106	0	-17	-56	0	-17	-56	368.8	41.8467	-79.1494
USC00369298	WARREN	20000107	0	33	-28	0	33	-28	368.8	41.8467	-79.1494
USC00369298	WARREN	20000108	0	17	-33	0	17	-33	368.8	41.8467	-79.1494
USC00369298	WARREN	20000109	0	39	-44	0	39	-44	368.8	41.8467	-79.1494
USC00369298	WARREN	20000110	0	56	17	0	56	17	368.8	41.8467	-79.1494
USC00369298	WARREN	20000111	0	89	33	0	89	33	368.8	41.8467	-79.1494
USC00369298	WARREN	20000112	25	39	-17	25	39	-17	368.8	41.8467	-79.1494
USC00369298	WARREN	20000113	25	11	-22	25	11	-22	368.8	41.8467	-79.1494
USC00369298	WARREN	20000114	25	-17	-139	25	-17	-139	368.8	41.8467	-79.1494
USC00369298	WARREN	20000115	76	-67	-122	76	-67	-122	368.8	41.8467	-79.1494
USC00369298	WARREN	20000116	25	28	-94	25	28	-94	368.8	41.8467	-79.1494
USC00369298	WARREN	20000117	25	33	-167	25	33	-167	368.8	41.8467	-79.1494
USC00369298	WARREN	20000118	25	-122	-172	25	-122	-172	368.8	41.8467	-79.1494
USC00369298	WARREN	20000119	51	-56	-144	51	-56	-144	368.8	41.8467	-79.1494
USC00369298	WARREN	20000120	102	-33	-67	102	-33	-67	368.8	41.8467	-79.1494
USC00369298	WARREN	20000121	152	-28	-156	152	-28	-156	368.8	41.8467	-79.1494
USC00369298	WARREN	20000122	178	-111	-183	178	-111	-183	368.8	41.8467	-79.1494
USC00369298	WARREN	20000123	203	-83	-167	203	-83	-167	368.8	41.8467	-79.1494
USC00369298	WARREN	20000124	127	-17	-89	127	-17	-89	368.8	41.8467	-79.1494
USC00369298	WARREN	20000125	127	-44	-161	127	-44	-161	368.8	41.8467	-79.1494
USC00369298	WARREN	20000126	127	-44	-161	127	-44	-161	368.8	41.8467	-79.1494
USC00369298	WARREN	20000127	127	-44	-172	127	-44	-172	368.8	41.8467	-79.1494
USC00369298	WARREN	20000128	127	-106	-172	127	-106	-172	368.8	41.8467	-79.1494
USC00369298	WARREN	20000129	127	-67	-183	127	-67	-183	368.8	41.8467	-79.1494
USC00369298	WARREN	20000130	102	6	-189	102	6	-189	368.8	41.8467	-79.1494
USC00369298	WARREN	20000131	127	6	-67	127	6	-67	368.8	41.8467	-79.1494
USC00369298	WARREN	20010101	152	-56	-94	152	-56	-94	368.8	41.8467	-79.1494
USC00369298	WARREN	20010102	152	-33	-122	152	-33	-122	368.8	41.8467	-79.1494
USC00369298	WARREN	20010103	127	-56	-139	127	-56	-139	368.8	41.8467	-79.1494
USC00369298	WARREN	20010104	127	-39	-94	127	-39	-94	368.8	41.8467	-79.1494
USC00369298	WARREN	20010105	152	-28	-56	152	-28	-56	368.8	41.8467	-79.1494
USC00369298	WARREN	20010106	203	0	-50	203	0	-50	368.8	41.8467	-79.1494
USC00369298	WARREN	20010107	203	-6	-44	203	-6	-44	368.8	41.8467	-79.1494
USC00369298	WARREN	20010108	203	22	-11	203	22	-11	368.8	41.8467	-79.1494
USC00369298	WARREN	20010109	203	-11	-128	203	-11	-128	368.8	41.8467	-79.1494
USC00369298	WARREN	20010110	203	-50	-117	203	-50	-117	368.8	41.8467	-79.1494
USC00369298	WARREN	20010111	127	28	-61	127	28	-61	368.8	41.8467	-79.1494
USC00369298	WARREN	20010112	76	33	-111	76	33	-111	368.8	41.8467	-79.1494
USC00369298	WARREN	20010113	51	50	-117	51	50	-117	368.8	41.8467	-79.1494
USC00369298	WARREN	20010114	51	61	-78	51	61	-78	368.8	41.8467	-79.1494
USC00369298	WARREN	20010115	51	44	-61	51	44	-61	368.8	41.8467	-79.1494
USC00369298	WARREN	20010116	51	56	0	51	56	0	368.8	41.8467	-79.1494
USC00369298	WARREN	20010117	51	11	-6	51	11	-6	368.8	41.8467	-79.1494
USC00369298	WARREN	20010118	76	-6	-17	76	-6	-17	368.8	41.8467	-79.1494
USC00369298	WARREN	20010119	76	33	-17	76	33	-17	368.8	41.8467	-79.1494
USC00369298	WARREN	20010120	76	0	-72	76	0	-72	368.8	41.8467	-79.1494
USC00369298	WARREN	20010121	51	-28	-106	51	-28	-106	368.8	41.8467	-79.1494
USC00369298	WARREN	20010122	51	-22	-94	51	-22	-94	368.8	41.8467	-79.1494
USC00369298	WARREN	20010123	51	-28	-78	51	-28	-78	368.8	41.8467	-79.1494
USC00369298	WARREN	20010124	51	33	-83	51	33	-83	368.8	41.8467	-79.1494
USC00369298	WARREN	20010125	25	6	-67	25	6	-67	368.8	41.8467	-79.1494
USC00369298	WARREN	20010126	25	-44	-72	25	-44	-72	368.8	41.8467	-79.1494
USC00369298	WARREN	20010127	9999	6	-72	NA	6	-72	368.8	41.8467	-79.1494
USC00369298	WARREN	20010128	152	-17	-78	152	-17	-78	368.8	41.8467	-79.1494
USC00369298	WARREN	20010129	152	-44	-106	152	-44	-106	368.8	41.8467	-79.1494
USC00369298	WARREN	20010130	102	28	-106	102	28	-106	368.8	41.8467	-79.1494
USC00369298	WARREN	20010131	0	67	11	0	67	11	368.8	41.8467	-79.1494
USC00369298	WARREN	20020101	25	-61	-89	25	-61	-89	368.8	41.8467	-79.1494
USC00369298	WARREN	20020102	25	-33	-100	25	-33	-100	368.8	41.8467	-79.1494
USC00369298	WARREN	20020103	25	-28	-83	25	-28	-83	368.8	41.8467	-79.1494
USC00369298	WARREN	20020104	25	-17	-50	25	-17	-50	368.8	41.8467	-79.1494
USC00369298	WARREN	20020105	25	6	-50	25	6	-50	368.8	41.8467	-79.1494
USC00369298	WARREN	20020106	0	39	-28	0	39	-28	368.8	41.8467	-79.1494
USC00369298	WARREN	20020107	76	6	-17	76	6	-17	368.8	41.8467	-79.1494
USC00369298	WARREN	20020108	76	-17	-61	76	-17	-61	368.8	41.8467	-79.1494
USC00369298	WARREN	20020109	51	-6	-61	51	-6	-61	368.8	41.8467	-79.1494
USC00369298	WARREN	20020110	25	56	-6	25	56	-6	368.8	41.8467	-79.1494
USC00369298	WARREN	20020111	0	83	0	0	83	0	368.8	41.8467	-79.1494
USC00369298	WARREN	20020112	0	22	-6	0	22	-6	368.8	41.8467	-79.1494
USC00369298	WARREN	20020113	25	56	-17	25	56	-17	368.8	41.8467	-79.1494
USC00369298	WARREN	20020114	51	0	-44	51	0	-44	368.8	41.8467	-79.1494
USC00369298	WARREN	20020115	9999	61	-33	NA	61	-33	368.8	41.8467	-79.1494
USC00369298	WARREN	20020116	25	17	-22	25	17	-22	368.8	41.8467	-79.1494
USC00369298	WARREN	20020117	25	17	-28	25	17	-28	368.8	41.8467	-79.1494
USC00369298	WARREN	20020118	25	17	-56	25	17	-56	368.8	41.8467	-79.1494
USC00369298	WARREN	20020119	25	-22	-100	25	-22	-100	368.8	41.8467	-79.1494
USC00369298	WARREN	20020120	127	-28	-111	127	-28	-111	368.8	41.8467	-79.1494
USC00369298	WARREN	20020121	51	6	-94	51	6	-94	368.8	41.8467	-79.1494
USC00369298	WARREN	20020122	25	22	-17	25	22	-17	368.8	41.8467	-79.1494
USC00369298	WARREN	20020123	0	89	-28	0	89	-28	368.8	41.8467	-79.1494
USC00369298	WARREN	20020124	0	72	44	0	72	44	368.8	41.8467	-79.1494
USC00369298	WARREN	20020125	0	78	-28	0	78	-28	368.8	41.8467	-79.1494
USC00369298	WARREN	20020126	0	50	-28	0	50	-28	368.8	41.8467	-79.1494
USC00369298	WARREN	20020127	0	111	-17	0	111	-17	368.8	41.8467	-79.1494
USC00369298	WARREN	20020128	0	144	-17	0	144	-17	368.8	41.8467	-79.1494
USC00369298	WARREN	20020129	0	144	-17	0	144	-17	368.8	41.8467	-79.1494
USC00369298	WARREN	20020130	0	156	61	0	156	61	368.8	41.8467	-79.1494
USC00369298	WARREN	20020131	0	67	6	0	67	6	368.8	41.8467	-79.1494
USC00369298	WARREN	20030101	0	89	-33	0	89	-33	368.8	41.8467	-79.1494
USC00369298	WARREN	20030102	0	11	-44	0	11	-44	368.8	41.8467	-79.1494
USC00369298	WARREN	20030103	25	11	-56	25	11	-56	368.8	41.8467	-79.1494
USC00369298	WARREN	20030104	76	0	-33	76	0	-33	368.8	41.8467	-79.1494
USC00369298	WARREN	20030105	76	-17	-44	76	-17	-44	368.8	41.8467	-79.1494
USC00369298	WARREN	20030106	76	-17	-44	76	-17	-44	368.8	41.8467	-79.1494
USC00369298	WARREN	20030107	102	-11	-106	102	-11	-106	368.8	41.8467	-79.1494
USC00369298	WARREN	20030108	102	11	-83	102	11	-83	368.8	41.8467	-79.1494
USC00369298	WARREN	20030109	25	44	11	25	44	11	368.8	41.8467	-79.1494
USC00369298	WARREN	20030110	25	56	-56	25	56	-56	368.8	41.8467	-79.1494
USC00369298	WARREN	20030111	76	-44	-94	76	-44	-94	368.8	41.8467	-79.1494
USC00369298	WARREN	20030112	127	-61	-89	127	-61	-89	368.8	41.8467	-79.1494
USC00369298	WARREN	20030113	76	-44	-94	76	-44	-94	368.8	41.8467	-79.1494
USC00369298	WARREN	20030114	76	-33	-94	76	-33	-94	368.8	41.8467	-79.1494
USC00369298	WARREN	20030115	76	-56	-100	76	-56	-100	368.8	41.8467	-79.1494
USC00369298	WARREN	20030116	127	-83	-106	127	-83	-106	368.8	41.8467	-79.1494
USC00369298	WARREN	20030117	102	-67	-100	102	-67	-100	368.8	41.8467	-79.1494
USC00369298	WARREN	20030118	102	-89	-178	102	-89	-178	368.8	41.8467	-79.1494
USC00369298	WARREN	20030119	102	-72	-172	102	-72	-172	368.8	41.8467	-79.1494
USC00369298	WARREN	20030120	152	-67	-111	152	-67	-111	368.8	41.8467	-79.1494
USC00369298	WARREN	20030121	152	-89	-139	152	-89	-139	368.8	41.8467	-79.1494
USC00369298	WARREN	20030122	152	-83	-156	152	-83	-156	368.8	41.8467	-79.1494
USC00369298	WARREN	20030123	178	-106	-206	178	-106	-206	368.8	41.8467	-79.1494
USC00369298	WARREN	20030124	203	-122	-194	203	-122	-194	368.8	41.8467	-79.1494
USC00369298	WARREN	20030125	178	-78	-183	178	-78	-183	368.8	41.8467	-79.1494
USC00369298	WARREN	20030126	178	-56	-100	178	-56	-100	368.8	41.8467	-79.1494
USC00369298	WARREN	20030127	203	-44	-189	203	-44	-189	368.8	41.8467	-79.1494
USC00369298	WARREN	20030128	203	-111	-194	203	-111	-194	368.8	41.8467	-79.1494
USC00369298	WARREN	20030129	229	-33	-111	229	-33	-111	368.8	41.8467	-79.1494
USC00369298	WARREN	20030130	229	-28	-167	229	-28	-167	368.8	41.8467	-79.1494
USC00369298	WARREN	20030131	203	-6	-167	203	-6	-167	368.8	41.8467	-79.1494
USC00369298	WARREN	20040101	0	78	-44	0	78	-44	368.8	41.8467	-79.1494
USC00369298	WARREN	20040102	0	56	-44	0	56	-44	368.8	41.8467	-79.1494
USC00369298	WARREN	20040103	0	133	44	0	133	44	368.8	41.8467	-79.1494
USC00369298	WARREN	20040104	0	156	28	0	156	28	368.8	41.8467	-79.1494
USC00369298	WARREN	20040105	25	28	-6	25	28	-6	368.8	41.8467	-79.1494
USC00369298	WARREN	20040106	51	28	-44	51	28	-44	368.8	41.8467	-79.1494
USC00369298	WARREN	20040107	102	-39	-128	102	-39	-128	368.8	41.8467	-79.1494
USC00369298	WARREN	20040108	203	-78	-122	203	-78	-122	368.8	41.8467	-79.1494
USC00369298	WARREN	20040109	102	-39	-128	102	-39	-128	368.8	41.8467	-79.1494
USC00369298	WARREN	20040110	102	-117	-228	102	-117	-228	368.8	41.8467	-79.1494
USC00369298	WARREN	20040111	102	-106	-222	102	-106	-222	368.8	41.8467	-79.1494
USC00369298	WARREN	20040112	102	6	-106	102	6	-106	368.8	41.8467	-79.1494
USC00369298	WARREN	20040113	76	11	-11	76	11	-11	368.8	41.8467	-79.1494
USC00369298	WARREN	20040114	127	-6	-139	127	-6	-139	368.8	41.8467	-79.1494
USC00369298	WARREN	20040115	229	-83	-156	229	-83	-156	368.8	41.8467	-79.1494
USC00369298	WARREN	20040116	254	-128	-206	254	-128	-206	368.8	41.8467	-79.1494
USC00369298	WARREN	20040117	229	-100	-206	229	-100	-206	368.8	41.8467	-79.1494
USC00369298	WARREN	20040118	178	-6	-150	178	-6	-150	368.8	41.8467	-79.1494
USC00369298	WARREN	20040119	203	-11	-83	203	-11	-83	368.8	41.8467	-79.1494
USC00369298	WARREN	20040120	229	-67	-89	229	-67	-89	368.8	41.8467	-79.1494
USC00369298	WARREN	20040121	254	-83	-111	254	-83	-111	368.8	41.8467	-79.1494
USC00369298	WARREN	20040122	254	-11	-128	254	-11	-128	368.8	41.8467	-79.1494
USC00369298	WARREN	20040123	229	-17	-172	229	-17	-172	368.8	41.8467	-79.1494
USC00369298	WARREN	20040124	229	-122	-172	229	-122	-172	368.8	41.8467	-79.1494
USC00369298	WARREN	20040125	229	-94	-200	229	-94	-200	368.8	41.8467	-79.1494
USC00369298	WARREN	20040126	203	-83	-189	203	-83	-189	368.8	41.8467	-79.1494
USC00369298	WARREN	20040127	229	-50	-94	229	-50	-94	368.8	41.8467	-79.1494
USC00369298	WARREN	20040128	279	-22	-83	279	-22	-83	368.8	41.8467	-79.1494
USC00369298	WARREN	20040129	330	-22	-111	330	-22	-111	368.8	41.8467	-79.1494
USC00369298	WARREN	20040130	305	-100	-144	305	-100	-144	368.8	41.8467	-79.1494
USC00369298	WARREN	20040131	305	-111	-144	305	-111	-144	368.8	41.8467	-79.1494
USC00369298	WARREN	20050101	0	117	22	0	117	22	368.8	41.8467	-79.1494
USC00369298	WARREN	20050102	0	56	-22	0	56	-22	368.8	41.8467	-79.1494
USC00369298	WARREN	20050103	0	117	22	0	117	22	368.8	41.8467	-79.1494
USC00369298	WARREN	20050104	0	89	28	0	89	28	368.8	41.8467	-79.1494
USC00369298	WARREN	20050105	25	33	-11	25	33	-11	368.8	41.8467	-79.1494
USC00369298	WARREN	20050106	127	6	-33	127	6	-33	368.8	41.8467	-79.1494
USC00369298	WARREN	20050107	51	44	-33	51	44	-33	368.8	41.8467	-79.1494
USC00369298	WARREN	20050108	25	11	-33	25	11	-33	368.8	41.8467	-79.1494
USC00369298	WARREN	20050109	25	11	-11	25	11	-11	368.8	41.8467	-79.1494
USC00369298	WARREN	20050110	25	33	-6	25	33	-6	368.8	41.8467	-79.1494
USC00369298	WARREN	20050111	0	22	-11	0	22	-11	368.8	41.8467	-79.1494
USC00369298	WARREN	20050112	25	39	-6	25	39	-6	368.8	41.8467	-79.1494
USC00369298	WARREN	20050113	0	100	33	0	100	33	368.8	41.8467	-79.1494
USC00369298	WARREN	20050114	0	172	0	0	172	0	368.8	41.8467	-79.1494
USC00369298	WARREN	20050115	0	0	-94	0	0	-94	368.8	41.8467	-79.1494
USC00369298	WARREN	20050116	0	-39	-94	0	-39	-94	368.8	41.8467	-79.1494
USC00369298	WARREN	20050117	76	-56	-111	76	-56	-111	368.8	41.8467	-79.1494
USC00369298	WARREN	20050118	76	-94	-167	76	-94	-167	368.8	41.8467	-79.1494
USC00369298	WARREN	20050119	76	-83	-178	76	-83	-178	368.8	41.8467	-79.1494
USC00369298	WARREN	20050120	152	-33	-94	152	-33	-94	368.8	41.8467	-79.1494
USC00369298	WARREN	20050121	102	-72	-189	102	-72	-189	368.8	41.8467	-79.1494
USC00369298	WARREN	20050122	102	-111	-194	102	-111	-194	368.8	41.8467	-79.1494
USC00369298	WARREN	20050123	178	-100	-156	178	-100	-156	368.8	41.8467	-79.1494
USC00369298	WARREN	20050124	178	-122	-211	178	-122	-211	368.8	41.8467	-79.1494
USC00369298	WARREN	20050125	203	-56	-183	203	-56	-183	368.8	41.8467	-79.1494
USC00369298	WARREN	20050126	203	0	-56	203	0	-56	368.8	41.8467	-79.1494
USC00369298	WARREN	20050127	178	0	-144	178	0	-144	368.8	41.8467	-79.1494
USC00369298	WARREN	20050128	178	-100	-228	178	-100	-228	368.8	41.8467	-79.1494
USC00369298	WARREN	20050129	178	-17	-228	178	-17	-228	368.8	41.8467	-79.1494
USC00369298	WARREN	20050130	178	11	-117	178	11	-117	368.8	41.8467	-79.1494
USC00369298	WARREN	20050131	152	28	-133	152	28	-133	368.8	41.8467	-79.1494
