STATION	NAME	DATE	SNWD	TMAX	TMIN	SNWD2	TMAX2	TMIN2	ELEV	LAT	LONG
USC00369318	WASHINGTON	19950101	0	72	-6	0	72	-6	396.2	40.1789	-80.1889
USC00369318	WASHINGTON	19950102	25	78	-89	25	78	-89	396.2	40.1789	-80.1889
USC00369318	WASHINGTON	19950103	25	-61	-94	25	-61	-94	396.2	40.1789	-80.1889
USC00369318	WASHINGTON	19950104	25	-39	-128	25	-39	-128	396.2	40.1789	-80.1889
USC00369318	WASHINGTON	19950105	0	-94	-172	0	-94	-172	396.2	40.1789	-80.1889
USC00369318	WASHINGTON	19950106	0	-78	-172	0	-78	-172	396.2	40.1789	-80.1889
USC00369318	WASHINGTON	19950107	0	56	-78	0	56	-78	396.2	40.1789	-80.1889
USC00369318	WASHINGTON	19950108	0	0	-50	0	0	-50	396.2	40.1789	-80.1889
USC00369318	WASHINGTON	19950109	0	-6	-44	0	-6	-44	396.2	40.1789	-80.1889
USC00369318	WASHINGTON	19950110	0	11	-83	0	11	-83	396.2	40.1789	-80.1889
USC00369318	WASHINGTON	19950111	25	-11	-17	25	-11	-17	396.2	40.1789	-80.1889
USC00369318	WASHINGTON	19950112	0	94	-17	0	94	-17	396.2	40.1789	-80.1889
USC00369318	WASHINGTON	19950113	0	150	89	0	150	89	396.2	40.1789	-80.1889
USC00369318	WASHINGTON	19950114	0	194	94	0	194	94	396.2	40.1789	-80.1889
USC00369318	WASHINGTON	19950115	0	194	117	0	194	117	396.2	40.1789	-80.1889
USC00369318	WASHINGTON	19950116	0	144	0	0	144	0	396.2	40.1789	-80.1889
USC00369318	WASHINGTON	19950117	0	6	-17	0	6	-17	396.2	40.1789	-80.1889
USC00369318	WASHINGTON	19950118	0	11	-17	0	11	-17	396.2	40.1789	-80.1889
USC00369318	WASHINGTON	19950119	0	100	0	0	100	0	396.2	40.1789	-80.1889
USC00369318	WASHINGTON	19950120	0	144	28	0	144	28	396.2	40.1789	-80.1889
USC00369318	WASHINGTON	19950121	25	39	-33	25	39	-33	396.2	40.1789	-80.1889
USC00369318	WASHINGTON	19950122	76	-28	-72	76	-28	-72	396.2	40.1789	-80.1889
USC00369318	WASHINGTON	19950123	102	-44	-106	102	-44	-106	396.2	40.1789	-80.1889
USC00369318	WASHINGTON	19950124	102	-33	-106	102	-33	-106	396.2	40.1789	-80.1889
USC00369318	WASHINGTON	19950125	102	-44	-89	102	-44	-89	396.2	40.1789	-80.1889
USC00369318	WASHINGTON	19950126	76	-39	-106	76	-39	-106	396.2	40.1789	-80.1889
USC00369318	WASHINGTON	19950127	76	-33	-106	76	-33	-106	396.2	40.1789	-80.1889
USC00369318	WASHINGTON	19950128	76	-6	-94	76	-6	-94	396.2	40.1789	-80.1889
USC00369318	WASHINGTON	19950129	51	-6	-106	51	-6	-106	396.2	40.1789	-80.1889
USC00369318	WASHINGTON	19950130	51	22	-100	51	22	-100	396.2	40.1789	-80.1889
USC00369318	WASHINGTON	19950131	25	22	-78	25	22	-78	396.2	40.1789	-80.1889
USC00369318	WASHINGTON	19960101	51	44	-6	51	44	-6	396.2	40.1789	-80.1889
USC00369318	WASHINGTON	19960102	25	33	11	25	33	11	396.2	40.1789	-80.1889
USC00369318	WASHINGTON	19960103	0	11	-6	0	11	-6	396.2	40.1789	-80.1889
USC00369318	WASHINGTON	19960104	0	0	-117	0	0	-117	396.2	40.1789	-80.1889
USC00369318	WASHINGTON	19960105	0	-67	-122	0	-67	-122	396.2	40.1789	-80.1889
USC00369318	WASHINGTON	19960106	0	-72	-122	0	-72	-122	396.2	40.1789	-80.1889
USC00369318	WASHINGTON	19960107	76	-67	-122	76	-67	-122	396.2	40.1789	-80.1889
USC00369318	WASHINGTON	19960108	305	-100	-139	305	-100	-139	396.2	40.1789	-80.1889
USC00369318	WASHINGTON	19960109	279	-72	-139	279	-72	-139	396.2	40.1789	-80.1889
USC00369318	WASHINGTON	19960110	330	-44	-100	330	-44	-100	396.2	40.1789	-80.1889
USC00369318	WASHINGTON	19960111	330	-78	-167	330	-78	-167	396.2	40.1789	-80.1889
USC00369318	WASHINGTON	19960112	330	-56	-156	330	-56	-156	396.2	40.1789	-80.1889
USC00369318	WASHINGTON	19960113	356	-44	-72	356	-44	-72	396.2	40.1789	-80.1889
USC00369318	WASHINGTON	19960114	330	-11	-67	330	-11	-67	396.2	40.1789	-80.1889
USC00369318	WASHINGTON	19960115	254	94	-11	254	94	-11	396.2	40.1789	-80.1889
USC00369318	WASHINGTON	19960116	203	0	-72	203	0	-72	396.2	40.1789	-80.1889
USC00369318	WASHINGTON	19960117	102	94	-56	102	94	-56	396.2	40.1789	-80.1889
USC00369318	WASHINGTON	19960118	0	133	72	0	133	72	396.2	40.1789	-80.1889
USC00369318	WASHINGTON	19960119	0	172	33	0	172	33	396.2	40.1789	-80.1889
USC00369318	WASHINGTON	19960120	0	33	-139	0	33	-139	396.2	40.1789	-80.1889
USC00369318	WASHINGTON	19960121	0	-17	-139	0	-17	-139	396.2	40.1789	-80.1889
USC00369318	WASHINGTON	19960122	0	17	-50	0	17	-50	396.2	40.1789	-80.1889
USC00369318	WASHINGTON	19960123	0	67	-72	0	67	-72	396.2	40.1789	-80.1889
USC00369318	WASHINGTON	19960124	0	61	0	0	61	0	396.2	40.1789	-80.1889
USC00369318	WASHINGTON	19960125	51	83	-72	51	83	-72	396.2	40.1789	-80.1889
USC00369318	WASHINGTON	19960126	25	-33	-83	25	-33	-83	396.2	40.1789	-80.1889
USC00369318	WASHINGTON	19960127	0	94	-61	0	94	-61	396.2	40.1789	-80.1889
USC00369318	WASHINGTON	19960128	0	39	-83	0	39	-83	396.2	40.1789	-80.1889
USC00369318	WASHINGTON	19960129	0	-22	-83	0	-22	-83	396.2	40.1789	-80.1889
USC00369318	WASHINGTON	19960130	0	44	-22	0	44	-22	396.2	40.1789	-80.1889
USC00369318	WASHINGTON	19960131	25	6	-117	25	6	-117	396.2	40.1789	-80.1889
USC00369318	WASHINGTON	19970101	0	78	-17	0	78	-17	396.2	40.1789	-80.1889
USC00369318	WASHINGTON	19970102	0	89	-6	0	89	-6	396.2	40.1789	-80.1889
USC00369318	WASHINGTON	19970103	0	133	83	0	133	83	396.2	40.1789	-80.1889
USC00369318	WASHINGTON	19970104	0	139	117	0	139	117	396.2	40.1789	-80.1889
USC00369318	WASHINGTON	19970105	0	189	117	0	189	117	396.2	40.1789	-80.1889
USC00369318	WASHINGTON	19970106	0	133	-6	0	133	-6	396.2	40.1789	-80.1889
USC00369318	WASHINGTON	19970107	0	11	-72	0	11	-72	396.2	40.1789	-80.1889
USC00369318	WASHINGTON	19970108	0	-28	-94	0	-28	-94	396.2	40.1789	-80.1889
USC00369318	WASHINGTON	19970109	0	-33	-100	0	-33	-100	396.2	40.1789	-80.1889
USC00369318	WASHINGTON	19970110	0	22	-44	0	22	-44	396.2	40.1789	-80.1889
USC00369318	WASHINGTON	19970111	0	-17	-156	0	-17	-156	396.2	40.1789	-80.1889
USC00369318	WASHINGTON	19970112	0	-111	-156	0	-111	-156	396.2	40.1789	-80.1889
USC00369318	WASHINGTON	19970113	0	-94	-161	0	-94	-161	396.2	40.1789	-80.1889
USC00369318	WASHINGTON	19970114	0	-94	-167	0	-94	-167	396.2	40.1789	-80.1889
USC00369318	WASHINGTON	19970115	0	-50	-122	0	-50	-122	396.2	40.1789	-80.1889
USC00369318	WASHINGTON	19970116	0	61	-106	0	61	-106	396.2	40.1789	-80.1889
USC00369318	WASHINGTON	19970117	25	-6	-189	25	-6	-189	396.2	40.1789	-80.1889
USC00369318	WASHINGTON	19970118	25	-144	-194	25	-144	-194	396.2	40.1789	-80.1889
USC00369318	WASHINGTON	19970119	25	-133	-183	25	-133	-183	396.2	40.1789	-80.1889
USC00369318	WASHINGTON	19970120	0	-44	-178	0	-44	-178	396.2	40.1789	-80.1889
USC00369318	WASHINGTON	19970121	0	11	-67	0	11	-67	396.2	40.1789	-80.1889
USC00369318	WASHINGTON	19970122	0	78	-83	0	78	-83	396.2	40.1789	-80.1889
USC00369318	WASHINGTON	19970123	0	106	11	0	106	11	396.2	40.1789	-80.1889
USC00369318	WASHINGTON	19970124	0	17	-39	0	17	-39	396.2	40.1789	-80.1889
USC00369318	WASHINGTON	19970125	0	94	-28	0	94	-28	396.2	40.1789	-80.1889
USC00369318	WASHINGTON	19970126	0	17	-106	0	17	-106	396.2	40.1789	-80.1889
USC00369318	WASHINGTON	19970127	0	-33	-100	0	-33	-100	396.2	40.1789	-80.1889
USC00369318	WASHINGTON	19970128	0	50	-33	0	50	-33	396.2	40.1789	-80.1889
USC00369318	WASHINGTON	19970129	0	-22	-117	0	-22	-117	396.2	40.1789	-80.1889
USC00369318	WASHINGTON	19970130	0	-39	-122	0	-39	-122	396.2	40.1789	-80.1889
USC00369318	WASHINGTON	19970131	0	44	-83	0	44	-83	396.2	40.1789	-80.1889
USC00369318	WASHINGTON	19980101	76	-61	-133	76	-61	-133	396.2	40.1789	-80.1889
USC00369318	WASHINGTON	19980102	51	44	-117	51	44	-117	396.2	40.1789	-80.1889
USC00369318	WASHINGTON	19980103	0	100	39	0	100	39	396.2	40.1789	-80.1889
USC00369318	WASHINGTON	19980104	0	133	94	0	133	94	396.2	40.1789	-80.1889
USC00369318	WASHINGTON	19980105	0	172	78	0	172	78	396.2	40.1789	-80.1889
USC00369318	WASHINGTON	19980106	0	183	78	0	183	78	396.2	40.1789	-80.1889
USC00369318	WASHINGTON	19980107	0	139	100	0	139	100	396.2	40.1789	-80.1889
USC00369318	WASHINGTON	19980108	0	167	100	0	167	100	396.2	40.1789	-80.1889
USC00369318	WASHINGTON	19980109	0	167	72	0	167	72	396.2	40.1789	-80.1889
USC00369318	WASHINGTON	19980110	0	72	11	0	72	11	396.2	40.1789	-80.1889
USC00369318	WASHINGTON	19980111	0	44	-33	0	44	-33	396.2	40.1789	-80.1889
USC00369318	WASHINGTON	19980112	0	33	-33	0	33	-33	396.2	40.1789	-80.1889
USC00369318	WASHINGTON	19980113	0	94	-17	0	94	-17	396.2	40.1789	-80.1889
USC00369318	WASHINGTON	19980114	25	78	-100	25	78	-100	396.2	40.1789	-80.1889
USC00369318	WASHINGTON	19980115	0	17	-106	0	17	-106	396.2	40.1789	-80.1889
USC00369318	WASHINGTON	19980116	0	56	0	0	56	0	396.2	40.1789	-80.1889
USC00369318	WASHINGTON	19980117	0	0	-17	0	0	-17	396.2	40.1789	-80.1889
USC00369318	WASHINGTON	19980118	25	22	-22	25	22	-22	396.2	40.1789	-80.1889
USC00369318	WASHINGTON	19980119	25	-11	-50	25	-11	-50	396.2	40.1789	-80.1889
USC00369318	WASHINGTON	19980120	25	11	-67	25	11	-67	396.2	40.1789	-80.1889
USC00369318	WASHINGTON	19980121	25	-6	-67	25	-6	-67	396.2	40.1789	-80.1889
USC00369318	WASHINGTON	19980122	25	-22	-72	25	-22	-72	396.2	40.1789	-80.1889
USC00369318	WASHINGTON	19980123	0	56	-22	0	56	-22	396.2	40.1789	-80.1889
USC00369318	WASHINGTON	19980124	0	61	-17	0	61	-17	396.2	40.1789	-80.1889
USC00369318	WASHINGTON	19980125	0	-11	-33	0	-11	-33	396.2	40.1789	-80.1889
USC00369318	WASHINGTON	19980126	0	-11	-33	0	-11	-33	396.2	40.1789	-80.1889
USC00369318	WASHINGTON	19980127	0	56	-22	0	56	-22	396.2	40.1789	-80.1889
USC00369318	WASHINGTON	19980128	0	44	0	0	44	0	396.2	40.1789	-80.1889
USC00369318	WASHINGTON	19980129	0	56	0	0	56	0	396.2	40.1789	-80.1889
USC00369318	WASHINGTON	19980130	0	94	-6	0	94	-6	396.2	40.1789	-80.1889
USC00369318	WASHINGTON	19980131	0	6	-22	0	6	-22	396.2	40.1789	-80.1889
USC00369318	WASHINGTON	19990101	0	-56	-117	0	-56	-117	396.2	40.1789	-80.1889
USC00369318	WASHINGTON	19990102	25	-67	-128	25	-67	-128	396.2	40.1789	-80.1889
USC00369318	WASHINGTON	19990103	102	22	-117	102	22	-117	396.2	40.1789	-80.1889
USC00369318	WASHINGTON	19990104	102	17	-111	102	17	-111	396.2	40.1789	-80.1889
USC00369318	WASHINGTON	19990105	102	-106	-183	102	-106	-183	396.2	40.1789	-80.1889
USC00369318	WASHINGTON	19990106	102	-111	-189	102	-111	-189	396.2	40.1789	-80.1889
USC00369318	WASHINGTON	19990107	152	-17	-111	152	-17	-111	396.2	40.1789	-80.1889
USC00369318	WASHINGTON	19990108	178	-72	-117	178	-72	-117	396.2	40.1789	-80.1889
USC00369318	WASHINGTON	19990109	76	61	-94	76	61	-94	396.2	40.1789	-80.1889
USC00369318	WASHINGTON	19990110	127	-33	-128	127	-33	-128	396.2	40.1789	-80.1889
USC00369318	WASHINGTON	19990111	127	-67	-150	127	-67	-150	396.2	40.1789	-80.1889
USC00369318	WASHINGTON	19990112	102	50	-161	102	50	-161	396.2	40.1789	-80.1889
USC00369318	WASHINGTON	19990113	25	83	44	25	83	44	396.2	40.1789	-80.1889
USC00369318	WASHINGTON	19990114	0	83	-61	0	83	-61	396.2	40.1789	-80.1889
USC00369318	WASHINGTON	19990115	51	0	-94	51	0	-94	396.2	40.1789	-80.1889
USC00369318	WASHINGTON	19990116	51	-6	-100	51	-6	-100	396.2	40.1789	-80.1889
USC00369318	WASHINGTON	19990117	25	50	-11	25	50	-11	396.2	40.1789	-80.1889
USC00369318	WASHINGTON	19990118	0	117	-11	0	117	-11	396.2	40.1789	-80.1889
USC00369318	WASHINGTON	19990119	0	106	0	0	106	0	396.2	40.1789	-80.1889
USC00369318	WASHINGTON	19990120	0	56	-6	0	56	-6	396.2	40.1789	-80.1889
USC00369318	WASHINGTON	19990121	0	50	-17	0	50	-17	396.2	40.1789	-80.1889
USC00369318	WASHINGTON	19990122	0	56	-6	0	56	-6	396.2	40.1789	-80.1889
USC00369318	WASHINGTON	19990123	0	211	50	0	211	50	396.2	40.1789	-80.1889
USC00369318	WASHINGTON	19990124	0	206	50	0	206	50	396.2	40.1789	-80.1889
USC00369318	WASHINGTON	19990125	0	56	6	0	56	6	396.2	40.1789	-80.1889
USC00369318	WASHINGTON	19990126	0	17	-6	0	17	-6	396.2	40.1789	-80.1889
USC00369318	WASHINGTON	19990127	0	50	-22	0	50	-22	396.2	40.1789	-80.1889
USC00369318	WASHINGTON	19990128	0	161	-28	0	161	-28	396.2	40.1789	-80.1889
USC00369318	WASHINGTON	19990129	0	122	0	0	122	0	396.2	40.1789	-80.1889
USC00369318	WASHINGTON	19990130	0	33	-56	0	33	-56	396.2	40.1789	-80.1889
USC00369318	WASHINGTON	19990131	0	44	-56	0	44	-56	396.2	40.1789	-80.1889
USC00369318	WASHINGTON	20000101	0	72	-17	0	72	-17	396.2	40.1789	-80.1889
USC00369318	WASHINGTON	20000102	0	128	-17	0	128	-17	396.2	40.1789	-80.1889
USC00369318	WASHINGTON	20000103	0	194	100	0	194	100	396.2	40.1789	-80.1889
USC00369318	WASHINGTON	20000104	0	178	111	0	178	111	396.2	40.1789	-80.1889
USC00369318	WASHINGTON	20000105	0	150	-22	0	150	-22	396.2	40.1789	-80.1889
USC00369318	WASHINGTON	20000106	0	-6	-67	0	-6	-67	396.2	40.1789	-80.1889
USC00369318	WASHINGTON	20000107	0	61	-56	0	61	-56	396.2	40.1789	-80.1889
USC00369318	WASHINGTON	20000108	0	44	-72	0	44	-72	396.2	40.1789	-80.1889
USC00369318	WASHINGTON	20000109	0	33	-61	0	33	-61	396.2	40.1789	-80.1889
USC00369318	WASHINGTON	20000110	0	89	17	0	89	17	396.2	40.1789	-80.1889
USC00369318	WASHINGTON	20000111	0	133	56	0	133	56	396.2	40.1789	-80.1889
USC00369318	WASHINGTON	20000112	0	67	-22	0	67	-22	396.2	40.1789	-80.1889
USC00369318	WASHINGTON	20000113	0	61	-28	0	61	-28	396.2	40.1789	-80.1889
USC00369318	WASHINGTON	20000114	0	33	-106	0	33	-106	396.2	40.1789	-80.1889
USC00369318	WASHINGTON	20000115	0	-61	-106	0	-61	-106	396.2	40.1789	-80.1889
USC00369318	WASHINGTON	20000116	0	78	-89	0	78	-89	396.2	40.1789	-80.1889
USC00369318	WASHINGTON	20000117	0	83	-133	0	83	-133	396.2	40.1789	-80.1889
USC00369318	WASHINGTON	20000118	0	-83	-139	0	-83	-139	396.2	40.1789	-80.1889
USC00369318	WASHINGTON	20000119	0	-33	-100	0	-33	-100	396.2	40.1789	-80.1889
USC00369318	WASHINGTON	20000120	102	-17	-50	102	-17	-50	396.2	40.1789	-80.1889
USC00369318	WASHINGTON	20000121	102	-39	-139	102	-39	-139	396.2	40.1789	-80.1889
USC00369318	WASHINGTON	20000122	102	-111	-178	102	-111	-178	396.2	40.1789	-80.1889
USC00369318	WASHINGTON	20000123	102	-72	-178	102	-72	-178	396.2	40.1789	-80.1889
USC00369318	WASHINGTON	20000124	102	-6	-72	102	-6	-72	396.2	40.1789	-80.1889
USC00369318	WASHINGTON	20000125	76	-44	-128	76	-44	-128	396.2	40.1789	-80.1889
USC00369318	WASHINGTON	20000126	76	-72	-128	76	-72	-128	396.2	40.1789	-80.1889
USC00369318	WASHINGTON	20000127	76	-56	-144	76	-56	-144	396.2	40.1789	-80.1889
USC00369318	WASHINGTON	20000128	76	-94	-144	76	-94	-144	396.2	40.1789	-80.1889
USC00369318	WASHINGTON	20000129	76	-78	-156	76	-78	-156	396.2	40.1789	-80.1889
USC00369318	WASHINGTON	20000130	127	0	-144	127	0	-144	396.2	40.1789	-80.1889
USC00369318	WASHINGTON	20000131	152	6	-67	152	6	-67	396.2	40.1789	-80.1889
USC00369318	WASHINGTON	20010101	76	-56	-72	76	-56	-72	396.2	40.1789	-80.1889
USC00369318	WASHINGTON	20010102	76	-50	-106	76	-50	-106	396.2	40.1789	-80.1889
USC00369318	WASHINGTON	20010103	51	-56	-117	51	-56	-117	396.2	40.1789	-80.1889
USC00369318	WASHINGTON	20010104	51	-50	-122	51	-50	-122	396.2	40.1789	-80.1889
USC00369318	WASHINGTON	20010105	76	-33	-61	76	-33	-61	396.2	40.1789	-80.1889
USC00369318	WASHINGTON	20010106	102	6	-33	102	6	-33	396.2	40.1789	-80.1889
USC00369318	WASHINGTON	20010107	102	17	-22	102	17	-22	396.2	40.1789	-80.1889
USC00369318	WASHINGTON	20010108	51	61	-22	51	61	-22	396.2	40.1789	-80.1889
USC00369318	WASHINGTON	20010109	51	-11	-94	51	-11	-94	396.2	40.1789	-80.1889
USC00369318	WASHINGTON	20010110	51	-61	-117	51	-61	-117	396.2	40.1789	-80.1889
USC00369318	WASHINGTON	20010111	25	17	-83	25	17	-83	396.2	40.1789	-80.1889
USC00369318	WASHINGTON	20010112	25	56	-22	25	56	-22	396.2	40.1789	-80.1889
USC00369318	WASHINGTON	20010113	25	61	-33	25	61	-33	396.2	40.1789	-80.1889
USC00369318	WASHINGTON	20010114	0	83	-17	0	83	-17	396.2	40.1789	-80.1889
USC00369318	WASHINGTON	20010115	0	83	-11	0	83	-11	396.2	40.1789	-80.1889
USC00369318	WASHINGTON	20010116	0	72	0	0	72	0	396.2	40.1789	-80.1889
USC00369318	WASHINGTON	20010117	0	6	-17	0	6	-17	396.2	40.1789	-80.1889
USC00369318	WASHINGTON	20010118	0	-17	-28	0	-17	-28	396.2	40.1789	-80.1889
USC00369318	WASHINGTON	20010119	0	17	-22	0	17	-22	396.2	40.1789	-80.1889
USC00369318	WASHINGTON	20010120	51	0	-50	51	0	-50	396.2	40.1789	-80.1889
USC00369318	WASHINGTON	20010121	152	-39	-111	152	-39	-111	396.2	40.1789	-80.1889
USC00369318	WASHINGTON	20010122	152	-67	-106	152	-67	-106	396.2	40.1789	-80.1889
USC00369318	WASHINGTON	20010123	152	-22	-94	152	-22	-94	396.2	40.1789	-80.1889
USC00369318	WASHINGTON	20010124	127	17	-89	127	17	-89	396.2	40.1789	-80.1889
USC00369318	WASHINGTON	20010125	127	11	-50	127	11	-50	396.2	40.1789	-80.1889
USC00369318	WASHINGTON	20010126	102	-39	-122	102	-39	-122	396.2	40.1789	-80.1889
USC00369318	WASHINGTON	20010127	152	17	-117	152	17	-117	396.2	40.1789	-80.1889
USC00369318	WASHINGTON	20010128	152	-17	-89	152	-17	-89	396.2	40.1789	-80.1889
USC00369318	WASHINGTON	20010129	127	-6	-83	127	-6	-83	396.2	40.1789	-80.1889
USC00369318	WASHINGTON	20010130	76	78	-33	76	78	-33	396.2	40.1789	-80.1889
USC00369318	WASHINGTON	20010131	0	89	6	0	89	6	396.2	40.1789	-80.1889
USC00369318	WASHINGTON	20020101	25	-67	-117	25	-67	-117	396.2	40.1789	-80.1889
USC00369318	WASHINGTON	20020102	25	-56	-122	25	-56	-122	396.2	40.1789	-80.1889
USC00369318	WASHINGTON	20020103	0	-33	-106	0	-33	-106	396.2	40.1789	-80.1889
USC00369318	WASHINGTON	20020104	0	-17	-94	0	-17	-94	396.2	40.1789	-80.1889
USC00369318	WASHINGTON	20020105	0	-11	-72	0	-11	-72	396.2	40.1789	-80.1889
USC00369318	WASHINGTON	20020106	0	33	-44	0	33	-44	396.2	40.1789	-80.1889
USC00369318	WASHINGTON	20020107	203	6	-17	203	6	-17	396.2	40.1789	-80.1889
USC00369318	WASHINGTON	20020108	203	-6	-72	203	-6	-72	396.2	40.1789	-80.1889
USC00369318	WASHINGTON	20020109	152	-6	-67	152	-6	-67	396.2	40.1789	-80.1889
USC00369318	WASHINGTON	20020110	51	61	-6	51	61	-6	396.2	40.1789	-80.1889
USC00369318	WASHINGTON	20020111	0	89	28	0	89	28	396.2	40.1789	-80.1889
USC00369318	WASHINGTON	20020112	0	28	-28	0	28	-28	396.2	40.1789	-80.1889
USC00369318	WASHINGTON	20020113	0	61	-22	0	61	-22	396.2	40.1789	-80.1889
USC00369318	WASHINGTON	20020114	0	33	-39	0	33	-39	396.2	40.1789	-80.1889
USC00369318	WASHINGTON	20020115	0	94	-22	0	94	-22	396.2	40.1789	-80.1889
USC00369318	WASHINGTON	20020116	0	22	-22	0	22	-22	396.2	40.1789	-80.1889
USC00369318	WASHINGTON	20020117	0	39	-17	0	39	-17	396.2	40.1789	-80.1889
USC00369318	WASHINGTON	20020118	0	39	-56	0	39	-56	396.2	40.1789	-80.1889
USC00369318	WASHINGTON	20020119	0	6	-50	0	6	-50	396.2	40.1789	-80.1889
USC00369318	WASHINGTON	20020120	51	-22	-72	51	-22	-72	396.2	40.1789	-80.1889
USC00369318	WASHINGTON	20020121	51	0	-72	51	0	-72	396.2	40.1789	-80.1889
USC00369318	WASHINGTON	20020122	25	33	-11	25	33	-11	396.2	40.1789	-80.1889
USC00369318	WASHINGTON	20020123	0	89	-22	0	89	-22	396.2	40.1789	-80.1889
USC00369318	WASHINGTON	20020124	0	122	67	0	122	67	396.2	40.1789	-80.1889
USC00369318	WASHINGTON	20020125	0	117	-28	0	117	-28	396.2	40.1789	-80.1889
USC00369318	WASHINGTON	20020126	0	56	-33	0	56	-33	396.2	40.1789	-80.1889
USC00369318	WASHINGTON	20020127	0	94	0	0	94	0	396.2	40.1789	-80.1889
USC00369318	WASHINGTON	20020128	0	139	11	0	139	11	396.2	40.1789	-80.1889
USC00369318	WASHINGTON	20020129	0	167	44	0	167	44	396.2	40.1789	-80.1889
USC00369318	WASHINGTON	20020130	0	178	100	0	178	100	396.2	40.1789	-80.1889
USC00369318	WASHINGTON	20020131	0	106	44	0	106	44	396.2	40.1789	-80.1889
USC00369318	WASHINGTON	20030101	0	139	44	0	139	44	396.2	40.1789	-80.1889
USC00369318	WASHINGTON	20030102	0	61	-6	0	61	-6	396.2	40.1789	-80.1889
USC00369318	WASHINGTON	20030103	0	28	-6	0	28	-6	396.2	40.1789	-80.1889
USC00369318	WASHINGTON	20030104	0	22	-50	0	22	-50	396.2	40.1789	-80.1889
USC00369318	WASHINGTON	20030105	0	-28	-50	0	-28	-50	396.2	40.1789	-80.1889
USC00369318	WASHINGTON	20030106	51	-17	-39	51	-17	-39	396.2	40.1789	-80.1889
USC00369318	WASHINGTON	20030107	76	-22	-111	76	-22	-111	396.2	40.1789	-80.1889
USC00369318	WASHINGTON	20030108	51	17	-117	51	17	-117	396.2	40.1789	-80.1889
USC00369318	WASHINGTON	20030109	0	72	17	0	72	17	396.2	40.1789	-80.1889
USC00369318	WASHINGTON	20030110	0	89	-17	0	89	-17	396.2	40.1789	-80.1889
USC00369318	WASHINGTON	20030111	25	-17	-89	25	-17	-89	396.2	40.1789	-80.1889
USC00369318	WASHINGTON	20030112	25	-56	-111	25	-56	-111	396.2	40.1789	-80.1889
USC00369318	WASHINGTON	20030113	25	-44	-117	25	-44	-117	396.2	40.1789	-80.1889
USC00369318	WASHINGTON	20030114	25	-22	-94	25	-22	-94	396.2	40.1789	-80.1889
USC00369318	WASHINGTON	20030115	25	-56	-106	25	-56	-106	396.2	40.1789	-80.1889
USC00369318	WASHINGTON	20030116	25	-89	-139	25	-89	-139	396.2	40.1789	-80.1889
USC00369318	WASHINGTON	20030117	51	-67	-139	51	-67	-139	396.2	40.1789	-80.1889
USC00369318	WASHINGTON	20030118	51	-67	-167	51	-67	-167	396.2	40.1789	-80.1889
USC00369318	WASHINGTON	20030119	51	-78	-172	51	-78	-172	396.2	40.1789	-80.1889
USC00369318	WASHINGTON	20030120	76	-33	-100	76	-33	-100	396.2	40.1789	-80.1889
USC00369318	WASHINGTON	20030121	102	-67	-100	102	-67	-100	396.2	40.1789	-80.1889
USC00369318	WASHINGTON	20030122	76	-72	-167	76	-72	-167	396.2	40.1789	-80.1889
USC00369318	WASHINGTON	20030123	76	-106	-167	76	-106	-167	396.2	40.1789	-80.1889
USC00369318	WASHINGTON	20030124	102	-100	-172	102	-100	-172	396.2	40.1789	-80.1889
USC00369318	WASHINGTON	20030125	102	-83	-111	102	-83	-111	396.2	40.1789	-80.1889
USC00369318	WASHINGTON	20030126	102	-44	-111	102	-44	-111	396.2	40.1789	-80.1889
USC00369318	WASHINGTON	20030127	102	-50	-194	102	-50	-194	396.2	40.1789	-80.1889
USC00369318	WASHINGTON	20030128	76	-89	-189	76	-89	-189	396.2	40.1789	-80.1889
USC00369318	WASHINGTON	20030129	127	0	-89	127	0	-89	396.2	40.1789	-80.1889
USC00369318	WASHINGTON	20030130	102	0	-61	102	0	-61	396.2	40.1789	-80.1889
USC00369318	WASHINGTON	20030131	102	11	-78	102	11	-78	396.2	40.1789	-80.1889
USC00369318	WASHINGTON	20040101	0	89	-28	0	89	-28	396.2	40.1789	-80.1889
USC00369318	WASHINGTON	20040102	0	89	-11	0	89	-11	396.2	40.1789	-80.1889
USC00369318	WASHINGTON	20040103	0	150	67	0	150	67	396.2	40.1789	-80.1889
USC00369318	WASHINGTON	20040104	0	161	44	0	161	44	396.2	40.1789	-80.1889
USC00369318	WASHINGTON	20040105	0	94	28	0	94	28	396.2	40.1789	-80.1889
USC00369318	WASHINGTON	20040106	0	89	-39	0	89	-39	396.2	40.1789	-80.1889
USC00369318	WASHINGTON	20040107	0	-33	-117	0	-33	-117	396.2	40.1789	-80.1889
USC00369318	WASHINGTON	20040108	0	-67	-117	0	-67	-117	396.2	40.1789	-80.1889
USC00369318	WASHINGTON	20040109	0	-39	-83	0	-39	-83	396.2	40.1789	-80.1889
USC00369318	WASHINGTON	20040110	0	-56	-167	0	-56	-167	396.2	40.1789	-80.1889
USC00369318	WASHINGTON	20040111	0	-106	-167	0	-106	-167	396.2	40.1789	-80.1889
USC00369318	WASHINGTON	20040112	0	33	-111	0	33	-111	396.2	40.1789	-80.1889
USC00369318	WASHINGTON	20040113	0	28	-6	0	28	-6	396.2	40.1789	-80.1889
USC00369318	WASHINGTON	20040114	0	6	-83	0	6	-83	396.2	40.1789	-80.1889
USC00369318	WASHINGTON	20040115	0	17	-83	0	17	-83	396.2	40.1789	-80.1889
USC00369318	WASHINGTON	20040116	0	-61	-156	0	-61	-156	396.2	40.1789	-80.1889
USC00369318	WASHINGTON	20040117	0	-83	-150	0	-83	-150	396.2	40.1789	-80.1889
USC00369318	WASHINGTON	20040118	0	28	-122	0	28	-122	396.2	40.1789	-80.1889
USC00369318	WASHINGTON	20040119	0	11	-100	0	11	-100	396.2	40.1789	-80.1889
USC00369318	WASHINGTON	20040120	0	-83	-106	0	-83	-106	396.2	40.1789	-80.1889
USC00369318	WASHINGTON	20040121	0	-78	-144	0	-78	-144	396.2	40.1789	-80.1889
USC00369318	WASHINGTON	20040122	0	-11	-156	0	-11	-156	396.2	40.1789	-80.1889
USC00369318	WASHINGTON	20040123	0	-6	-161	0	-6	-161	396.2	40.1789	-80.1889
USC00369318	WASHINGTON	20040124	51	-89	-94	51	-89	-94	396.2	40.1789	-80.1889
USC00369318	WASHINGTON	20040125	51	-83	-178	51	-83	-178	396.2	40.1789	-80.1889
USC00369318	WASHINGTON	20040126	76	-78	-172	76	-78	-172	396.2	40.1789	-80.1889
USC00369318	WASHINGTON	20040127	51	-17	-78	51	-17	-78	396.2	40.1789	-80.1889
USC00369318	WASHINGTON	20040128	25	6	-100	25	6	-100	396.2	40.1789	-80.1889
USC00369318	WASHINGTON	20040129	25	-61	-111	25	-61	-111	396.2	40.1789	-80.1889
USC00369318	WASHINGTON	20040130	76	-67	-128	76	-67	-128	396.2	40.1789	-80.1889
USC00369318	WASHINGTON	20040131	76	-111	-189	76	-111	-189	396.2	40.1789	-80.1889
USC00369318	WASHINGTON	20050101	0	133	106	0	133	106	396.2	40.1789	-80.1889
USC00369318	WASHINGTON	20050102	0	144	61	0	144	61	396.2	40.1789	-80.1889
USC00369318	WASHINGTON	20050103	0	167	89	0	167	89	396.2	40.1789	-80.1889
USC00369318	WASHINGTON	20050104	0	139	61	0	139	61	396.2	40.1789	-80.1889
USC00369318	WASHINGTON	20050105	0	67	50	0	67	50	396.2	40.1789	-80.1889
USC00369318	WASHINGTON	20050106	0	61	22	0	61	22	396.2	40.1789	-80.1889
USC00369318	WASHINGTON	20050107	0	117	-17	0	117	-17	396.2	40.1789	-80.1889
USC00369318	WASHINGTON	20050108	0	67	-17	0	67	-17	396.2	40.1789	-80.1889
USC00369318	WASHINGTON	20050109	0	89	-6	0	89	-6	396.2	40.1789	-80.1889
USC00369318	WASHINGTON	20050110	0	89	0	0	89	0	396.2	40.1789	-80.1889
USC00369318	WASHINGTON	20050111	0	61	0	0	61	0	396.2	40.1789	-80.1889
USC00369318	WASHINGTON	20050112	0	139	17	0	139	17	396.2	40.1789	-80.1889
USC00369318	WASHINGTON	20050113	0	167	133	0	167	133	396.2	40.1789	-80.1889
USC00369318	WASHINGTON	20050114	0	211	0	0	211	0	396.2	40.1789	-80.1889
USC00369318	WASHINGTON	20050115	0	6	-89	0	6	-89	396.2	40.1789	-80.1889
USC00369318	WASHINGTON	20050116	0	-11	-89	0	-11	-89	396.2	40.1789	-80.1889
USC00369318	WASHINGTON	20050117	51	-11	-150	51	-11	-150	396.2	40.1789	-80.1889
USC00369318	WASHINGTON	20050118	51	-106	-172	51	-106	-172	396.2	40.1789	-80.1889
USC00369318	WASHINGTON	20050119	51	-78	-172	51	-78	-172	396.2	40.1789	-80.1889
USC00369318	WASHINGTON	20050120	51	-22	-83	51	-22	-83	396.2	40.1789	-80.1889
USC00369318	WASHINGTON	20050121	51	-44	-128	51	-44	-128	396.2	40.1789	-80.1889
USC00369318	WASHINGTON	20050122	76	-83	-144	76	-83	-144	396.2	40.1789	-80.1889
USC00369318	WASHINGTON	20050123	127	6	-167	127	6	-167	396.2	40.1789	-80.1889
USC00369318	WASHINGTON	20050124	102	-106	-178	102	-106	-178	396.2	40.1789	-80.1889
USC00369318	WASHINGTON	20050125	102	-50	-172	102	-50	-172	396.2	40.1789	-80.1889
USC00369318	WASHINGTON	20050126	76	50	-50	76	50	-50	396.2	40.1789	-80.1889
USC00369318	WASHINGTON	20050127	76	44	-144	76	44	-144	396.2	40.1789	-80.1889
USC00369318	WASHINGTON	20050128	51	-83	-161	51	-83	-161	396.2	40.1789	-80.1889
USC00369318	WASHINGTON	20050129	51	-33	-161	51	-33	-161	396.2	40.1789	-80.1889
USC00369318	WASHINGTON	20050130	76	22	-78	76	22	-78	396.2	40.1789	-80.1889
USC00369318	WASHINGTON	20050131	76	22	-83	76	22	-83	396.2	40.1789	-80.1889
