STATION	STATION_NAME	DATE	SNWD	TMAX	TMIN	SNWD2	TMAX2	TMIN2	ELEV	LAT	LONG
USC00309047	WAVERLY	19950101	0	33	-117	0	33	-117	257.6	42.001	-76.525
USC00309047	WAVERLY	19950102	0	78	-17	0	78	-17	257.6	42.001	-76.525
USC00309047	WAVERLY	19950103	0	-11	-89	0	-11	-89	257.6	42.001	-76.525
USC00309047	WAVERLY	19950104	0	-22	-89	0	-22	-89	257.6	42.001	-76.525
USC00309047	WAVERLY	19950105	0	-22	-133	0	-22	-133	257.6	42.001	-76.525
USC00309047	WAVERLY	19950106	0	-56	-133	0	-56	-133	257.6	42.001	-76.525
USC00309047	WAVERLY	19950107	0	-11	-106	0	-11	-106	257.6	42.001	-76.525
USC00309047	WAVERLY	19950108	0	6	-67	0	6	-67	257.6	42.001	-76.525
USC00309047	WAVERLY	19950109	0	6	-61	0	6	-61	257.6	42.001	-76.525
USC00309047	WAVERLY	19950110	0	-6	-111	0	-6	-111	257.6	42.001	-76.525
USC00309047	WAVERLY	19950111	0	-22	-111	0	-22	-111	257.6	42.001	-76.525
USC00309047	WAVERLY	19950112	0	44	-39	0	44	-39	257.6	42.001	-76.525
USC00309047	WAVERLY	19950113	0	83	33	0	83	33	257.6	42.001	-76.525
USC00309047	WAVERLY	19950114	0	189	0	0	189	0	257.6	42.001	-76.525
USC00309047	WAVERLY	19950115	0	178	28	0	178	28	257.6	42.001	-76.525
USC00309047	WAVERLY	19950116	0	167	106	0	167	106	257.6	42.001	-76.525
USC00309047	WAVERLY	19950117	0	133	17	0	133	17	257.6	42.001	-76.525
USC00309047	WAVERLY	19950118	0	33	0	0	33	0	257.6	42.001	-76.525
USC00309047	WAVERLY	19950119	0	72	6	0	72	6	257.6	42.001	-76.525
USC00309047	WAVERLY	19950120	0	67	50	0	67	50	257.6	42.001	-76.525
USC00309047	WAVERLY	19950121	0	78	22	0	78	22	257.6	42.001	-76.525
USC00309047	WAVERLY	19950122	0	33	-33	0	33	-33	257.6	42.001	-76.525
USC00309047	WAVERLY	19950123	25	-11	-78	25	-11	-78	257.6	42.001	-76.525
USC00309047	WAVERLY	19950124	25	-11	-83	25	-11	-83	257.6	42.001	-76.525
USC00309047	WAVERLY	19950125	25	11	-22	25	11	-22	257.6	42.001	-76.525
USC00309047	WAVERLY	19950126	76	17	-39	76	17	-39	257.6	42.001	-76.525
USC00309047	WAVERLY	19950127	76	-6	-39	76	-6	-39	257.6	42.001	-76.525
USC00309047	WAVERLY	19950128	51	-11	-144	51	-11	-144	257.6	42.001	-76.525
USC00309047	WAVERLY	19950129	51	-44	-178	51	-44	-178	257.6	42.001	-76.525
USC00309047	WAVERLY	19950130	51	-11	-178	51	-11	-178	257.6	42.001	-76.525
USC00309047	WAVERLY	19950131	25	28	-150	25	28	-150	257.6	42.001	-76.525
USC00309047	WAVERLY	19960101	152	39	-89	152	39	-89	257.6	42.001	-76.525
USC00309047	WAVERLY	19960102	127	39	-44	127	39	-44	257.6	42.001	-76.525
USC00309047	WAVERLY	19960103	381	-33	-94	381	-33	-94	257.6	42.001	-76.525
USC00309047	WAVERLY	19960104	381	-78	-167	381	-78	-167	257.6	42.001	-76.525
USC00309047	WAVERLY	19960105	356	-83	-222	356	-83	-222	257.6	42.001	-76.525
USC00309047	WAVERLY	19960106	356	-67	-267	356	-67	-267	257.6	42.001	-76.525
USC00309047	WAVERLY	19960107	356	-111	-272	356	-111	-272	257.6	42.001	-76.525
USC00309047	WAVERLY	19960108	330	-106	-161	330	-106	-161	257.6	42.001	-76.525
USC00309047	WAVERLY	19960109	330	-61	-178	330	-61	-178	257.6	42.001	-76.525
USC00309047	WAVERLY	19960110	381	-61	-172	381	-61	-172	257.6	42.001	-76.525
USC00309047	WAVERLY	19960111	356	-56	-222	356	-56	-222	257.6	42.001	-76.525
USC00309047	WAVERLY	19960112	356	-72	-222	356	-72	-222	257.6	42.001	-76.525
USC00309047	WAVERLY	19960113	406	-39	-139	406	-39	-139	257.6	42.001	-76.525
USC00309047	WAVERLY	19960114	356	-6	-139	356	-6	-139	257.6	42.001	-76.525
USC00309047	WAVERLY	19960115	279	50	-56	279	50	-56	257.6	42.001	-76.525
USC00309047	WAVERLY	19960116	279	-50	-200	279	-50	-200	257.6	42.001	-76.525
USC00309047	WAVERLY	19960117	279	33	-200	279	33	-200	257.6	42.001	-76.525
USC00309047	WAVERLY	19960118	229	89	-6	229	89	-6	257.6	42.001	-76.525
USC00309047	WAVERLY	19960119	0	139	6	0	139	6	257.6	42.001	-76.525
USC00309047	WAVERLY	19960120	0	156	-94	0	156	-94	257.6	42.001	-76.525
USC00309047	WAVERLY	19960121	0	-28	-100	0	-28	-100	257.6	42.001	-76.525
USC00309047	WAVERLY	19960122	0	-6	-111	0	-6	-111	257.6	42.001	-76.525
USC00309047	WAVERLY	19960123	0	44	-106	0	44	-106	257.6	42.001	-76.525
USC00309047	WAVERLY	19960124	0	33	-22	0	33	-22	257.6	42.001	-76.525
USC00309047	WAVERLY	19960125	0	83	-72	0	83	-72	257.6	42.001	-76.525
USC00309047	WAVERLY	19960126	0	-33	-83	0	-33	-83	257.6	42.001	-76.525
USC00309047	WAVERLY	19960127	0	89	-44	0	89	-44	257.6	42.001	-76.525
USC00309047	WAVERLY	19960128	0	111	-61	0	111	-61	257.6	42.001	-76.525
USC00309047	WAVERLY	19960129	0	-17	-89	0	-17	-89	257.6	42.001	-76.525
USC00309047	WAVERLY	19960130	0	0	-61	0	0	-61	257.6	42.001	-76.525
USC00309047	WAVERLY	19960131	25	39	-106	25	39	-106	257.6	42.001	-76.525
USC00309047	WAVERLY	19970101	0	17	-144	0	17	-144	257.6	42.001	-76.525
USC00309047	WAVERLY	19970102	0	-11	-139	0	-11	-139	257.6	42.001	-76.525
USC00309047	WAVERLY	19970103	0	44	-17	0	44	-17	257.6	42.001	-76.525
USC00309047	WAVERLY	19970104	0	150	22	0	150	22	257.6	42.001	-76.525
USC00309047	WAVERLY	19970105	0	94	17	0	94	17	257.6	42.001	-76.525
USC00309047	WAVERLY	19970106	0	139	11	0	139	11	257.6	42.001	-76.525
USC00309047	WAVERLY	19970107	0	17	-39	0	17	-39	257.6	42.001	-76.525
USC00309047	WAVERLY	19970108	9999	-22	-78	NA	-22	-78	257.6	42.001	-76.525
USC00309047	WAVERLY	19970109	9999	-17	-100	NA	-17	-100	257.6	42.001	-76.525
USC00309047	WAVERLY	19970110	51	-6	-78	51	-6	-78	257.6	42.001	-76.525
USC00309047	WAVERLY	19970111	25	0	-89	25	0	-89	257.6	42.001	-76.525
USC00309047	WAVERLY	19970112	25	-61	-111	25	-61	-111	257.6	42.001	-76.525
USC00309047	WAVERLY	19970113	25	-56	-100	25	-56	-100	257.6	42.001	-76.525
USC00309047	WAVERLY	19970114	51	-33	-83	51	-33	-83	257.6	42.001	-76.525
USC00309047	WAVERLY	19970115	25	-28	-144	25	-28	-144	257.6	42.001	-76.525
USC00309047	WAVERLY	19970116	0	22	-144	0	22	-144	257.6	42.001	-76.525
USC00309047	WAVERLY	19970117	0	28	-144	0	28	-144	257.6	42.001	-76.525
USC00309047	WAVERLY	19970118	0	-122	-172	0	-122	-172	257.6	42.001	-76.525
USC00309047	WAVERLY	19970119	0	-117	-222	0	-117	-222	257.6	42.001	-76.525
USC00309047	WAVERLY	19970120	0	-56	-222	0	-56	-222	257.6	42.001	-76.525
USC00309047	WAVERLY	19970121	0	11	-89	0	11	-89	257.6	42.001	-76.525
USC00309047	WAVERLY	19970122	0	17	-89	0	17	-89	257.6	42.001	-76.525
USC00309047	WAVERLY	19970123	0	72	6	0	72	6	257.6	42.001	-76.525
USC00309047	WAVERLY	19970124	0	44	-122	0	44	-122	257.6	42.001	-76.525
USC00309047	WAVERLY	19970125	25	56	-111	25	56	-111	257.6	42.001	-76.525
USC00309047	WAVERLY	19970126	0	94	-67	0	94	-67	257.6	42.001	-76.525
USC00309047	WAVERLY	19970127	0	-50	-122	0	-50	-122	257.6	42.001	-76.525
USC00309047	WAVERLY	19970128	25	28	-94	25	28	-94	257.6	42.001	-76.525
USC00309047	WAVERLY	19970129	0	28	-106	0	28	-106	257.6	42.001	-76.525
USC00309047	WAVERLY	19970130	0	-50	-122	0	-50	-122	257.6	42.001	-76.525
USC00309047	WAVERLY	19970131	0	0	-117	0	0	-117	257.6	42.001	-76.525
USC00309047	WAVERLY	19980101	330	-83	-183	330	-83	-183	257.6	42.001	-76.525
USC00309047	WAVERLY	19980102	305	-22	-183	305	-22	-183	257.6	42.001	-76.525
USC00309047	WAVERLY	19980103	152	89	-28	152	89	-28	257.6	42.001	-76.525
USC00309047	WAVERLY	19980104	0	106	28	0	106	28	257.6	42.001	-76.525
USC00309047	WAVERLY	19980105	0	56	6	0	56	6	257.6	42.001	-76.525
USC00309047	WAVERLY	19980106	0	161	0	0	161	0	257.6	42.001	-76.525
USC00309047	WAVERLY	19980107	0	161	67	0	161	67	257.6	42.001	-76.525
USC00309047	WAVERLY	19980108	0	161	72	0	161	72	257.6	42.001	-76.525
USC00309047	WAVERLY	19980109	0	167	33	0	167	33	257.6	42.001	-76.525
USC00309047	WAVERLY	19980110	0	111	0	0	111	0	257.6	42.001	-76.525
USC00309047	WAVERLY	19980111	0	61	-39	0	61	-39	257.6	42.001	-76.525
USC00309047	WAVERLY	19980112	0	44	-56	0	44	-56	257.6	42.001	-76.525
USC00309047	WAVERLY	19980113	0	39	-50	0	39	-50	257.6	42.001	-76.525
USC00309047	WAVERLY	19980114	0	39	-94	0	39	-94	257.6	42.001	-76.525
USC00309047	WAVERLY	19980115	0	-28	-94	0	-28	-94	257.6	42.001	-76.525
USC00309047	WAVERLY	19980116	0	17	-39	0	17	-39	257.6	42.001	-76.525
USC00309047	WAVERLY	19980117	0	17	-39	0	17	-39	257.6	42.001	-76.525
USC00309047	WAVERLY	19980118	127	6	-33	127	6	-33	257.6	42.001	-76.525
USC00309047	WAVERLY	19980119	76	22	-28	76	22	-28	257.6	42.001	-76.525
USC00309047	WAVERLY	19980120	76	11	-33	76	11	-33	257.6	42.001	-76.525
USC00309047	WAVERLY	19980121	51	6	-111	51	6	-111	257.6	42.001	-76.525
USC00309047	WAVERLY	19980122	25	-17	-67	25	-17	-67	257.6	42.001	-76.525
USC00309047	WAVERLY	19980123	102	-17	-83	102	-17	-83	257.6	42.001	-76.525
USC00309047	WAVERLY	19980124	51	22	-22	51	22	-22	257.6	42.001	-76.525
USC00309047	WAVERLY	19980125	51	22	-22	51	22	-22	257.6	42.001	-76.525
USC00309047	WAVERLY	19980126	51	11	-83	51	11	-83	257.6	42.001	-76.525
USC00309047	WAVERLY	19980127	51	11	-78	51	11	-78	257.6	42.001	-76.525
USC00309047	WAVERLY	19980128	51	17	-28	51	17	-28	257.6	42.001	-76.525
USC00309047	WAVERLY	19980129	25	33	-78	25	33	-78	257.6	42.001	-76.525
USC00309047	WAVERLY	19980130	25	78	-78	25	78	-78	257.6	42.001	-76.525
USC00309047	WAVERLY	19980131	0	28	-22	0	28	-22	257.6	42.001	-76.525
USC00309047	WAVERLY	19990101	0	-50	-139	0	-50	-139	257.6	42.001	-76.525
USC00309047	WAVERLY	19990102	0	-67	-194	0	-67	-194	257.6	42.001	-76.525
USC00309047	WAVERLY	19990103	25	0	-178	25	0	-178	257.6	42.001	-76.525
USC00309047	WAVERLY	19990104	9999	50	-89	NA	50	-89	257.6	42.001	-76.525
USC00309047	WAVERLY	19990105	9999	-50	-122	NA	-50	-122	257.6	42.001	-76.525
USC00309047	WAVERLY	19990106	9999	-56	-144	NA	-56	-144	257.6	42.001	-76.525
USC00309047	WAVERLY	19990107	0	-33	-144	0	-33	-144	257.6	42.001	-76.525
USC00309047	WAVERLY	19990108	0	-33	-144	0	-33	-144	257.6	42.001	-76.525
USC00309047	WAVERLY	19990109	25	11	-133	25	11	-133	257.6	42.001	-76.525
USC00309047	WAVERLY	19990110	76	11	-200	76	11	-200	257.6	42.001	-76.525
USC00309047	WAVERLY	19990111	76	-61	-211	76	-61	-211	257.6	42.001	-76.525
USC00309047	WAVERLY	19990112	102	-39	-172	102	-39	-172	257.6	42.001	-76.525
USC00309047	WAVERLY	19990113	102	0	-39	102	0	-39	257.6	42.001	-76.525
USC00309047	WAVERLY	19990114	152	-33	-178	152	-33	-178	257.6	42.001	-76.525
USC00309047	WAVERLY	19990115	254	-33	-172	254	-33	-172	257.6	42.001	-76.525
USC00309047	WAVERLY	19990116	254	-6	-172	254	-6	-172	257.6	42.001	-76.525
USC00309047	WAVERLY	19990117	229	56	-133	229	56	-133	257.6	42.001	-76.525
USC00309047	WAVERLY	19990118	178	94	-100	178	94	-100	257.6	42.001	-76.525
USC00309047	WAVERLY	19990119	152	83	-11	152	83	-11	257.6	42.001	-76.525
USC00309047	WAVERLY	19990120	127	39	-106	127	39	-106	257.6	42.001	-76.525
USC00309047	WAVERLY	19990121	127	72	-106	127	72	-106	257.6	42.001	-76.525
USC00309047	WAVERLY	19990122	127	22	-78	127	22	-78	257.6	42.001	-76.525
USC00309047	WAVERLY	19990123	102	67	22	102	67	22	257.6	42.001	-76.525
USC00309047	WAVERLY	19990124	25	139	56	25	139	56	257.6	42.001	-76.525
USC00309047	WAVERLY	19990125	9999	100	6	NA	100	6	257.6	42.001	-76.525
USC00309047	WAVERLY	19990126	25	17	-33	25	17	-33	257.6	42.001	-76.525
USC00309047	WAVERLY	19990127	9999	33	-72	NA	33	-72	257.6	42.001	-76.525
USC00309047	WAVERLY	19990128	9999	44	-61	NA	44	-61	257.6	42.001	-76.525
USC00309047	WAVERLY	19990129	9999	50	-61	NA	50	-61	257.6	42.001	-76.525
USC00309047	WAVERLY	19990130	0	-11	-83	0	-11	-83	257.6	42.001	-76.525
USC00309047	WAVERLY	19990131	0	6	-150	0	6	-150	257.6	42.001	-76.525
USC00309047	WAVERLY	20000101	0	50	-89	0	50	-89	257.6	42.001	-76.525
USC00309047	WAVERLY	20000102	0	106	-83	0	106	-83	257.6	42.001	-76.525
USC00309047	WAVERLY	20000103	0	156	0	0	156	0	257.6	42.001	-76.525
USC00309047	WAVERLY	20000104	0	144	61	0	144	61	257.6	42.001	-76.525
USC00309047	WAVERLY	20000105	0	161	-39	0	161	-39	257.6	42.001	-76.525
USC00309047	WAVERLY	20000106	0	-11	-94	0	-11	-94	257.6	42.001	-76.525
USC00309047	WAVERLY	20000107	0	22	-78	0	22	-78	257.6	42.001	-76.525
USC00309047	WAVERLY	20000108	0	56	-78	0	56	-78	257.6	42.001	-76.525
USC00309047	WAVERLY	20000109	0	44	-78	0	44	-78	257.6	42.001	-76.525
USC00309047	WAVERLY	20000110	0	78	-22	0	78	-22	257.6	42.001	-76.525
USC00309047	WAVERLY	20000111	0	78	-6	0	78	-6	257.6	42.001	-76.525
USC00309047	WAVERLY	20000112	0	72	-6	0	72	-6	257.6	42.001	-76.525
USC00309047	WAVERLY	20000113	51	44	-28	51	44	-28	257.6	42.001	-76.525
USC00309047	WAVERLY	20000114	102	-22	-156	102	-22	-156	257.6	42.001	-76.525
USC00309047	WAVERLY	20000115	102	-89	-178	102	-89	-178	257.6	42.001	-76.525
USC00309047	WAVERLY	20000116	76	-22	-167	76	-22	-167	257.6	42.001	-76.525
USC00309047	WAVERLY	20000117	76	33	-172	76	33	-172	257.6	42.001	-76.525
USC00309047	WAVERLY	20000118	76	-139	-211	76	-139	-211	257.6	42.001	-76.525
USC00309047	WAVERLY	20000119	76	-111	-211	76	-111	-211	257.6	42.001	-76.525
USC00309047	WAVERLY	20000120	102	-28	-133	102	-28	-133	257.6	42.001	-76.525
USC00309047	WAVERLY	20000121	152	-22	-161	152	-22	-161	257.6	42.001	-76.525
USC00309047	WAVERLY	20000122	152	-122	-200	152	-122	-200	257.6	42.001	-76.525
USC00309047	WAVERLY	20000123	152	-83	-189	152	-83	-189	257.6	42.001	-76.525
USC00309047	WAVERLY	20000124	152	-39	-150	152	-39	-150	257.6	42.001	-76.525
USC00309047	WAVERLY	20000125	127	11	-133	127	11	-133	257.6	42.001	-76.525
USC00309047	WAVERLY	20000126	203	-56	-94	203	-56	-94	257.6	42.001	-76.525
USC00309047	WAVERLY	20000127	229	-56	-156	229	-56	-156	257.6	42.001	-76.525
USC00309047	WAVERLY	20000128	178	-100	-172	178	-100	-172	257.6	42.001	-76.525
USC00309047	WAVERLY	20000129	152	-83	-211	152	-83	-211	257.6	42.001	-76.525
USC00309047	WAVERLY	20000130	152	0	-211	152	0	-211	257.6	42.001	-76.525
USC00309047	WAVERLY	20000131	254	-6	-167	254	-6	-167	257.6	42.001	-76.525
USC00309047	WAVERLY	20010101	102	-50	-83	102	-50	-83	257.6	42.001	-76.525
USC00309047	WAVERLY	20010102	102	-22	-150	102	-22	-150	257.6	42.001	-76.525
USC00309047	WAVERLY	20010103	76	-56	-139	76	-56	-139	257.6	42.001	-76.525
USC00309047	WAVERLY	20010104	51	-6	-128	51	-6	-128	257.6	42.001	-76.525
USC00309047	WAVERLY	20010105	51	0	-78	51	0	-78	257.6	42.001	-76.525
USC00309047	WAVERLY	20010106	102	-6	-50	102	-6	-50	257.6	42.001	-76.525
USC00309047	WAVERLY	20010107	76	11	-50	76	11	-50	257.6	42.001	-76.525
USC00309047	WAVERLY	20010108	76	22	-28	76	22	-28	257.6	42.001	-76.525
USC00309047	WAVERLY	20010109	76	28	-78	76	28	-78	257.6	42.001	-76.525
USC00309047	WAVERLY	20010110	76	-22	-83	76	-22	-83	257.6	42.001	-76.525
USC00309047	WAVERLY	20010111	76	-22	-122	76	-22	-122	257.6	42.001	-76.525
USC00309047	WAVERLY	20010112	76	50	-122	76	50	-122	257.6	42.001	-76.525
USC00309047	WAVERLY	20010113	76	56	-89	76	56	-89	257.6	42.001	-76.525
USC00309047	WAVERLY	20010114	51	72	-106	51	72	-106	257.6	42.001	-76.525
USC00309047	WAVERLY	20010115	51	17	-78	51	17	-78	257.6	42.001	-76.525
USC00309047	WAVERLY	20010116	51	33	0	51	33	0	257.6	42.001	-76.525
USC00309047	WAVERLY	20010117	25	44	11	25	44	11	257.6	42.001	-76.525
USC00309047	WAVERLY	20010118	25	17	-33	25	17	-33	257.6	42.001	-76.525
USC00309047	WAVERLY	20010119	25	22	-28	25	22	-28	257.6	42.001	-76.525
USC00309047	WAVERLY	20010120	51	11	-50	51	11	-50	257.6	42.001	-76.525
USC00309047	WAVERLY	20010121	51	-44	-83	51	-44	-83	257.6	42.001	-76.525
USC00309047	WAVERLY	20010122	51	-11	-117	51	-11	-117	257.6	42.001	-76.525
USC00309047	WAVERLY	20010123	51	17	-133	51	17	-133	257.6	42.001	-76.525
USC00309047	WAVERLY	20010124	25	39	-128	25	39	-128	257.6	42.001	-76.525
USC00309047	WAVERLY	20010125	25	33	-33	25	33	-33	257.6	42.001	-76.525
USC00309047	WAVERLY	20010126	25	-22	-94	25	-22	-94	257.6	42.001	-76.525
USC00309047	WAVERLY	20010127	25	6	-72	25	6	-72	257.6	42.001	-76.525
USC00309047	WAVERLY	20010128	25	17	-44	25	17	-44	257.6	42.001	-76.525
USC00309047	WAVERLY	20010129	25	-11	-133	25	-11	-133	257.6	42.001	-76.525
USC00309047	WAVERLY	20010130	25	39	-133	25	39	-133	257.6	42.001	-76.525
USC00309047	WAVERLY	20010131	9999	72	-11	NA	72	-11	257.6	42.001	-76.525
USC00309047	WAVERLY	20020101	0	-22	-128	0	-22	-128	257.6	42.001	-76.525
USC00309047	WAVERLY	20020102	0	-17	-133	0	-17	-133	257.6	42.001	-76.525
USC00309047	WAVERLY	20020103	0	11	-128	0	11	-128	257.6	42.001	-76.525
USC00309047	WAVERLY	20020104	0	6	-117	0	6	-117	257.6	42.001	-76.525
USC00309047	WAVERLY	20020105	0	11	-83	0	11	-83	257.6	42.001	-76.525
USC00309047	WAVERLY	20020106	0	39	-28	0	39	-28	257.6	42.001	-76.525
USC00309047	WAVERLY	20020107	127	33	-17	127	33	-17	257.6	42.001	-76.525
USC00309047	WAVERLY	20020108	127	-6	-122	127	-6	-122	257.6	42.001	-76.525
USC00309047	WAVERLY	20020109	127	-11	-117	127	-11	-117	257.6	42.001	-76.525
USC00309047	WAVERLY	20020110	76	61	-17	76	61	-17	257.6	42.001	-76.525
USC00309047	WAVERLY	20020111	0	78	-11	0	78	-11	257.6	42.001	-76.525
USC00309047	WAVERLY	20020112	0	44	0	0	44	0	257.6	42.001	-76.525
USC00309047	WAVERLY	20020113	0	61	-6	0	61	-6	257.6	42.001	-76.525
USC00309047	WAVERLY	20020114	0	28	-56	0	28	-56	257.6	42.001	-76.525
USC00309047	WAVERLY	20020115	0	44	-50	0	44	-50	257.6	42.001	-76.525
USC00309047	WAVERLY	20020116	0	50	-50	0	50	-50	257.6	42.001	-76.525
USC00309047	WAVERLY	20020117	25	22	-22	25	22	-22	257.6	42.001	-76.525
USC00309047	WAVERLY	20020118	9999	50	-33	NA	50	-33	257.6	42.001	-76.525
USC00309047	WAVERLY	20020119	9999	6	-106	NA	6	-106	257.6	42.001	-76.525
USC00309047	WAVERLY	20020120	127	-39	-150	127	-39	-150	257.6	42.001	-76.525
USC00309047	WAVERLY	20020121	76	0	-156	76	0	-156	257.6	42.001	-76.525
USC00309047	WAVERLY	20020122	76	28	-50	76	28	-50	257.6	42.001	-76.525
USC00309047	WAVERLY	20020123	51	78	-33	51	78	-33	257.6	42.001	-76.525
USC00309047	WAVERLY	20020124	0	94	50	0	94	50	257.6	42.001	-76.525
USC00309047	WAVERLY	20020125	0	72	-17	0	72	-17	257.6	42.001	-76.525
USC00309047	WAVERLY	20020126	0	67	-28	0	67	-28	257.6	42.001	-76.525
USC00309047	WAVERLY	20020127	0	111	-56	0	111	-56	257.6	42.001	-76.525
USC00309047	WAVERLY	20020128	0	156	-56	0	156	-56	257.6	42.001	-76.525
USC00309047	WAVERLY	20020129	0	150	-39	0	150	-39	257.6	42.001	-76.525
USC00309047	WAVERLY	20020130	0	161	-6	0	161	-6	257.6	42.001	-76.525
USC00309047	WAVERLY	20020131	0	-11	56	0	-11	56	257.6	42.001	-76.525
USC00309047	WAVERLY	20030101	25	100	11	25	100	11	257.6	42.001	-76.525
USC00309047	WAVERLY	20030102	25	17	-50	25	17	-50	257.6	42.001	-76.525
USC00309047	WAVERLY	20030103	76	-28	-61	76	-28	-61	257.6	42.001	-76.525
USC00309047	WAVERLY	20030104	305	-6	-39	305	-6	-39	257.6	42.001	-76.525
USC00309047	WAVERLY	20030105	279	0	-33	279	0	-33	257.6	42.001	-76.525
USC00309047	WAVERLY	20030106	254	-6	-56	254	-6	-56	257.6	42.001	-76.525
USC00309047	WAVERLY	20030107	254	-17	-94	254	-17	-94	257.6	42.001	-76.525
USC00309047	WAVERLY	20030108	229	0	-111	229	0	-111	257.6	42.001	-76.525
USC00309047	WAVERLY	20030109	203	56	0	203	56	0	257.6	42.001	-76.525
USC00309047	WAVERLY	20030110	102	61	-28	102	61	-28	257.6	42.001	-76.525
USC00309047	WAVERLY	20030111	102	-17	-83	102	-17	-83	257.6	42.001	-76.525
USC00309047	WAVERLY	20030112	102	-33	-72	102	-33	-72	257.6	42.001	-76.525
USC00309047	WAVERLY	20030113	102	-17	-122	102	-17	-122	257.6	42.001	-76.525
USC00309047	WAVERLY	20030114	102	-6	-150	102	-6	-150	257.6	42.001	-76.525
USC00309047	WAVERLY	20030115	102	-50	-156	102	-50	-156	257.6	42.001	-76.525
USC00309047	WAVERLY	20030116	102	-50	-139	102	-50	-139	257.6	42.001	-76.525
USC00309047	WAVERLY	20030117	102	-50	-139	102	-50	-139	257.6	42.001	-76.525
USC00309047	WAVERLY	20030118	102	-61	-200	102	-61	-200	257.6	42.001	-76.525
USC00309047	WAVERLY	20030119	102	-61	-189	102	-61	-189	257.6	42.001	-76.525
USC00309047	WAVERLY	20030120	102	-44	-100	102	-44	-100	257.6	42.001	-76.525
USC00309047	WAVERLY	20030121	102	-72	-200	102	-72	-200	257.6	42.001	-76.525
USC00309047	WAVERLY	20030122	102	-67	-206	102	-67	-206	257.6	42.001	-76.525
USC00309047	WAVERLY	20030123	102	-106	-200	102	-106	-200	257.6	42.001	-76.525
USC00309047	WAVERLY	20030124	102	-106	-167	102	-106	-167	257.6	42.001	-76.525
USC00309047	WAVERLY	20030125	102	-56	-161	102	-56	-161	257.6	42.001	-76.525
USC00309047	WAVERLY	20030126	102	-39	-106	102	-39	-106	257.6	42.001	-76.525
USC00309047	WAVERLY	20030127	127	-33	-178	127	-33	-178	257.6	42.001	-76.525
USC00309047	WAVERLY	20030128	127	-117	-228	127	-117	-228	257.6	42.001	-76.525
USC00309047	WAVERLY	20030129	152	-56	-183	152	-56	-183	257.6	42.001	-76.525
USC00309047	WAVERLY	20030130	127	-6	-172	127	-6	-172	257.6	42.001	-76.525
USC00309047	WAVERLY	20030131	127	6	-183	127	6	-183	257.6	42.001	-76.525
USC00309047	WAVERLY	20040101	0	78	-33	0	78	-33	257.6	42.001	-76.525
USC00309047	WAVERLY	20040102	0	56	-17	0	56	-17	257.6	42.001	-76.525
USC00309047	WAVERLY	20040103	0	89	28	0	89	28	257.6	42.001	-76.525
USC00309047	WAVERLY	20040104	0	144	56	0	144	56	257.6	42.001	-76.525
USC00309047	WAVERLY	20040105	0	61	-6	0	61	-6	257.6	42.001	-76.525
USC00309047	WAVERLY	20040106	0	33	-39	0	33	-39	257.6	42.001	-76.525
USC00309047	WAVERLY	20040107	0	0	-117	0	0	-117	257.6	42.001	-76.525
USC00309047	WAVERLY	20040108	25	-67	-106	25	-67	-106	257.6	42.001	-76.525
USC00309047	WAVERLY	20040109	25	-44	-183	25	-44	-183	257.6	42.001	-76.525
USC00309047	WAVERLY	20040110	25	-150	-228	25	-150	-228	257.6	42.001	-76.525
USC00309047	WAVERLY	20040111	25	-133	-222	25	-133	-222	257.6	42.001	-76.525
USC00309047	WAVERLY	20040112	102	-28	-189	102	-28	-189	257.6	42.001	-76.525
USC00309047	WAVERLY	20040113	76	28	-28	76	28	-28	257.6	42.001	-76.525
USC00309047	WAVERLY	20040114	102	56	-200	102	56	-200	257.6	42.001	-76.525
USC00309047	WAVERLY	20040115	178	-133	-206	178	-133	-206	257.6	42.001	-76.525
USC00309047	WAVERLY	20040116	152	-144	-206	152	-144	-206	257.6	42.001	-76.525
USC00309047	WAVERLY	20040117	127	-67	-172	127	-67	-172	257.6	42.001	-76.525
USC00309047	WAVERLY	20040118	152	-28	-178	152	-28	-178	257.6	42.001	-76.525
USC00309047	WAVERLY	20040119	127	6	-94	127	6	-94	257.6	42.001	-76.525
USC00309047	WAVERLY	20040120	127	-72	-106	127	-72	-106	257.6	42.001	-76.525
USC00309047	WAVERLY	20040121	127	-56	-111	127	-56	-111	257.6	42.001	-76.525
USC00309047	WAVERLY	20040122	127	-44	-117	127	-44	-117	257.6	42.001	-76.525
USC00309047	WAVERLY	20040123	102	6	-150	102	6	-150	257.6	42.001	-76.525
USC00309047	WAVERLY	20040124	102	-100	-156	102	-100	-156	257.6	42.001	-76.525
USC00309047	WAVERLY	20040125	102	-94	-228	102	-94	-228	257.6	42.001	-76.525
USC00309047	WAVERLY	20040126	102	-72	-228	102	-72	-228	257.6	42.001	-76.525
USC00309047	WAVERLY	20040127	178	-78	-128	178	-78	-128	257.6	42.001	-76.525
USC00309047	WAVERLY	20040128	305	-44	-83	305	-44	-83	257.6	42.001	-76.525
USC00309047	WAVERLY	20040129	305	-44	-94	305	-44	-94	257.6	42.001	-76.525
USC00309047	WAVERLY	20040130	305	-78	-206	305	-78	-206	257.6	42.001	-76.525
USC00309047	WAVERLY	20040131	229	-83	-211	229	-83	-211	257.6	42.001	-76.525
USC00309047	WAVERLY	20050101	0	94	17	0	94	17	257.6	42.001	-76.525
USC00309047	WAVERLY	20050102	0	67	-22	0	67	-22	257.6	42.001	-76.525
USC00309047	WAVERLY	20050103	0	56	0	0	56	0	257.6	42.001	-76.525
USC00309047	WAVERLY	20050104	0	72	39	0	72	39	257.6	42.001	-76.525
USC00309047	WAVERLY	20050105	0	44	0	0	44	0	257.6	42.001	-76.525
USC00309047	WAVERLY	20050106	127	0	-33	127	0	-33	257.6	42.001	-76.525
USC00309047	WAVERLY	20050107	76	39	-17	76	39	-17	257.6	42.001	-76.525
USC00309047	WAVERLY	20050108	51	-6	-33	51	-6	-33	257.6	42.001	-76.525
USC00309047	WAVERLY	20050109	51	17	-17	51	17	-17	257.6	42.001	-76.525
USC00309047	WAVERLY	20050110	51	17	-17	51	17	-17	257.6	42.001	-76.525
USC00309047	WAVERLY	20050111	51	50	-17	51	50	-17	257.6	42.001	-76.525
USC00309047	WAVERLY	20050112	76	22	-11	76	22	-11	257.6	42.001	-76.525
USC00309047	WAVERLY	20050113	25	72	17	25	72	17	257.6	42.001	-76.525
USC00309047	WAVERLY	20050114	25	178	6	25	178	6	257.6	42.001	-76.525
USC00309047	WAVERLY	20050115	9999	11	-94	NA	11	-94	257.6	42.001	-76.525
USC00309047	WAVERLY	20050116	0	-22	-94	0	-22	-94	257.6	42.001	-76.525
USC00309047	WAVERLY	20050117	25	-39	-83	25	-39	-83	257.6	42.001	-76.525
USC00309047	WAVERLY	20050118	51	-67	-167	51	-67	-167	257.6	42.001	-76.525
USC00309047	WAVERLY	20050119	25	-117	-183	25	-117	-183	257.6	42.001	-76.525
USC00309047	WAVERLY	20050120	51	-44	-117	51	-44	-117	257.6	42.001	-76.525
USC00309047	WAVERLY	20050121	51	-67	-194	51	-67	-194	257.6	42.001	-76.525
USC00309047	WAVERLY	20050122	51	-133	-239	51	-133	-239	257.6	42.001	-76.525
USC00309047	WAVERLY	20050123	152	-94	-211	152	-94	-211	257.6	42.001	-76.525
USC00309047	WAVERLY	20050124	127	-122	-228	127	-122	-228	257.6	42.001	-76.525
USC00309047	WAVERLY	20050125	152	-44	-228	152	-44	-228	257.6	42.001	-76.525
USC00309047	WAVERLY	20050126	178	-17	-56	178	-17	-56	257.6	42.001	-76.525
USC00309047	WAVERLY	20050127	178	-17	-167	178	-17	-167	257.6	42.001	-76.525
USC00309047	WAVERLY	20050128	178	-17	-222	178	-17	-222	257.6	42.001	-76.525
USC00309047	WAVERLY	20050129	152	-61	-222	152	-61	-222	257.6	42.001	-76.525
USC00309047	WAVERLY	20050130	127	0	-211	127	0	-211	257.6	42.001	-76.525
USC00309047	WAVERLY	20050131	127	22	-161	127	22	-161	257.6	42.001	-76.525
