STATION	NAME	DATE	SNWD	TMAX	TMIN	SNWD2	TMAX2	TMIN2	ELEV	LAT	LONG
USC00369367	WAYNESBURG	19950101	0	78	-56	0	78	-56	286.5	39.8986	-80.1656
USC00369367	WAYNESBURG	19950102	25	89	-72	25	89	-72	286.5	39.8986	-80.1656
USC00369367	WAYNESBURG	19950103	0	-44	-89	0	-44	-89	286.5	39.8986	-80.1656
USC00369367	WAYNESBURG	19950104	25	-22	-117	25	-22	-117	286.5	39.8986	-80.1656
USC00369367	WAYNESBURG	19950105	0	-83	-161	0	-83	-161	286.5	39.8986	-80.1656
USC00369367	WAYNESBURG	19950106	0	-67	-161	0	-67	-161	286.5	39.8986	-80.1656
USC00369367	WAYNESBURG	19950107	0	67	-111	0	67	-111	286.5	39.8986	-80.1656
USC00369367	WAYNESBURG	19950108	0	22	-39	0	22	-39	286.5	39.8986	-80.1656
USC00369367	WAYNESBURG	19950109	0	11	-56	0	11	-56	286.5	39.8986	-80.1656
USC00369367	WAYNESBURG	19950110	0	39	-56	0	39	-56	286.5	39.8986	-80.1656
USC00369367	WAYNESBURG	19950111	0	-6	-56	0	-6	-56	286.5	39.8986	-80.1656
USC00369367	WAYNESBURG	19950112	0	106	-6	0	106	-6	286.5	39.8986	-80.1656
USC00369367	WAYNESBURG	19950113	0	172	56	0	172	56	286.5	39.8986	-80.1656
USC00369367	WAYNESBURG	19950114	0	200	17	0	200	17	286.5	39.8986	-80.1656
USC00369367	WAYNESBURG	19950115	0	217	44	0	217	44	286.5	39.8986	-80.1656
USC00369367	WAYNESBURG	19950116	0	150	11	0	150	11	286.5	39.8986	-80.1656
USC00369367	WAYNESBURG	19950117	0	22	-6	0	22	-6	286.5	39.8986	-80.1656
USC00369367	WAYNESBURG	19950118	0	22	-6	0	22	-6	286.5	39.8986	-80.1656
USC00369367	WAYNESBURG	19950119	0	133	-22	0	133	-22	286.5	39.8986	-80.1656
USC00369367	WAYNESBURG	19950120	0	161	-22	0	161	-22	286.5	39.8986	-80.1656
USC00369367	WAYNESBURG	19950121	25	28	-17	25	28	-17	286.5	39.8986	-80.1656
USC00369367	WAYNESBURG	19950122	76	-17	-61	76	-17	-61	286.5	39.8986	-80.1656
USC00369367	WAYNESBURG	19950123	102	-33	-133	102	-33	-133	286.5	39.8986	-80.1656
USC00369367	WAYNESBURG	19950124	102	-22	-139	102	-22	-139	286.5	39.8986	-80.1656
USC00369367	WAYNESBURG	19950125	51	-39	-117	51	-39	-117	286.5	39.8986	-80.1656
USC00369367	WAYNESBURG	19950126	25	-17	-128	25	-17	-128	286.5	39.8986	-80.1656
USC00369367	WAYNESBURG	19950127	25	-28	-128	25	-28	-128	286.5	39.8986	-80.1656
USC00369367	WAYNESBURG	19950128	0	6	-133	0	6	-133	286.5	39.8986	-80.1656
USC00369367	WAYNESBURG	19950129	0	11	-89	0	11	-89	286.5	39.8986	-80.1656
USC00369367	WAYNESBURG	19950130	0	44	-94	0	44	-94	286.5	39.8986	-80.1656
USC00369367	WAYNESBURG	19950131	0	39	-78	0	39	-78	286.5	39.8986	-80.1656
USC00369367	WAYNESBURG	19960101	0	72	-39	0	72	-39	286.5	39.8986	-80.1656
USC00369367	WAYNESBURG	19960102	0	44	6	0	44	6	286.5	39.8986	-80.1656
USC00369367	WAYNESBURG	19960103	0	39	11	0	39	11	286.5	39.8986	-80.1656
USC00369367	WAYNESBURG	19960104	25	39	-111	25	39	-111	286.5	39.8986	-80.1656
USC00369367	WAYNESBURG	19960105	0	-44	-117	0	-44	-117	286.5	39.8986	-80.1656
USC00369367	WAYNESBURG	19960106	0	-39	-100	0	-39	-100	286.5	39.8986	-80.1656
USC00369367	WAYNESBURG	19960107	127	-39	-100	127	-39	-100	286.5	39.8986	-80.1656
USC00369367	WAYNESBURG	19960108	406	-89	-111	406	-89	-111	286.5	39.8986	-80.1656
USC00369367	WAYNESBURG	19960109	381	-67	-122	381	-67	-122	286.5	39.8986	-80.1656
USC00369367	WAYNESBURG	19960110	356	-33	-94	356	-33	-94	286.5	39.8986	-80.1656
USC00369367	WAYNESBURG	19960111	356	-56	-222	356	-56	-222	286.5	39.8986	-80.1656
USC00369367	WAYNESBURG	19960112	305	-50	-200	305	-50	-200	286.5	39.8986	-80.1656
USC00369367	WAYNESBURG	19960113	279	-17	-56	279	-17	-56	286.5	39.8986	-80.1656
USC00369367	WAYNESBURG	19960114	254	0	-56	254	0	-56	286.5	39.8986	-80.1656
USC00369367	WAYNESBURG	19960115	178	128	-56	178	128	-56	286.5	39.8986	-80.1656
USC00369367	WAYNESBURG	19960116	178	11	-111	178	11	-111	286.5	39.8986	-80.1656
USC00369367	WAYNESBURG	19960117	102	117	-111	102	117	-111	286.5	39.8986	-80.1656
USC00369367	WAYNESBURG	19960118	51	144	6	51	144	6	286.5	39.8986	-80.1656
USC00369367	WAYNESBURG	19960119	0	189	6	0	189	6	286.5	39.8986	-80.1656
USC00369367	WAYNESBURG	19960120	0	22	-133	0	22	-133	286.5	39.8986	-80.1656
USC00369367	WAYNESBURG	19960121	0	-22	-128	0	-22	-128	286.5	39.8986	-80.1656
USC00369367	WAYNESBURG	19960122	0	33	-83	0	33	-83	286.5	39.8986	-80.1656
USC00369367	WAYNESBURG	19960123	0	83	-83	0	83	-83	286.5	39.8986	-80.1656
USC00369367	WAYNESBURG	19960124	0	78	0	0	78	0	286.5	39.8986	-80.1656
USC00369367	WAYNESBURG	19960125	51	100	-61	51	100	-61	286.5	39.8986	-80.1656
USC00369367	WAYNESBURG	19960126	25	-11	-94	25	-11	-94	286.5	39.8986	-80.1656
USC00369367	WAYNESBURG	19960127	0	117	-94	0	117	-94	286.5	39.8986	-80.1656
USC00369367	WAYNESBURG	19960128	0	117	-78	0	117	-78	286.5	39.8986	-80.1656
USC00369367	WAYNESBURG	19960129	0	-17	-89	0	-17	-89	286.5	39.8986	-80.1656
USC00369367	WAYNESBURG	19960130	0	61	-28	0	61	-28	286.5	39.8986	-80.1656
USC00369367	WAYNESBURG	19960131	25	22	-94	25	22	-94	286.5	39.8986	-80.1656
USC00369367	WAYNESBURG	19970101	0	94	11	0	94	11	286.5	39.8986	-80.1656
USC00369367	WAYNESBURG	19970102	0	106	17	0	106	17	286.5	39.8986	-80.1656
USC00369367	WAYNESBURG	19970103	0	144	94	0	144	94	286.5	39.8986	-80.1656
USC00369367	WAYNESBURG	19970104	0	150	106	0	150	106	286.5	39.8986	-80.1656
USC00369367	WAYNESBURG	19970105	0	206	106	0	206	106	286.5	39.8986	-80.1656
USC00369367	WAYNESBURG	19970106	0	156	11	0	156	11	286.5	39.8986	-80.1656
USC00369367	WAYNESBURG	19970107	0	39	-61	0	39	-61	286.5	39.8986	-80.1656
USC00369367	WAYNESBURG	19970108	0	0	-106	0	0	-106	286.5	39.8986	-80.1656
USC00369367	WAYNESBURG	19970109	0	-17	-106	0	-17	-106	286.5	39.8986	-80.1656
USC00369367	WAYNESBURG	19970110	0	33	-33	0	33	-33	286.5	39.8986	-80.1656
USC00369367	WAYNESBURG	19970111	25	-11	-133	25	-11	-133	286.5	39.8986	-80.1656
USC00369367	WAYNESBURG	19970112	25	-94	-144	25	-94	-144	286.5	39.8986	-80.1656
USC00369367	WAYNESBURG	19970113	0	-72	-150	0	-72	-150	286.5	39.8986	-80.1656
USC00369367	WAYNESBURG	19970114	0	-67	-106	0	-67	-106	286.5	39.8986	-80.1656
USC00369367	WAYNESBURG	19970115	0	-22	-122	0	-22	-122	286.5	39.8986	-80.1656
USC00369367	WAYNESBURG	19970116	0	94	-117	0	94	-117	286.5	39.8986	-80.1656
USC00369367	WAYNESBURG	19970117	25	6	-178	25	6	-178	286.5	39.8986	-80.1656
USC00369367	WAYNESBURG	19970118	0	-139	-156	0	-139	-156	286.5	39.8986	-80.1656
USC00369367	WAYNESBURG	19970119	0	-117	-211	0	-117	-211	286.5	39.8986	-80.1656
USC00369367	WAYNESBURG	19970120	0	-28	-211	0	-28	-211	286.5	39.8986	-80.1656
USC00369367	WAYNESBURG	19970121	0	39	-94	0	39	-94	286.5	39.8986	-80.1656
USC00369367	WAYNESBURG	19970122	0	94	-94	0	94	-94	286.5	39.8986	-80.1656
USC00369367	WAYNESBURG	19970123	0	122	17	0	122	17	286.5	39.8986	-80.1656
USC00369367	WAYNESBURG	19970124	0	22	-28	0	22	-28	286.5	39.8986	-80.1656
USC00369367	WAYNESBURG	19970125	0	122	-22	0	122	-22	286.5	39.8986	-80.1656
USC00369367	WAYNESBURG	19970126	0	50	-83	0	50	-83	286.5	39.8986	-80.1656
USC00369367	WAYNESBURG	19970127	0	-22	-22	0	-22	-22	286.5	39.8986	-80.1656
USC00369367	WAYNESBURG	19970128	0	61	-22	0	61	-22	286.5	39.8986	-80.1656
USC00369367	WAYNESBURG	19970129	0	0	-106	0	0	-106	286.5	39.8986	-80.1656
USC00369367	WAYNESBURG	19970130	0	-6	-111	0	-6	-111	286.5	39.8986	-80.1656
USC00369367	WAYNESBURG	19970131	0	72	-83	0	72	-83	286.5	39.8986	-80.1656
USC00369367	WAYNESBURG	19980101	51	-44	-167	51	-44	-167	286.5	39.8986	-80.1656
USC00369367	WAYNESBURG	19980102	25	56	-156	25	56	-156	286.5	39.8986	-80.1656
USC00369367	WAYNESBURG	19980103	0	117	39	0	117	39	286.5	39.8986	-80.1656
USC00369367	WAYNESBURG	19980104	0	167	100	0	167	100	286.5	39.8986	-80.1656
USC00369367	WAYNESBURG	19980105	0	183	-6	0	183	-6	286.5	39.8986	-80.1656
USC00369367	WAYNESBURG	19980106	0	194	-6	0	194	-6	286.5	39.8986	-80.1656
USC00369367	WAYNESBURG	19980107	0	150	72	0	150	72	286.5	39.8986	-80.1656
USC00369367	WAYNESBURG	19980108	0	189	72	0	189	72	286.5	39.8986	-80.1656
USC00369367	WAYNESBURG	19980109	0	183	78	0	183	78	286.5	39.8986	-80.1656
USC00369367	WAYNESBURG	19980110	0	83	28	0	83	28	286.5	39.8986	-80.1656
USC00369367	WAYNESBURG	19980111	0	56	-39	0	56	-39	286.5	39.8986	-80.1656
USC00369367	WAYNESBURG	19980112	0	61	-44	0	61	-44	286.5	39.8986	-80.1656
USC00369367	WAYNESBURG	19980113	0	111	6	0	111	6	286.5	39.8986	-80.1656
USC00369367	WAYNESBURG	19980114	0	94	-94	0	94	-94	286.5	39.8986	-80.1656
USC00369367	WAYNESBURG	19980115	0	17	-94	0	17	-94	286.5	39.8986	-80.1656
USC00369367	WAYNESBURG	19980116	0	83	11	0	83	11	286.5	39.8986	-80.1656
USC00369367	WAYNESBURG	19980117	0	28	0	0	28	0	286.5	39.8986	-80.1656
USC00369367	WAYNESBURG	19980118	0	39	-11	0	39	-11	286.5	39.8986	-80.1656
USC00369367	WAYNESBURG	19980119	0	6	-28	0	6	-28	286.5	39.8986	-80.1656
USC00369367	WAYNESBURG	19980120	0	28	-39	0	28	-39	286.5	39.8986	-80.1656
USC00369367	WAYNESBURG	19980121	0	6	-83	0	6	-83	286.5	39.8986	-80.1656
USC00369367	WAYNESBURG	19980122	0	6	-72	0	6	-72	286.5	39.8986	-80.1656
USC00369367	WAYNESBURG	19980123	0	78	-22	0	78	-22	286.5	39.8986	-80.1656
USC00369367	WAYNESBURG	19980124	0	78	6	0	78	6	286.5	39.8986	-80.1656
USC00369367	WAYNESBURG	19980125	0	11	-17	0	11	-17	286.5	39.8986	-80.1656
USC00369367	WAYNESBURG	19980126	0	11	-44	0	11	-44	286.5	39.8986	-80.1656
USC00369367	WAYNESBURG	19980127	0	72	-39	0	72	-39	286.5	39.8986	-80.1656
USC00369367	WAYNESBURG	19980128	0	56	-17	0	56	-17	286.5	39.8986	-80.1656
USC00369367	WAYNESBURG	19980129	0	61	-11	0	61	-11	286.5	39.8986	-80.1656
USC00369367	WAYNESBURG	19980130	0	122	-33	0	122	-33	286.5	39.8986	-80.1656
USC00369367	WAYNESBURG	19980131	0	17	-39	0	17	-39	286.5	39.8986	-80.1656
USC00369367	WAYNESBURG	19990101	0	-33	-106	0	-33	-106	286.5	39.8986	-80.1656
USC00369367	WAYNESBURG	19990102	0	-56	-122	0	-56	-122	286.5	39.8986	-80.1656
USC00369367	WAYNESBURG	19990103	102	28	-100	102	28	-100	286.5	39.8986	-80.1656
USC00369367	WAYNESBURG	19990104	76	39	-94	76	39	-94	286.5	39.8986	-80.1656
USC00369367	WAYNESBURG	19990105	76	-89	-167	76	-89	-167	286.5	39.8986	-80.1656
USC00369367	WAYNESBURG	19990106	76	-78	-206	76	-78	-206	286.5	39.8986	-80.1656
USC00369367	WAYNESBURG	19990107	152	0	-100	152	0	-100	286.5	39.8986	-80.1656
USC00369367	WAYNESBURG	19990108	203	-44	-100	203	-44	-100	286.5	39.8986	-80.1656
USC00369367	WAYNESBURG	19990109	51	78	-78	51	78	-78	286.5	39.8986	-80.1656
USC00369367	WAYNESBURG	19990110	76	-17	-150	76	-17	-150	286.5	39.8986	-80.1656
USC00369367	WAYNESBURG	19990111	76	-50	-156	76	-50	-156	286.5	39.8986	-80.1656
USC00369367	WAYNESBURG	19990112	51	67	-133	51	67	-133	286.5	39.8986	-80.1656
USC00369367	WAYNESBURG	19990113	0	83	-6	0	83	-6	286.5	39.8986	-80.1656
USC00369367	WAYNESBURG	19990114	0	89	-61	0	89	-61	286.5	39.8986	-80.1656
USC00369367	WAYNESBURG	19990115	51	6	-117	51	6	-117	286.5	39.8986	-80.1656
USC00369367	WAYNESBURG	19990116	51	-6	-117	51	-6	-117	286.5	39.8986	-80.1656
USC00369367	WAYNESBURG	19990117	0	89	-39	0	89	-39	286.5	39.8986	-80.1656
USC00369367	WAYNESBURG	19990118	0	144	-39	0	144	-39	286.5	39.8986	-80.1656
USC00369367	WAYNESBURG	19990119	0	128	-39	0	128	-39	286.5	39.8986	-80.1656
USC00369367	WAYNESBURG	19990120	0	72	6	0	72	6	286.5	39.8986	-80.1656
USC00369367	WAYNESBURG	19990121	0	72	-17	0	72	-17	286.5	39.8986	-80.1656
USC00369367	WAYNESBURG	19990122	0	67	-6	0	67	-6	286.5	39.8986	-80.1656
USC00369367	WAYNESBURG	19990123	0	233	44	0	233	44	286.5	39.8986	-80.1656
USC00369367	WAYNESBURG	19990124	0	239	67	0	239	67	286.5	39.8986	-80.1656
USC00369367	WAYNESBURG	19990125	0	72	17	0	72	17	286.5	39.8986	-80.1656
USC00369367	WAYNESBURG	19990126	0	33	11	0	33	11	286.5	39.8986	-80.1656
USC00369367	WAYNESBURG	19990127	0	78	-44	0	78	-44	286.5	39.8986	-80.1656
USC00369367	WAYNESBURG	19990128	0	178	-39	0	178	-39	286.5	39.8986	-80.1656
USC00369367	WAYNESBURG	19990129	0	133	11	0	133	11	286.5	39.8986	-80.1656
USC00369367	WAYNESBURG	19990130	0	50	-72	0	50	-72	286.5	39.8986	-80.1656
USC00369367	WAYNESBURG	19990131	0	67	-72	0	67	-72	286.5	39.8986	-80.1656
USC00369367	WAYNESBURG	20000101	0	100	-78	0	100	-78	286.5	39.8986	-80.1656
USC00369367	WAYNESBURG	20000102	0	144	-72	0	144	-72	286.5	39.8986	-80.1656
USC00369367	WAYNESBURG	20000103	0	217	39	0	217	39	286.5	39.8986	-80.1656
USC00369367	WAYNESBURG	20000104	0	200	100	0	200	100	286.5	39.8986	-80.1656
USC00369367	WAYNESBURG	20000105	0	172	-6	0	172	-6	286.5	39.8986	-80.1656
USC00369367	WAYNESBURG	20000106	0	11	-78	0	11	-78	286.5	39.8986	-80.1656
USC00369367	WAYNESBURG	20000107	0	78	-78	0	78	-78	286.5	39.8986	-80.1656
USC00369367	WAYNESBURG	20000108	0	67	-89	0	67	-89	286.5	39.8986	-80.1656
USC00369367	WAYNESBURG	20000109	0	44	-89	0	44	-89	286.5	39.8986	-80.1656
USC00369367	WAYNESBURG	20000110	0	117	11	0	117	11	286.5	39.8986	-80.1656
USC00369367	WAYNESBURG	20000111	0	150	39	0	150	39	286.5	39.8986	-80.1656
USC00369367	WAYNESBURG	20000112	0	78	-39	0	78	-39	286.5	39.8986	-80.1656
USC00369367	WAYNESBURG	20000113	0	106	-33	0	106	-33	286.5	39.8986	-80.1656
USC00369367	WAYNESBURG	20000114	0	94	-94	0	94	-94	286.5	39.8986	-80.1656
USC00369367	WAYNESBURG	20000115	0	-33	-106	0	-33	-106	286.5	39.8986	-80.1656
USC00369367	WAYNESBURG	20000116	0	100	-94	0	100	-94	286.5	39.8986	-80.1656
USC00369367	WAYNESBURG	20000117	0	111	-122	0	111	-122	286.5	39.8986	-80.1656
USC00369367	WAYNESBURG	20000118	0	-50	-128	0	-50	-128	286.5	39.8986	-80.1656
USC00369367	WAYNESBURG	20000119	25	-33	-78	25	-33	-78	286.5	39.8986	-80.1656
USC00369367	WAYNESBURG	20000120	76	6	-33	76	6	-33	286.5	39.8986	-80.1656
USC00369367	WAYNESBURG	20000121	76	-22	-144	76	-22	-144	286.5	39.8986	-80.1656
USC00369367	WAYNESBURG	20000122	76	-94	-200	76	-94	-200	286.5	39.8986	-80.1656
USC00369367	WAYNESBURG	20000123	102	-72	-206	102	-72	-206	286.5	39.8986	-80.1656
USC00369367	WAYNESBURG	20000124	102	11	-72	102	11	-72	286.5	39.8986	-80.1656
USC00369367	WAYNESBURG	20000125	51	-17	-106	51	-17	-106	286.5	39.8986	-80.1656
USC00369367	WAYNESBURG	20000126	51	-50	-111	51	-50	-111	286.5	39.8986	-80.1656
USC00369367	WAYNESBURG	20000127	102	-39	-133	102	-39	-133	286.5	39.8986	-80.1656
USC00369367	WAYNESBURG	20000128	76	-78	-183	76	-78	-183	286.5	39.8986	-80.1656
USC00369367	WAYNESBURG	20000129	76	-56	-189	76	-56	-189	286.5	39.8986	-80.1656
USC00369367	WAYNESBURG	20000130	76	17	-189	76	17	-189	286.5	39.8986	-80.1656
USC00369367	WAYNESBURG	20000131	102	17	-56	102	17	-56	286.5	39.8986	-80.1656
USC00369367	WAYNESBURG	20010101	51	-33	-67	51	-33	-67	286.5	39.8986	-80.1656
USC00369367	WAYNESBURG	20010102	51	-39	-133	51	-39	-133	286.5	39.8986	-80.1656
USC00369367	WAYNESBURG	20010103	51	-33	-167	51	-33	-167	286.5	39.8986	-80.1656
USC00369367	WAYNESBURG	20010104	51	-39	-50	51	-39	-50	286.5	39.8986	-80.1656
USC00369367	WAYNESBURG	20010105	51	-6	-50	51	-6	-50	286.5	39.8986	-80.1656
USC00369367	WAYNESBURG	20010106	76	22	-11	76	22	-11	286.5	39.8986	-80.1656
USC00369367	WAYNESBURG	20010107	51	33	-72	51	33	-72	286.5	39.8986	-80.1656
USC00369367	WAYNESBURG	20010108	51	89	-67	51	89	-67	286.5	39.8986	-80.1656
USC00369367	WAYNESBURG	20010109	51	6	-89	51	6	-89	286.5	39.8986	-80.1656
USC00369367	WAYNESBURG	20010110	25	-44	-94	25	-44	-94	286.5	39.8986	-80.1656
USC00369367	WAYNESBURG	20010111	25	33	-94	25	33	-94	286.5	39.8986	-80.1656
USC00369367	WAYNESBURG	20010112	0	78	-89	0	78	-89	286.5	39.8986	-80.1656
USC00369367	WAYNESBURG	20010113	0	83	-78	0	83	-78	286.5	39.8986	-80.1656
USC00369367	WAYNESBURG	20010114	0	106	-72	0	106	-72	286.5	39.8986	-80.1656
USC00369367	WAYNESBURG	20010115	0	89	-44	0	89	-44	286.5	39.8986	-80.1656
USC00369367	WAYNESBURG	20010116	0	94	-11	0	94	-11	286.5	39.8986	-80.1656
USC00369367	WAYNESBURG	20010117	0	17	0	0	17	0	286.5	39.8986	-80.1656
USC00369367	WAYNESBURG	20010118	0	17	-17	0	17	-17	286.5	39.8986	-80.1656
USC00369367	WAYNESBURG	20010119	0	33	-11	0	33	-11	286.5	39.8986	-80.1656
USC00369367	WAYNESBURG	20010120	51	17	-33	51	17	-33	286.5	39.8986	-80.1656
USC00369367	WAYNESBURG	20010121	152	-17	-100	152	-17	-100	286.5	39.8986	-80.1656
USC00369367	WAYNESBURG	20010122	152	-39	-122	152	-39	-122	286.5	39.8986	-80.1656
USC00369367	WAYNESBURG	20010123	127	6	-150	127	6	-150	286.5	39.8986	-80.1656
USC00369367	WAYNESBURG	20010124	102	44	-150	102	44	-150	286.5	39.8986	-80.1656
USC00369367	WAYNESBURG	20010125	76	39	-67	76	39	-67	286.5	39.8986	-80.1656
USC00369367	WAYNESBURG	20010126	76	39	-150	76	39	-150	286.5	39.8986	-80.1656
USC00369367	WAYNESBURG	20010127	51	39	-33	51	39	-33	286.5	39.8986	-80.1656
USC00369367	WAYNESBURG	20010128	51	0	-106	51	0	-106	286.5	39.8986	-80.1656
USC00369367	WAYNESBURG	20010129	51	17	-111	51	17	-111	286.5	39.8986	-80.1656
USC00369367	WAYNESBURG	20010130	0	100	-67	0	100	-67	286.5	39.8986	-80.1656
USC00369367	WAYNESBURG	20010131	0	100	17	0	100	17	286.5	39.8986	-80.1656
USC00369367	WAYNESBURG	20020101	25	-56	-128	25	-56	-128	286.5	39.8986	-80.1656
USC00369367	WAYNESBURG	20020102	25	-39	-144	25	-39	-144	286.5	39.8986	-80.1656
USC00369367	WAYNESBURG	20020103	0	-11	-128	0	-11	-128	286.5	39.8986	-80.1656
USC00369367	WAYNESBURG	20020104	0	6	-122	0	6	-122	286.5	39.8986	-80.1656
USC00369367	WAYNESBURG	20020105	0	11	-61	0	11	-61	286.5	39.8986	-80.1656
USC00369367	WAYNESBURG	20020106	0	50	-44	0	50	-44	286.5	39.8986	-80.1656
USC00369367	WAYNESBURG	20020107	178	11	-6	178	11	-6	286.5	39.8986	-80.1656
USC00369367	WAYNESBURG	20020108	152	6	-61	152	6	-61	286.5	39.8986	-80.1656
USC00369367	WAYNESBURG	20020109	102	17	-56	102	17	-56	286.5	39.8986	-80.1656
USC00369367	WAYNESBURG	20020110	25	78	11	25	78	11	286.5	39.8986	-80.1656
USC00369367	WAYNESBURG	20020111	0	100	33	0	100	33	286.5	39.8986	-80.1656
USC00369367	WAYNESBURG	20020112	0	44	-39	0	44	-39	286.5	39.8986	-80.1656
USC00369367	WAYNESBURG	20020113	0	83	-44	0	83	-44	286.5	39.8986	-80.1656
USC00369367	WAYNESBURG	20020114	0	56	-50	0	56	-50	286.5	39.8986	-80.1656
USC00369367	WAYNESBURG	20020115	0	117	-28	0	117	-28	286.5	39.8986	-80.1656
USC00369367	WAYNESBURG	20020116	0	39	-6	0	39	-6	286.5	39.8986	-80.1656
USC00369367	WAYNESBURG	20020117	0	56	-6	0	56	-6	286.5	39.8986	-80.1656
USC00369367	WAYNESBURG	20020118	0	56	-39	0	56	-39	286.5	39.8986	-80.1656
USC00369367	WAYNESBURG	20020119	0	28	-67	0	28	-67	286.5	39.8986	-80.1656
USC00369367	WAYNESBURG	20020120	51	-6	-117	51	-6	-117	286.5	39.8986	-80.1656
USC00369367	WAYNESBURG	20020121	51	11	-111	51	11	-111	286.5	39.8986	-80.1656
USC00369367	WAYNESBURG	20020122	0	44	-50	0	44	-50	286.5	39.8986	-80.1656
USC00369367	WAYNESBURG	20020123	0	111	-50	0	111	-50	286.5	39.8986	-80.1656
USC00369367	WAYNESBURG	20020124	0	133	78	0	133	78	286.5	39.8986	-80.1656
USC00369367	WAYNESBURG	20020125	0	128	-28	0	128	-28	286.5	39.8986	-80.1656
USC00369367	WAYNESBURG	20020126	0	78	-56	0	78	-56	286.5	39.8986	-80.1656
USC00369367	WAYNESBURG	20020127	0	111	-50	0	111	-50	286.5	39.8986	-80.1656
USC00369367	WAYNESBURG	20020128	0	161	-44	0	161	-44	286.5	39.8986	-80.1656
USC00369367	WAYNESBURG	20020129	0	183	-28	0	183	-28	286.5	39.8986	-80.1656
USC00369367	WAYNESBURG	20020130	0	183	106	0	183	106	286.5	39.8986	-80.1656
USC00369367	WAYNESBURG	20020131	0	117	61	0	117	61	286.5	39.8986	-80.1656
USC00369367	WAYNESBURG	20030101	0	161	67	0	161	67	286.5	39.8986	-80.1656
USC00369367	WAYNESBURG	20030102	0	89	6	0	89	6	286.5	39.8986	-80.1656
USC00369367	WAYNESBURG	20030103	0	44	11	0	44	11	286.5	39.8986	-80.1656
USC00369367	WAYNESBURG	20030104	0	39	-39	0	39	-39	286.5	39.8986	-80.1656
USC00369367	WAYNESBURG	20030105	0	-17	-33	0	-17	-33	286.5	39.8986	-80.1656
USC00369367	WAYNESBURG	20030106	51	-6	-28	51	-6	-28	286.5	39.8986	-80.1656
USC00369367	WAYNESBURG	20030107	76	-6	-117	76	-6	-117	286.5	39.8986	-80.1656
USC00369367	WAYNESBURG	20030108	51	28	-122	51	28	-122	286.5	39.8986	-80.1656
USC00369367	WAYNESBURG	20030109	0	89	28	0	89	28	286.5	39.8986	-80.1656
USC00369367	WAYNESBURG	20030110	0	111	0	0	111	0	286.5	39.8986	-80.1656
USC00369367	WAYNESBURG	20030111	51	0	-89	51	0	-89	286.5	39.8986	-80.1656
USC00369367	WAYNESBURG	20030112	25	-33	-111	25	-33	-111	286.5	39.8986	-80.1656
USC00369367	WAYNESBURG	20030113	0	-28	-89	0	-28	-89	286.5	39.8986	-80.1656
USC00369367	WAYNESBURG	20030114	0	0	-100	0	0	-100	286.5	39.8986	-80.1656
USC00369367	WAYNESBURG	20030115	0	-44	-94	0	-44	-94	286.5	39.8986	-80.1656
USC00369367	WAYNESBURG	20030116	0	-72	-161	0	-72	-161	286.5	39.8986	-80.1656
USC00369367	WAYNESBURG	20030117	76	-50	-150	76	-50	-150	286.5	39.8986	-80.1656
USC00369367	WAYNESBURG	20030118	51	-44	-228	51	-44	-228	286.5	39.8986	-80.1656
USC00369367	WAYNESBURG	20030119	51	-56	-228	51	-56	-228	286.5	39.8986	-80.1656
USC00369367	WAYNESBURG	20030120	102	-17	-83	102	-17	-83	286.5	39.8986	-80.1656
USC00369367	WAYNESBURG	20030121	102	-33	-83	102	-33	-83	286.5	39.8986	-80.1656
USC00369367	WAYNESBURG	20030122	76	-61	-217	76	-61	-217	286.5	39.8986	-80.1656
USC00369367	WAYNESBURG	20030123	76	-83	-200	76	-83	-200	286.5	39.8986	-80.1656
USC00369367	WAYNESBURG	20030124	102	-94	-200	102	-94	-200	286.5	39.8986	-80.1656
USC00369367	WAYNESBURG	20030125	102	-72	-106	102	-72	-106	286.5	39.8986	-80.1656
USC00369367	WAYNESBURG	20030126	102	-33	-111	102	-33	-111	286.5	39.8986	-80.1656
USC00369367	WAYNESBURG	20030127	127	-33	-222	127	-33	-222	286.5	39.8986	-80.1656
USC00369367	WAYNESBURG	20030128	127	-61	-228	127	-61	-228	286.5	39.8986	-80.1656
USC00369367	WAYNESBURG	20030129	127	22	-61	127	22	-61	286.5	39.8986	-80.1656
USC00369367	WAYNESBURG	20030130	102	11	-44	102	11	-44	286.5	39.8986	-80.1656
USC00369367	WAYNESBURG	20030131	76	33	-67	76	33	-67	286.5	39.8986	-80.1656
USC00369367	WAYNESBURG	20040101	0	111	-56	0	111	-56	286.5	39.8986	-80.1656
USC00369367	WAYNESBURG	20040102	0	106	-50	0	106	-50	286.5	39.8986	-80.1656
USC00369367	WAYNESBURG	20040103	0	161	78	0	161	78	286.5	39.8986	-80.1656
USC00369367	WAYNESBURG	20040104	0	189	56	0	189	56	286.5	39.8986	-80.1656
USC00369367	WAYNESBURG	20040105	0	100	44	0	100	44	286.5	39.8986	-80.1656
USC00369367	WAYNESBURG	20040106	0	100	-22	0	100	-22	286.5	39.8986	-80.1656
USC00369367	WAYNESBURG	20040107	0	-17	-106	0	-17	-106	286.5	39.8986	-80.1656
USC00369367	WAYNESBURG	20040108	0	-56	-100	0	-56	-100	286.5	39.8986	-80.1656
USC00369367	WAYNESBURG	20040109	25	-22	-78	25	-22	-78	286.5	39.8986	-80.1656
USC00369367	WAYNESBURG	20040110	25	-28	-156	25	-28	-156	286.5	39.8986	-80.1656
USC00369367	WAYNESBURG	20040111	25	-28	-156	25	-28	-156	286.5	39.8986	-80.1656
USC00369367	WAYNESBURG	20040112	0	44	-100	0	44	-100	286.5	39.8986	-80.1656
USC00369367	WAYNESBURG	20040113	0	39	11	0	39	11	286.5	39.8986	-80.1656
USC00369367	WAYNESBURG	20040114	0	17	-56	0	17	-56	286.5	39.8986	-80.1656
USC00369367	WAYNESBURG	20040115	0	39	-50	0	39	-50	286.5	39.8986	-80.1656
USC00369367	WAYNESBURG	20040116	0	-33	-144	0	-33	-144	286.5	39.8986	-80.1656
USC00369367	WAYNESBURG	20040117	0	-56	-144	0	-56	-144	286.5	39.8986	-80.1656
USC00369367	WAYNESBURG	20040118	0	28	-111	0	28	-111	286.5	39.8986	-80.1656
USC00369367	WAYNESBURG	20040119	0	17	-100	0	17	-100	286.5	39.8986	-80.1656
USC00369367	WAYNESBURG	20040120	0	22	-100	0	22	-100	286.5	39.8986	-80.1656
USC00369367	WAYNESBURG	20040121	0	-56	-167	0	-56	-167	286.5	39.8986	-80.1656
USC00369367	WAYNESBURG	20040122	0	-6	-161	0	-6	-161	286.5	39.8986	-80.1656
USC00369367	WAYNESBURG	20040123	0	17	-144	0	17	-144	286.5	39.8986	-80.1656
USC00369367	WAYNESBURG	20040124	51	-67	-144	51	-67	-144	286.5	39.8986	-80.1656
USC00369367	WAYNESBURG	20040125	51	-56	-200	51	-56	-200	286.5	39.8986	-80.1656
USC00369367	WAYNESBURG	20040126	76	-61	-189	76	-61	-189	286.5	39.8986	-80.1656
USC00369367	WAYNESBURG	20040127	76	6	-67	76	6	-67	286.5	39.8986	-80.1656
USC00369367	WAYNESBURG	20040128	76	33	-89	76	33	-89	286.5	39.8986	-80.1656
USC00369367	WAYNESBURG	20040129	76	-44	-89	76	-44	-89	286.5	39.8986	-80.1656
USC00369367	WAYNESBURG	20040130	127	-28	-117	127	-28	-117	286.5	39.8986	-80.1656
USC00369367	WAYNESBURG	20040131	127	-89	-172	127	-89	-172	286.5	39.8986	-80.1656
USC00369367	WAYNESBURG	20050101	0	144	94	0	144	94	286.5	39.8986	-80.1656
USC00369367	WAYNESBURG	20050102	0	167	56	0	167	56	286.5	39.8986	-80.1656
USC00369367	WAYNESBURG	20050103	0	178	61	0	178	61	286.5	39.8986	-80.1656
USC00369367	WAYNESBURG	20050104	0	139	83	0	139	83	286.5	39.8986	-80.1656
USC00369367	WAYNESBURG	20050105	0	89	61	0	89	61	286.5	39.8986	-80.1656
USC00369367	WAYNESBURG	20050106	0	72	39	0	72	39	286.5	39.8986	-80.1656
USC00369367	WAYNESBURG	20050107	0	117	-6	0	117	-6	286.5	39.8986	-80.1656
USC00369367	WAYNESBURG	20050108	0	56	-6	0	56	-6	286.5	39.8986	-80.1656
USC00369367	WAYNESBURG	20050109	0	100	-17	0	100	-17	286.5	39.8986	-80.1656
USC00369367	WAYNESBURG	20050110	0	83	-11	0	83	-11	286.5	39.8986	-80.1656
USC00369367	WAYNESBURG	20050111	0	78	-11	0	78	-11	286.5	39.8986	-80.1656
USC00369367	WAYNESBURG	20050112	0	144	22	0	144	22	286.5	39.8986	-80.1656
USC00369367	WAYNESBURG	20050113	0	178	89	0	178	89	286.5	39.8986	-80.1656
USC00369367	WAYNESBURG	20050114	0	222	11	0	222	11	286.5	39.8986	-80.1656
USC00369367	WAYNESBURG	20050115	0	22	-72	0	22	-72	286.5	39.8986	-80.1656
USC00369367	WAYNESBURG	20050116	0	11	-72	0	11	-72	286.5	39.8986	-80.1656
USC00369367	WAYNESBURG	20050117	51	-28	-128	51	-28	-128	286.5	39.8986	-80.1656
USC00369367	WAYNESBURG	20050118	51	-83	-206	51	-83	-206	286.5	39.8986	-80.1656
USC00369367	WAYNESBURG	20050119	51	-61	-200	51	-61	-200	286.5	39.8986	-80.1656
USC00369367	WAYNESBURG	20050120	51	-6	-67	51	-6	-67	286.5	39.8986	-80.1656
USC00369367	WAYNESBURG	20050121	25	-28	-111	25	-28	-111	286.5	39.8986	-80.1656
USC00369367	WAYNESBURG	20050122	25	-67	-144	25	-67	-144	286.5	39.8986	-80.1656
USC00369367	WAYNESBURG	20050123	51	22	-150	51	22	-150	286.5	39.8986	-80.1656
USC00369367	WAYNESBURG	20050124	51	-72	-194	51	-72	-194	286.5	39.8986	-80.1656
USC00369367	WAYNESBURG	20050125	51	-39	-161	51	-39	-161	286.5	39.8986	-80.1656
USC00369367	WAYNESBURG	20050126	25	61	-39	25	61	-39	286.5	39.8986	-80.1656
USC00369367	WAYNESBURG	20050127	0	50	-133	0	50	-133	286.5	39.8986	-80.1656
USC00369367	WAYNESBURG	20050128	0	-56	-167	0	-56	-167	286.5	39.8986	-80.1656
USC00369367	WAYNESBURG	20050129	0	-11	-161	0	-11	-161	286.5	39.8986	-80.1656
USC00369367	WAYNESBURG	20050130	51	28	-100	51	28	-100	286.5	39.8986	-80.1656
USC00369367	WAYNESBURG	20050131	25	39	-122	25	39	-122	286.5	39.8986	-80.1656
