STATION	NAME	DATE	SNWD	TMAX	TMIN	SNWD2	TMAX2	TMIN2	ELEV	LAT	LONG
USC00369714	WILLIAMSBURG	19950101	0	9999	9999	0	NA	NA	257.6	40.4667	-78.2
USC00369714	WILLIAMSBURG	19950102	0	9999	9999	0	NA	NA	257.6	40.4667	-78.2
USC00369714	WILLIAMSBURG	19950103	0	9999	9999	0	NA	NA	257.6	40.4667	-78.2
USC00369714	WILLIAMSBURG	19950104	0	9999	9999	0	NA	NA	257.6	40.4667	-78.2
USC00369714	WILLIAMSBURG	19950105	0	9999	9999	0	NA	NA	257.6	40.4667	-78.2
USC00369714	WILLIAMSBURG	19950106	0	9999	9999	0	NA	NA	257.6	40.4667	-78.2
USC00369714	WILLIAMSBURG	19950107	0	9999	9999	0	NA	NA	257.6	40.4667	-78.2
USC00369714	WILLIAMSBURG	19950108	0	9999	9999	0	NA	NA	257.6	40.4667	-78.2
USC00369714	WILLIAMSBURG	19950109	0	9999	9999	0	NA	NA	257.6	40.4667	-78.2
USC00369714	WILLIAMSBURG	19950110	0	9999	9999	0	NA	NA	257.6	40.4667	-78.2
USC00369714	WILLIAMSBURG	19950111	0	9999	9999	0	NA	NA	257.6	40.4667	-78.2
USC00369714	WILLIAMSBURG	19950112	0	9999	9999	0	NA	NA	257.6	40.4667	-78.2
USC00369714	WILLIAMSBURG	19950113	0	9999	9999	0	NA	NA	257.6	40.4667	-78.2
USC00369714	WILLIAMSBURG	19950114	0	9999	9999	0	NA	NA	257.6	40.4667	-78.2
USC00369714	WILLIAMSBURG	19950115	0	9999	9999	0	NA	NA	257.6	40.4667	-78.2
USC00369714	WILLIAMSBURG	19950116	0	9999	9999	0	NA	NA	257.6	40.4667	-78.2
USC00369714	WILLIAMSBURG	19950117	0	9999	9999	0	NA	NA	257.6	40.4667	-78.2
USC00369714	WILLIAMSBURG	19950118	0	9999	9999	0	NA	NA	257.6	40.4667	-78.2
USC00369714	WILLIAMSBURG	19950119	0	9999	9999	0	NA	NA	257.6	40.4667	-78.2
USC00369714	WILLIAMSBURG	19950120	0	9999	9999	0	NA	NA	257.6	40.4667	-78.2
USC00369714	WILLIAMSBURG	19950121	0	9999	9999	0	NA	NA	257.6	40.4667	-78.2
USC00369714	WILLIAMSBURG	19950122	0	9999	9999	0	NA	NA	257.6	40.4667	-78.2
USC00369714	WILLIAMSBURG	19950123	0	9999	9999	0	NA	NA	257.6	40.4667	-78.2
USC00369714	WILLIAMSBURG	19950124	0	9999	9999	0	NA	NA	257.6	40.4667	-78.2
USC00369714	WILLIAMSBURG	19950125	0	9999	9999	0	NA	NA	257.6	40.4667	-78.2
USC00369714	WILLIAMSBURG	19950126	0	9999	9999	0	NA	NA	257.6	40.4667	-78.2
USC00369714	WILLIAMSBURG	19950127	0	9999	9999	0	NA	NA	257.6	40.4667	-78.2
USC00369714	WILLIAMSBURG	19950128	0	9999	9999	0	NA	NA	257.6	40.4667	-78.2
USC00369714	WILLIAMSBURG	19950129	0	9999	9999	0	NA	NA	257.6	40.4667	-78.2
USC00369714	WILLIAMSBURG	19950130	0	9999	9999	0	NA	NA	257.6	40.4667	-78.2
USC00369714	WILLIAMSBURG	19950131	0	9999	9999	0	NA	NA	257.6	40.4667	-78.2
USC00369714	WILLIAMSBURG	19960101	51	9999	9999	51	NA	NA	257.6	40.4667	-78.2
USC00369714	WILLIAMSBURG	19960102	25	9999	9999	25	NA	NA	257.6	40.4667	-78.2
USC00369714	WILLIAMSBURG	19960103	127	9999	9999	127	NA	NA	257.6	40.4667	-78.2
USC00369714	WILLIAMSBURG	19960104	127	9999	9999	127	NA	NA	257.6	40.4667	-78.2
USC00369714	WILLIAMSBURG	19960105	127	9999	9999	127	NA	NA	257.6	40.4667	-78.2
USC00369714	WILLIAMSBURG	19960106	127	9999	9999	127	NA	NA	257.6	40.4667	-78.2
USC00369714	WILLIAMSBURG	19960107	178	9999	9999	178	NA	NA	257.6	40.4667	-78.2
USC00369714	WILLIAMSBURG	19960108	508	9999	9999	508	NA	NA	257.6	40.4667	-78.2
USC00369714	WILLIAMSBURG	19960109	508	9999	9999	508	NA	NA	257.6	40.4667	-78.2
USC00369714	WILLIAMSBURG	19960110	508	9999	9999	508	NA	NA	257.6	40.4667	-78.2
USC00369714	WILLIAMSBURG	19960111	483	9999	9999	483	NA	NA	257.6	40.4667	-78.2
USC00369714	WILLIAMSBURG	19960112	432	9999	9999	432	NA	NA	257.6	40.4667	-78.2
USC00369714	WILLIAMSBURG	19960113	483	9999	9999	483	NA	NA	257.6	40.4667	-78.2
USC00369714	WILLIAMSBURG	19960114	432	9999	9999	432	NA	NA	257.6	40.4667	-78.2
USC00369714	WILLIAMSBURG	19960115	330	9999	9999	330	NA	NA	257.6	40.4667	-78.2
USC00369714	WILLIAMSBURG	19960116	279	9999	9999	279	NA	NA	257.6	40.4667	-78.2
USC00369714	WILLIAMSBURG	19960117	279	9999	9999	279	NA	NA	257.6	40.4667	-78.2
USC00369714	WILLIAMSBURG	19960118	254	9999	9999	254	NA	NA	257.6	40.4667	-78.2
USC00369714	WILLIAMSBURG	19960119	152	9999	9999	152	NA	NA	257.6	40.4667	-78.2
USC00369714	WILLIAMSBURG	19960120	51	9999	9999	51	NA	NA	257.6	40.4667	-78.2
USC00369714	WILLIAMSBURG	19960121	25	9999	9999	25	NA	NA	257.6	40.4667	-78.2
USC00369714	WILLIAMSBURG	19960122	25	9999	9999	25	NA	NA	257.6	40.4667	-78.2
USC00369714	WILLIAMSBURG	19960123	25	9999	9999	25	NA	NA	257.6	40.4667	-78.2
USC00369714	WILLIAMSBURG	19960124	25	9999	9999	25	NA	NA	257.6	40.4667	-78.2
USC00369714	WILLIAMSBURG	19960125	25	9999	9999	25	NA	NA	257.6	40.4667	-78.2
USC00369714	WILLIAMSBURG	19960126	25	9999	9999	25	NA	NA	257.6	40.4667	-78.2
USC00369714	WILLIAMSBURG	19960127	0	9999	9999	0	NA	NA	257.6	40.4667	-78.2
USC00369714	WILLIAMSBURG	19960128	0	9999	9999	0	NA	NA	257.6	40.4667	-78.2
USC00369714	WILLIAMSBURG	19960129	0	9999	9999	0	NA	NA	257.6	40.4667	-78.2
USC00369714	WILLIAMSBURG	19960130	0	9999	9999	0	NA	NA	257.6	40.4667	-78.2
USC00369714	WILLIAMSBURG	19960131	51	9999	9999	51	NA	NA	257.6	40.4667	-78.2
USC00369714	WILLIAMSBURG	19970101	0	9999	9999	0	NA	NA	257.6	40.4667	-78.2
USC00369714	WILLIAMSBURG	19970102	0	9999	9999	0	NA	NA	257.6	40.4667	-78.2
USC00369714	WILLIAMSBURG	19970103	0	9999	9999	0	NA	NA	257.6	40.4667	-78.2
USC00369714	WILLIAMSBURG	19970104	0	9999	9999	0	NA	NA	257.6	40.4667	-78.2
USC00369714	WILLIAMSBURG	19970105	0	9999	9999	0	NA	NA	257.6	40.4667	-78.2
USC00369714	WILLIAMSBURG	19970106	0	9999	9999	0	NA	NA	257.6	40.4667	-78.2
USC00369714	WILLIAMSBURG	19970107	0	9999	9999	0	NA	NA	257.6	40.4667	-78.2
USC00369714	WILLIAMSBURG	19970108	0	9999	9999	0	NA	NA	257.6	40.4667	-78.2
USC00369714	WILLIAMSBURG	19970109	0	9999	9999	0	NA	NA	257.6	40.4667	-78.2
USC00369714	WILLIAMSBURG	19970110	102	9999	9999	102	NA	NA	257.6	40.4667	-78.2
USC00369714	WILLIAMSBURG	19970111	102	9999	9999	102	NA	NA	257.6	40.4667	-78.2
USC00369714	WILLIAMSBURG	19970112	102	9999	9999	102	NA	NA	257.6	40.4667	-78.2
USC00369714	WILLIAMSBURG	19970113	76	9999	9999	76	NA	NA	257.6	40.4667	-78.2
USC00369714	WILLIAMSBURG	19970114	76	9999	9999	76	NA	NA	257.6	40.4667	-78.2
USC00369714	WILLIAMSBURG	19970115	51	9999	9999	51	NA	NA	257.6	40.4667	-78.2
USC00369714	WILLIAMSBURG	19970116	51	9999	9999	51	NA	NA	257.6	40.4667	-78.2
USC00369714	WILLIAMSBURG	19970117	25	9999	9999	25	NA	NA	257.6	40.4667	-78.2
USC00369714	WILLIAMSBURG	19970118	25	9999	9999	25	NA	NA	257.6	40.4667	-78.2
USC00369714	WILLIAMSBURG	19970119	25	9999	9999	25	NA	NA	257.6	40.4667	-78.2
USC00369714	WILLIAMSBURG	19970120	25	9999	9999	25	NA	NA	257.6	40.4667	-78.2
USC00369714	WILLIAMSBURG	19970121	25	9999	9999	25	NA	NA	257.6	40.4667	-78.2
USC00369714	WILLIAMSBURG	19970122	25	9999	9999	25	NA	NA	257.6	40.4667	-78.2
USC00369714	WILLIAMSBURG	19970123	0	9999	9999	0	NA	NA	257.6	40.4667	-78.2
USC00369714	WILLIAMSBURG	19970124	0	9999	9999	0	NA	NA	257.6	40.4667	-78.2
USC00369714	WILLIAMSBURG	19970125	127	9999	9999	127	NA	NA	257.6	40.4667	-78.2
USC00369714	WILLIAMSBURG	19970126	102	9999	9999	102	NA	NA	257.6	40.4667	-78.2
USC00369714	WILLIAMSBURG	19970127	76	9999	9999	76	NA	NA	257.6	40.4667	-78.2
USC00369714	WILLIAMSBURG	19970128	102	9999	9999	102	NA	NA	257.6	40.4667	-78.2
USC00369714	WILLIAMSBURG	19970129	76	9999	9999	76	NA	NA	257.6	40.4667	-78.2
USC00369714	WILLIAMSBURG	19970130	76	9999	9999	76	NA	NA	257.6	40.4667	-78.2
USC00369714	WILLIAMSBURG	19970131	76	9999	9999	76	NA	NA	257.6	40.4667	-78.2
USC00369714	WILLIAMSBURG	19980101	102	9999	9999	102	NA	NA	257.6	40.4667	-78.2
USC00369714	WILLIAMSBURG	19980102	51	9999	9999	51	NA	NA	257.6	40.4667	-78.2
USC00369714	WILLIAMSBURG	19980103	0	9999	9999	0	NA	NA	257.6	40.4667	-78.2
USC00369714	WILLIAMSBURG	19980104	0	9999	9999	0	NA	NA	257.6	40.4667	-78.2
USC00369714	WILLIAMSBURG	19980105	0	9999	9999	0	NA	NA	257.6	40.4667	-78.2
USC00369714	WILLIAMSBURG	19980106	0	9999	9999	0	NA	NA	257.6	40.4667	-78.2
USC00369714	WILLIAMSBURG	19980107	0	9999	9999	0	NA	NA	257.6	40.4667	-78.2
USC00369714	WILLIAMSBURG	19980108	0	9999	9999	0	NA	NA	257.6	40.4667	-78.2
USC00369714	WILLIAMSBURG	19980109	0	9999	9999	0	NA	NA	257.6	40.4667	-78.2
USC00369714	WILLIAMSBURG	19980110	0	9999	9999	0	NA	NA	257.6	40.4667	-78.2
USC00369714	WILLIAMSBURG	19980111	0	9999	9999	0	NA	NA	257.6	40.4667	-78.2
USC00369714	WILLIAMSBURG	19980112	0	9999	9999	0	NA	NA	257.6	40.4667	-78.2
USC00369714	WILLIAMSBURG	19980113	0	9999	9999	0	NA	NA	257.6	40.4667	-78.2
USC00369714	WILLIAMSBURG	19980114	0	9999	9999	0	NA	NA	257.6	40.4667	-78.2
USC00369714	WILLIAMSBURG	19980115	0	9999	9999	0	NA	NA	257.6	40.4667	-78.2
USC00369714	WILLIAMSBURG	19980116	0	9999	9999	0	NA	NA	257.6	40.4667	-78.2
USC00369714	WILLIAMSBURG	19980117	0	9999	9999	0	NA	NA	257.6	40.4667	-78.2
USC00369714	WILLIAMSBURG	19980118	0	9999	9999	0	NA	NA	257.6	40.4667	-78.2
USC00369714	WILLIAMSBURG	19980119	0	9999	9999	0	NA	NA	257.6	40.4667	-78.2
USC00369714	WILLIAMSBURG	19980120	0	9999	9999	0	NA	NA	257.6	40.4667	-78.2
USC00369714	WILLIAMSBURG	19980121	0	9999	9999	0	NA	NA	257.6	40.4667	-78.2
USC00369714	WILLIAMSBURG	19980122	0	9999	9999	0	NA	NA	257.6	40.4667	-78.2
USC00369714	WILLIAMSBURG	19980123	127	9999	9999	127	NA	NA	257.6	40.4667	-78.2
USC00369714	WILLIAMSBURG	19980124	51	9999	9999	51	NA	NA	257.6	40.4667	-78.2
USC00369714	WILLIAMSBURG	19980125	25	9999	9999	25	NA	NA	257.6	40.4667	-78.2
USC00369714	WILLIAMSBURG	19980126	25	9999	9999	25	NA	NA	257.6	40.4667	-78.2
USC00369714	WILLIAMSBURG	19980127	25	9999	9999	25	NA	NA	257.6	40.4667	-78.2
USC00369714	WILLIAMSBURG	19980128	51	9999	9999	51	NA	NA	257.6	40.4667	-78.2
USC00369714	WILLIAMSBURG	19980129	25	9999	9999	25	NA	NA	257.6	40.4667	-78.2
USC00369714	WILLIAMSBURG	19980130	0	9999	9999	0	NA	NA	257.6	40.4667	-78.2
USC00369714	WILLIAMSBURG	19980131	0	9999	9999	0	NA	NA	257.6	40.4667	-78.2
USC00369714	WILLIAMSBURG	19990101	0	9999	9999	0	NA	NA	257.6	40.4667	-78.2
USC00369714	WILLIAMSBURG	19990102	0	9999	9999	0	NA	NA	257.6	40.4667	-78.2
USC00369714	WILLIAMSBURG	19990103	51	9999	9999	51	NA	NA	257.6	40.4667	-78.2
USC00369714	WILLIAMSBURG	19990104	51	9999	9999	51	NA	NA	257.6	40.4667	-78.2
USC00369714	WILLIAMSBURG	19990105	51	9999	9999	51	NA	NA	257.6	40.4667	-78.2
USC00369714	WILLIAMSBURG	19990106	51	9999	9999	51	NA	NA	257.6	40.4667	-78.2
USC00369714	WILLIAMSBURG	19990107	76	9999	9999	76	NA	NA	257.6	40.4667	-78.2
USC00369714	WILLIAMSBURG	19990108	102	9999	9999	102	NA	NA	257.6	40.4667	-78.2
USC00369714	WILLIAMSBURG	19990109	152	9999	9999	152	NA	NA	257.6	40.4667	-78.2
USC00369714	WILLIAMSBURG	19990110	152	9999	9999	152	NA	NA	257.6	40.4667	-78.2
USC00369714	WILLIAMSBURG	19990111	127	9999	9999	127	NA	NA	257.6	40.4667	-78.2
USC00369714	WILLIAMSBURG	19990112	152	9999	9999	152	NA	NA	257.6	40.4667	-78.2
USC00369714	WILLIAMSBURG	19990113	102	9999	9999	102	NA	NA	257.6	40.4667	-78.2
USC00369714	WILLIAMSBURG	19990114	102	9999	9999	102	NA	NA	257.6	40.4667	-78.2
USC00369714	WILLIAMSBURG	19990115	178	9999	9999	178	NA	NA	257.6	40.4667	-78.2
USC00369714	WILLIAMSBURG	19990116	152	9999	9999	152	NA	NA	257.6	40.4667	-78.2
USC00369714	WILLIAMSBURG	19990117	127	9999	9999	127	NA	NA	257.6	40.4667	-78.2
USC00369714	WILLIAMSBURG	19990118	102	9999	9999	102	NA	NA	257.6	40.4667	-78.2
USC00369714	WILLIAMSBURG	19990119	76	9999	9999	76	NA	NA	257.6	40.4667	-78.2
USC00369714	WILLIAMSBURG	19990120	76	9999	9999	76	NA	NA	257.6	40.4667	-78.2
USC00369714	WILLIAMSBURG	19990121	76	9999	9999	76	NA	NA	257.6	40.4667	-78.2
USC00369714	WILLIAMSBURG	19990122	51	9999	9999	51	NA	NA	257.6	40.4667	-78.2
USC00369714	WILLIAMSBURG	19990123	51	9999	9999	51	NA	NA	257.6	40.4667	-78.2
USC00369714	WILLIAMSBURG	19990124	51	9999	9999	51	NA	NA	257.6	40.4667	-78.2
USC00369714	WILLIAMSBURG	19990125	25	9999	9999	25	NA	NA	257.6	40.4667	-78.2
USC00369714	WILLIAMSBURG	19990126	25	9999	9999	25	NA	NA	257.6	40.4667	-78.2
USC00369714	WILLIAMSBURG	19990127	25	9999	9999	25	NA	NA	257.6	40.4667	-78.2
USC00369714	WILLIAMSBURG	19990128	0	9999	9999	0	NA	NA	257.6	40.4667	-78.2
USC00369714	WILLIAMSBURG	19990129	0	9999	9999	0	NA	NA	257.6	40.4667	-78.2
USC00369714	WILLIAMSBURG	19990130	0	9999	9999	0	NA	NA	257.6	40.4667	-78.2
USC00369714	WILLIAMSBURG	19990131	0	9999	9999	0	NA	NA	257.6	40.4667	-78.2
USC00369714	WILLIAMSBURG	20000101	0	9999	9999	0	NA	NA	257.6	40.4667	-78.2
USC00369714	WILLIAMSBURG	20000102	0	9999	9999	0	NA	NA	257.6	40.4667	-78.2
USC00369714	WILLIAMSBURG	20000103	0	9999	9999	0	NA	NA	257.6	40.4667	-78.2
USC00369714	WILLIAMSBURG	20000104	0	9999	9999	0	NA	NA	257.6	40.4667	-78.2
USC00369714	WILLIAMSBURG	20000105	0	9999	9999	0	NA	NA	257.6	40.4667	-78.2
USC00369714	WILLIAMSBURG	20000106	0	9999	9999	0	NA	NA	257.6	40.4667	-78.2
USC00369714	WILLIAMSBURG	20000107	0	9999	9999	0	NA	NA	257.6	40.4667	-78.2
USC00369714	WILLIAMSBURG	20000108	0	9999	9999	0	NA	NA	257.6	40.4667	-78.2
USC00369714	WILLIAMSBURG	20000109	0	9999	9999	0	NA	NA	257.6	40.4667	-78.2
USC00369714	WILLIAMSBURG	20000110	0	9999	9999	0	NA	NA	257.6	40.4667	-78.2
USC00369714	WILLIAMSBURG	20000111	0	9999	9999	0	NA	NA	257.6	40.4667	-78.2
USC00369714	WILLIAMSBURG	20000112	0	9999	9999	0	NA	NA	257.6	40.4667	-78.2
USC00369714	WILLIAMSBURG	20000113	0	9999	9999	0	NA	NA	257.6	40.4667	-78.2
USC00369714	WILLIAMSBURG	20000114	0	9999	9999	0	NA	NA	257.6	40.4667	-78.2
USC00369714	WILLIAMSBURG	20000115	0	9999	9999	0	NA	NA	257.6	40.4667	-78.2
USC00369714	WILLIAMSBURG	20000116	0	9999	9999	0	NA	NA	257.6	40.4667	-78.2
USC00369714	WILLIAMSBURG	20000117	0	9999	9999	0	NA	NA	257.6	40.4667	-78.2
USC00369714	WILLIAMSBURG	20000118	0	9999	9999	0	NA	NA	257.6	40.4667	-78.2
USC00369714	WILLIAMSBURG	20000119	0	9999	9999	0	NA	NA	257.6	40.4667	-78.2
USC00369714	WILLIAMSBURG	20000120	76	9999	9999	76	NA	NA	257.6	40.4667	-78.2
USC00369714	WILLIAMSBURG	20000121	102	9999	9999	102	NA	NA	257.6	40.4667	-78.2
USC00369714	WILLIAMSBURG	20000122	102	9999	9999	102	NA	NA	257.6	40.4667	-78.2
USC00369714	WILLIAMSBURG	20000123	102	9999	9999	102	NA	NA	257.6	40.4667	-78.2
USC00369714	WILLIAMSBURG	20000124	76	9999	9999	76	NA	NA	257.6	40.4667	-78.2
USC00369714	WILLIAMSBURG	20000125	76	9999	9999	76	NA	NA	257.6	40.4667	-78.2
USC00369714	WILLIAMSBURG	20000126	51	9999	9999	51	NA	NA	257.6	40.4667	-78.2
USC00369714	WILLIAMSBURG	20000127	51	9999	9999	51	NA	NA	257.6	40.4667	-78.2
USC00369714	WILLIAMSBURG	20000128	25	9999	9999	25	NA	NA	257.6	40.4667	-78.2
USC00369714	WILLIAMSBURG	20000129	25	9999	9999	25	NA	NA	257.6	40.4667	-78.2
USC00369714	WILLIAMSBURG	20000130	25	9999	9999	25	NA	NA	257.6	40.4667	-78.2
USC00369714	WILLIAMSBURG	20000131	127	9999	9999	127	NA	NA	257.6	40.4667	-78.2
USC00369714	WILLIAMSBURG	20010101	51	9999	9999	51	NA	NA	257.6	40.4667	-78.2
USC00369714	WILLIAMSBURG	20010102	51	9999	9999	51	NA	NA	257.6	40.4667	-78.2
USC00369714	WILLIAMSBURG	20010103	51	9999	9999	51	NA	NA	257.6	40.4667	-78.2
USC00369714	WILLIAMSBURG	20010104	51	9999	9999	51	NA	NA	257.6	40.4667	-78.2
USC00369714	WILLIAMSBURG	20010105	76	9999	9999	76	NA	NA	257.6	40.4667	-78.2
USC00369714	WILLIAMSBURG	20010106	102	9999	9999	102	NA	NA	257.6	40.4667	-78.2
USC00369714	WILLIAMSBURG	20010107	102	9999	9999	102	NA	NA	257.6	40.4667	-78.2
USC00369714	WILLIAMSBURG	20010108	76	9999	9999	76	NA	NA	257.6	40.4667	-78.2
USC00369714	WILLIAMSBURG	20010109	51	9999	9999	51	NA	NA	257.6	40.4667	-78.2
USC00369714	WILLIAMSBURG	20010110	51	9999	9999	51	NA	NA	257.6	40.4667	-78.2
USC00369714	WILLIAMSBURG	20010111	51	9999	9999	51	NA	NA	257.6	40.4667	-78.2
USC00369714	WILLIAMSBURG	20010112	25	9999	9999	25	NA	NA	257.6	40.4667	-78.2
USC00369714	WILLIAMSBURG	20010113	25	9999	9999	25	NA	NA	257.6	40.4667	-78.2
USC00369714	WILLIAMSBURG	20010114	25	9999	9999	25	NA	NA	257.6	40.4667	-78.2
USC00369714	WILLIAMSBURG	20010115	25	9999	9999	25	NA	NA	257.6	40.4667	-78.2
USC00369714	WILLIAMSBURG	20010116	25	9999	9999	25	NA	NA	257.6	40.4667	-78.2
USC00369714	WILLIAMSBURG	20010117	0	9999	9999	0	NA	NA	257.6	40.4667	-78.2
USC00369714	WILLIAMSBURG	20010118	0	9999	9999	0	NA	NA	257.6	40.4667	-78.2
USC00369714	WILLIAMSBURG	20010119	0	9999	9999	0	NA	NA	257.6	40.4667	-78.2
USC00369714	WILLIAMSBURG	20010120	0	9999	9999	0	NA	NA	257.6	40.4667	-78.2
USC00369714	WILLIAMSBURG	20010121	102	9999	9999	102	NA	NA	257.6	40.4667	-78.2
USC00369714	WILLIAMSBURG	20010122	102	9999	9999	102	NA	NA	257.6	40.4667	-78.2
USC00369714	WILLIAMSBURG	20010123	76	9999	9999	76	NA	NA	257.6	40.4667	-78.2
USC00369714	WILLIAMSBURG	20010124	51	9999	9999	51	NA	NA	257.6	40.4667	-78.2
USC00369714	WILLIAMSBURG	20010125	25	9999	9999	25	NA	NA	257.6	40.4667	-78.2
USC00369714	WILLIAMSBURG	20010126	25	9999	9999	25	NA	NA	257.6	40.4667	-78.2
USC00369714	WILLIAMSBURG	20010127	25	9999	9999	25	NA	NA	257.6	40.4667	-78.2
USC00369714	WILLIAMSBURG	20010128	25	9999	9999	25	NA	NA	257.6	40.4667	-78.2
USC00369714	WILLIAMSBURG	20010129	25	9999	9999	25	NA	NA	257.6	40.4667	-78.2
USC00369714	WILLIAMSBURG	20010130	25	9999	9999	25	NA	NA	257.6	40.4667	-78.2
USC00369714	WILLIAMSBURG	20010131	0	9999	9999	0	NA	NA	257.6	40.4667	-78.2
USC00369714	WILLIAMSBURG	20020101	0	9999	9999	0	NA	NA	257.6	40.4667	-78.2
USC00369714	WILLIAMSBURG	20020102	0	9999	9999	0	NA	NA	257.6	40.4667	-78.2
USC00369714	WILLIAMSBURG	20020103	0	9999	9999	0	NA	NA	257.6	40.4667	-78.2
USC00369714	WILLIAMSBURG	20020104	0	9999	9999	0	NA	NA	257.6	40.4667	-78.2
USC00369714	WILLIAMSBURG	20020105	0	9999	9999	0	NA	NA	257.6	40.4667	-78.2
USC00369714	WILLIAMSBURG	20020106	0	9999	9999	0	NA	NA	257.6	40.4667	-78.2
USC00369714	WILLIAMSBURG	20020107	203	9999	9999	203	NA	NA	257.6	40.4667	-78.2
USC00369714	WILLIAMSBURG	20020108	178	9999	9999	178	NA	NA	257.6	40.4667	-78.2
USC00369714	WILLIAMSBURG	20020109	152	9999	9999	152	NA	NA	257.6	40.4667	-78.2
USC00369714	WILLIAMSBURG	20020110	76	9999	9999	76	NA	NA	257.6	40.4667	-78.2
USC00369714	WILLIAMSBURG	20020111	0	9999	9999	0	NA	NA	257.6	40.4667	-78.2
USC00369714	WILLIAMSBURG	20020112	0	9999	9999	0	NA	NA	257.6	40.4667	-78.2
USC00369714	WILLIAMSBURG	20020113	0	9999	9999	0	NA	NA	257.6	40.4667	-78.2
USC00369714	WILLIAMSBURG	20020114	0	9999	9999	0	NA	NA	257.6	40.4667	-78.2
USC00369714	WILLIAMSBURG	20020115	0	9999	9999	0	NA	NA	257.6	40.4667	-78.2
USC00369714	WILLIAMSBURG	20020116	0	9999	9999	0	NA	NA	257.6	40.4667	-78.2
USC00369714	WILLIAMSBURG	20020117	0	9999	9999	0	NA	NA	257.6	40.4667	-78.2
USC00369714	WILLIAMSBURG	20020118	0	9999	9999	0	NA	NA	257.6	40.4667	-78.2
USC00369714	WILLIAMSBURG	20020119	0	9999	9999	0	NA	NA	257.6	40.4667	-78.2
USC00369714	WILLIAMSBURG	20020120	51	9999	9999	51	NA	NA	257.6	40.4667	-78.2
USC00369714	WILLIAMSBURG	20020121	25	9999	9999	25	NA	NA	257.6	40.4667	-78.2
USC00369714	WILLIAMSBURG	20020122	0	9999	9999	0	NA	NA	257.6	40.4667	-78.2
USC00369714	WILLIAMSBURG	20020123	0	9999	9999	0	NA	NA	257.6	40.4667	-78.2
USC00369714	WILLIAMSBURG	20020124	0	9999	9999	0	NA	NA	257.6	40.4667	-78.2
USC00369714	WILLIAMSBURG	20020125	0	9999	9999	0	NA	NA	257.6	40.4667	-78.2
USC00369714	WILLIAMSBURG	20020126	0	9999	9999	0	NA	NA	257.6	40.4667	-78.2
USC00369714	WILLIAMSBURG	20020127	0	9999	9999	0	NA	NA	257.6	40.4667	-78.2
USC00369714	WILLIAMSBURG	20020128	0	9999	9999	0	NA	NA	257.6	40.4667	-78.2
USC00369714	WILLIAMSBURG	20020129	0	9999	9999	0	NA	NA	257.6	40.4667	-78.2
USC00369714	WILLIAMSBURG	20020130	0	9999	9999	0	NA	NA	257.6	40.4667	-78.2
USC00369714	WILLIAMSBURG	20020131	0	9999	9999	0	NA	NA	257.6	40.4667	-78.2
USC00369714	WILLIAMSBURG	20030101	0	9999	9999	0	NA	NA	257.6	40.4667	-78.2
USC00369714	WILLIAMSBURG	20030102	0	9999	9999	0	NA	NA	257.6	40.4667	-78.2
USC00369714	WILLIAMSBURG	20030103	25	9999	9999	25	NA	NA	257.6	40.4667	-78.2
USC00369714	WILLIAMSBURG	20030104	102	9999	9999	102	NA	NA	257.6	40.4667	-78.2
USC00369714	WILLIAMSBURG	20030105	76	9999	9999	76	NA	NA	257.6	40.4667	-78.2
USC00369714	WILLIAMSBURG	20030106	102	9999	9999	102	NA	NA	257.6	40.4667	-78.2
USC00369714	WILLIAMSBURG	20030107	102	9999	9999	102	NA	NA	257.6	40.4667	-78.2
USC00369714	WILLIAMSBURG	20030108	51	9999	9999	51	NA	NA	257.6	40.4667	-78.2
USC00369714	WILLIAMSBURG	20030109	0	9999	9999	0	NA	NA	257.6	40.4667	-78.2
USC00369714	WILLIAMSBURG	20030110	0	9999	9999	0	NA	NA	257.6	40.4667	-78.2
USC00369714	WILLIAMSBURG	20030111	0	9999	9999	0	NA	NA	257.6	40.4667	-78.2
USC00369714	WILLIAMSBURG	20030112	0	9999	9999	0	NA	NA	257.6	40.4667	-78.2
USC00369714	WILLIAMSBURG	20030113	0	9999	9999	0	NA	NA	257.6	40.4667	-78.2
USC00369714	WILLIAMSBURG	20030114	0	9999	9999	0	NA	NA	257.6	40.4667	-78.2
USC00369714	WILLIAMSBURG	20030115	0	9999	9999	0	NA	NA	257.6	40.4667	-78.2
USC00369714	WILLIAMSBURG	20030116	0	9999	9999	0	NA	NA	257.6	40.4667	-78.2
USC00369714	WILLIAMSBURG	20030117	25	9999	9999	25	NA	NA	257.6	40.4667	-78.2
USC00369714	WILLIAMSBURG	20030118	25	9999	9999	25	NA	NA	257.6	40.4667	-78.2
USC00369714	WILLIAMSBURG	20030119	25	9999	9999	25	NA	NA	257.6	40.4667	-78.2
USC00369714	WILLIAMSBURG	20030120	25	9999	9999	25	NA	NA	257.6	40.4667	-78.2
USC00369714	WILLIAMSBURG	20030121	25	9999	9999	25	NA	NA	257.6	40.4667	-78.2
USC00369714	WILLIAMSBURG	20030122	25	9999	9999	25	NA	NA	257.6	40.4667	-78.2
USC00369714	WILLIAMSBURG	20030123	25	9999	9999	25	NA	NA	257.6	40.4667	-78.2
USC00369714	WILLIAMSBURG	20030124	25	9999	9999	25	NA	NA	257.6	40.4667	-78.2
USC00369714	WILLIAMSBURG	20030125	0	9999	9999	0	NA	NA	257.6	40.4667	-78.2
USC00369714	WILLIAMSBURG	20030126	0	9999	9999	0	NA	NA	257.6	40.4667	-78.2
USC00369714	WILLIAMSBURG	20030127	0	9999	9999	0	NA	NA	257.6	40.4667	-78.2
USC00369714	WILLIAMSBURG	20030128	0	9999	9999	0	NA	NA	257.6	40.4667	-78.2
USC00369714	WILLIAMSBURG	20030129	25	9999	9999	25	NA	NA	257.6	40.4667	-78.2
USC00369714	WILLIAMSBURG	20030130	0	9999	9999	0	NA	NA	257.6	40.4667	-78.2
USC00369714	WILLIAMSBURG	20030131	0	9999	9999	0	NA	NA	257.6	40.4667	-78.2
USC00369714	WILLIAMSBURG	20040101	0	9999	9999	0	NA	NA	257.6	40.4667	-78.2
USC00369714	WILLIAMSBURG	20040102	0	9999	9999	0	NA	NA	257.6	40.4667	-78.2
USC00369714	WILLIAMSBURG	20040103	0	9999	9999	0	NA	NA	257.6	40.4667	-78.2
USC00369714	WILLIAMSBURG	20040104	0	9999	9999	0	NA	NA	257.6	40.4667	-78.2
USC00369714	WILLIAMSBURG	20040105	0	9999	9999	0	NA	NA	257.6	40.4667	-78.2
USC00369714	WILLIAMSBURG	20040106	0	9999	9999	0	NA	NA	257.6	40.4667	-78.2
USC00369714	WILLIAMSBURG	20040107	0	9999	9999	0	NA	NA	257.6	40.4667	-78.2
USC00369714	WILLIAMSBURG	20040108	0	9999	9999	0	NA	NA	257.6	40.4667	-78.2
USC00369714	WILLIAMSBURG	20040109	0	9999	9999	0	NA	NA	257.6	40.4667	-78.2
USC00369714	WILLIAMSBURG	20040110	0	9999	9999	0	NA	NA	257.6	40.4667	-78.2
USC00369714	WILLIAMSBURG	20040111	0	9999	9999	0	NA	NA	257.6	40.4667	-78.2
USC00369714	WILLIAMSBURG	20040112	0	9999	9999	0	NA	NA	257.6	40.4667	-78.2
USC00369714	WILLIAMSBURG	20040113	0	9999	9999	0	NA	NA	257.6	40.4667	-78.2
USC00369714	WILLIAMSBURG	20040114	0	9999	9999	0	NA	NA	257.6	40.4667	-78.2
USC00369714	WILLIAMSBURG	20040115	178	9999	9999	178	NA	NA	257.6	40.4667	-78.2
USC00369714	WILLIAMSBURG	20040116	152	9999	9999	152	NA	NA	257.6	40.4667	-78.2
USC00369714	WILLIAMSBURG	20040117	152	9999	9999	152	NA	NA	257.6	40.4667	-78.2
USC00369714	WILLIAMSBURG	20040118	178	9999	9999	178	NA	NA	257.6	40.4667	-78.2
USC00369714	WILLIAMSBURG	20040119	152	9999	9999	152	NA	NA	257.6	40.4667	-78.2
USC00369714	WILLIAMSBURG	20040120	152	9999	9999	152	NA	NA	257.6	40.4667	-78.2
USC00369714	WILLIAMSBURG	20040121	152	9999	9999	152	NA	NA	257.6	40.4667	-78.2
USC00369714	WILLIAMSBURG	20040122	127	9999	9999	127	NA	NA	257.6	40.4667	-78.2
USC00369714	WILLIAMSBURG	20040123	127	9999	9999	127	NA	NA	257.6	40.4667	-78.2
USC00369714	WILLIAMSBURG	20040124	203	9999	9999	203	NA	NA	257.6	40.4667	-78.2
USC00369714	WILLIAMSBURG	20040125	203	9999	9999	203	NA	NA	257.6	40.4667	-78.2
USC00369714	WILLIAMSBURG	20040126	381	9999	9999	381	NA	NA	257.6	40.4667	-78.2
USC00369714	WILLIAMSBURG	20040127	381	9999	9999	381	NA	NA	257.6	40.4667	-78.2
USC00369714	WILLIAMSBURG	20040128	483	9999	9999	483	NA	NA	257.6	40.4667	-78.2
USC00369714	WILLIAMSBURG	20040129	432	9999	9999	432	NA	NA	257.6	40.4667	-78.2
USC00369714	WILLIAMSBURG	20040130	432	9999	9999	432	NA	NA	257.6	40.4667	-78.2
USC00369714	WILLIAMSBURG	20040131	406	9999	9999	406	NA	NA	257.6	40.4667	-78.2
USC00369714	WILLIAMSBURG	20050101	0	9999	9999	0	NA	NA	257.6	40.4667	-78.2
USC00369714	WILLIAMSBURG	20050102	0	9999	9999	0	NA	NA	257.6	40.4667	-78.2
USC00369714	WILLIAMSBURG	20050103	0	9999	9999	0	NA	NA	257.6	40.4667	-78.2
USC00369714	WILLIAMSBURG	20050104	0	9999	9999	0	NA	NA	257.6	40.4667	-78.2
USC00369714	WILLIAMSBURG	20050105	0	9999	9999	0	NA	NA	257.6	40.4667	-78.2
USC00369714	WILLIAMSBURG	20050106	0	9999	9999	0	NA	NA	257.6	40.4667	-78.2
USC00369714	WILLIAMSBURG	20050107	0	9999	9999	0	NA	NA	257.6	40.4667	-78.2
USC00369714	WILLIAMSBURG	20050108	0	9999	9999	0	NA	NA	257.6	40.4667	-78.2
USC00369714	WILLIAMSBURG	20050109	0	9999	9999	0	NA	NA	257.6	40.4667	-78.2
USC00369714	WILLIAMSBURG	20050110	0	9999	9999	0	NA	NA	257.6	40.4667	-78.2
USC00369714	WILLIAMSBURG	20050111	0	9999	9999	0	NA	NA	257.6	40.4667	-78.2
USC00369714	WILLIAMSBURG	20050112	0	9999	9999	0	NA	NA	257.6	40.4667	-78.2
USC00369714	WILLIAMSBURG	20050113	0	9999	9999	0	NA	NA	257.6	40.4667	-78.2
USC00369714	WILLIAMSBURG	20050114	0	9999	9999	0	NA	NA	257.6	40.4667	-78.2
USC00369714	WILLIAMSBURG	20050115	0	9999	9999	0	NA	NA	257.6	40.4667	-78.2
USC00369714	WILLIAMSBURG	20050116	0	9999	9999	0	NA	NA	257.6	40.4667	-78.2
USC00369714	WILLIAMSBURG	20050117	25	9999	9999	25	NA	NA	257.6	40.4667	-78.2
USC00369714	WILLIAMSBURG	20050118	25	9999	9999	25	NA	NA	257.6	40.4667	-78.2
USC00369714	WILLIAMSBURG	20050119	25	9999	9999	25	NA	NA	257.6	40.4667	-78.2
USC00369714	WILLIAMSBURG	20050120	51	9999	9999	51	NA	NA	257.6	40.4667	-78.2
USC00369714	WILLIAMSBURG	20050121	51	9999	9999	51	NA	NA	257.6	40.4667	-78.2
USC00369714	WILLIAMSBURG	20050122	25	9999	9999	25	NA	NA	257.6	40.4667	-78.2
USC00369714	WILLIAMSBURG	20050123	127	9999	9999	127	NA	NA	257.6	40.4667	-78.2
USC00369714	WILLIAMSBURG	20050124	127	9999	9999	127	NA	NA	257.6	40.4667	-78.2
USC00369714	WILLIAMSBURG	20050125	102	9999	9999	102	NA	NA	257.6	40.4667	-78.2
USC00369714	WILLIAMSBURG	20050126	102	9999	9999	102	NA	NA	257.6	40.4667	-78.2
USC00369714	WILLIAMSBURG	20050127	51	9999	9999	51	NA	NA	257.6	40.4667	-78.2
USC00369714	WILLIAMSBURG	20050128	51	9999	9999	51	NA	NA	257.6	40.4667	-78.2
USC00369714	WILLIAMSBURG	20050129	51	9999	9999	51	NA	NA	257.6	40.4667	-78.2
USC00369714	WILLIAMSBURG	20050130	76	9999	9999	76	NA	NA	257.6	40.4667	-78.2
USC00369714	WILLIAMSBURG	20050131	51	9999	9999	51	NA	NA	257.6	40.4667	-78.2
