STATION	NAME	DATE	SNWD	TMAX	TMIN	SNWD2	TMAX2	TMIN2	ELEV	LAT	LONG
USW00013781	WILMINGTONNEWCASTLE	19950101	9999	100	22	NA	100	22	22.6	39.67278	-75.60083
USW00013781	WILMINGTONNEWCASTLE	19950102	9999	56	-50	NA	56	-50	22.6	39.67278	-75.60083
USW00013781	WILMINGTONNEWCASTLE	19950103	9999	-6	-61	NA	-6	-61	22.6	39.67278	-75.60083
USW00013781	WILMINGTONNEWCASTLE	19950104	9999	17	-83	NA	17	-83	22.6	39.67278	-75.60083
USW00013781	WILMINGTONNEWCASTLE	19950105	9999	-39	-106	NA	-39	-106	22.6	39.67278	-75.60083
USW00013781	WILMINGTONNEWCASTLE	19950106	9999	44	-94	NA	44	-94	22.6	39.67278	-75.60083
USW00013781	WILMINGTONNEWCASTLE	19950107	9999	78	-11	NA	78	-11	22.6	39.67278	-75.60083
USW00013781	WILMINGTONNEWCASTLE	19950108	9999	33	-33	NA	33	-33	22.6	39.67278	-75.60083
USW00013781	WILMINGTONNEWCASTLE	19950109	9999	56	-33	NA	56	-33	22.6	39.67278	-75.60083
USW00013781	WILMINGTONNEWCASTLE	19950110	9999	-6	-50	NA	-6	-50	22.6	39.67278	-75.60083
USW00013781	WILMINGTONNEWCASTLE	19950111	9999	28	-11	NA	28	-11	22.6	39.67278	-75.60083
USW00013781	WILMINGTONNEWCASTLE	19950112	9999	128	28	NA	128	28	22.6	39.67278	-75.60083
USW00013781	WILMINGTONNEWCASTLE	19950113	9999	183	28	NA	183	28	22.6	39.67278	-75.60083
USW00013781	WILMINGTONNEWCASTLE	19950114	9999	189	89	NA	189	89	22.6	39.67278	-75.60083
USW00013781	WILMINGTONNEWCASTLE	19950115	9999	178	106	NA	178	106	22.6	39.67278	-75.60083
USW00013781	WILMINGTONNEWCASTLE	19950116	9999	144	72	NA	144	72	22.6	39.67278	-75.60083
USW00013781	WILMINGTONNEWCASTLE	19950117	9999	122	44	NA	122	44	22.6	39.67278	-75.60083
USW00013781	WILMINGTONNEWCASTLE	19950118	9999	72	50	NA	72	50	22.6	39.67278	-75.60083
USW00013781	WILMINGTONNEWCASTLE	19950119	9999	67	44	NA	67	44	22.6	39.67278	-75.60083
USW00013781	WILMINGTONNEWCASTLE	19950120	9999	122	44	NA	122	44	22.6	39.67278	-75.60083
USW00013781	WILMINGTONNEWCASTLE	19950121	9999	56	6	NA	56	6	22.6	39.67278	-75.60083
USW00013781	WILMINGTONNEWCASTLE	19950122	9999	33	-22	NA	33	-22	22.6	39.67278	-75.60083
USW00013781	WILMINGTONNEWCASTLE	19950123	9999	39	-39	NA	39	-39	22.6	39.67278	-75.60083
USW00013781	WILMINGTONNEWCASTLE	19950124	9999	44	-28	NA	44	-28	22.6	39.67278	-75.60083
USW00013781	WILMINGTONNEWCASTLE	19950125	9999	61	-22	NA	61	-22	22.6	39.67278	-75.60083
USW00013781	WILMINGTONNEWCASTLE	19950126	9999	33	-33	NA	33	-33	22.6	39.67278	-75.60083
USW00013781	WILMINGTONNEWCASTLE	19950127	9999	33	-39	NA	33	-39	22.6	39.67278	-75.60083
USW00013781	WILMINGTONNEWCASTLE	19950128	9999	-6	-39	NA	-6	-39	22.6	39.67278	-75.60083
USW00013781	WILMINGTONNEWCASTLE	19950129	9999	11	-72	NA	11	-72	22.6	39.67278	-75.60083
USW00013781	WILMINGTONNEWCASTLE	19950130	9999	50	-61	NA	50	-61	22.6	39.67278	-75.60083
USW00013781	WILMINGTONNEWCASTLE	19950131	9999	72	-56	NA	72	-56	22.6	39.67278	-75.60083
USW00013781	WILMINGTONNEWCASTLE	19960101	9999	56	11	NA	56	11	22.6	39.67278	-75.60083
USW00013781	WILMINGTONNEWCASTLE	19960102	9999	33	0	NA	33	0	22.6	39.67278	-75.60083
USW00013781	WILMINGTONNEWCASTLE	19960103	9999	28	-56	NA	28	-56	22.6	39.67278	-75.60083
USW00013781	WILMINGTONNEWCASTLE	19960104	9999	-39	-89	NA	-39	-89	22.6	39.67278	-75.60083
USW00013781	WILMINGTONNEWCASTLE	19960105	9999	-17	-72	NA	-17	-72	22.6	39.67278	-75.60083
USW00013781	WILMINGTONNEWCASTLE	19960106	9999	-61	-117	NA	-61	-117	22.6	39.67278	-75.60083
USW00013781	WILMINGTONNEWCASTLE	19960107	9999	-50	-106	NA	-50	-106	22.6	39.67278	-75.60083
USW00013781	WILMINGTONNEWCASTLE	19960108	9999	-33	-89	NA	-33	-89	22.6	39.67278	-75.60083
USW00013781	WILMINGTONNEWCASTLE	19960109	9999	-11	-111	NA	-11	-111	22.6	39.67278	-75.60083
USW00013781	WILMINGTONNEWCASTLE	19960110	9999	0	-83	NA	0	-83	22.6	39.67278	-75.60083
USW00013781	WILMINGTONNEWCASTLE	19960111	9999	-56	-122	NA	-56	-122	22.6	39.67278	-75.60083
USW00013781	WILMINGTONNEWCASTLE	19960112	9999	22	-67	NA	22	-67	22.6	39.67278	-75.60083
USW00013781	WILMINGTONNEWCASTLE	19960113	9999	17	-33	NA	17	-33	22.6	39.67278	-75.60083
USW00013781	WILMINGTONNEWCASTLE	19960114	9999	44	-44	NA	44	-44	22.6	39.67278	-75.60083
USW00013781	WILMINGTONNEWCASTLE	19960115	9999	78	-56	NA	78	-56	22.6	39.67278	-75.60083
USW00013781	WILMINGTONNEWCASTLE	19960116	9999	0	-72	NA	0	-72	22.6	39.67278	-75.60083
USW00013781	WILMINGTONNEWCASTLE	19960117	9999	56	-11	NA	56	-11	22.6	39.67278	-75.60083
USW00013781	WILMINGTONNEWCASTLE	19960118	9999	111	-11	NA	111	-11	22.6	39.67278	-75.60083
USW00013781	WILMINGTONNEWCASTLE	19960119	9999	133	-61	NA	133	-61	22.6	39.67278	-75.60083
USW00013781	WILMINGTONNEWCASTLE	19960120	9999	-17	-78	NA	-17	-78	22.6	39.67278	-75.60083
USW00013781	WILMINGTONNEWCASTLE	19960121	9999	17	-83	NA	17	-83	22.6	39.67278	-75.60083
USW00013781	WILMINGTONNEWCASTLE	19960122	9999	0	-39	NA	0	-39	22.6	39.67278	-75.60083
USW00013781	WILMINGTONNEWCASTLE	19960123	9999	44	0	NA	44	0	22.6	39.67278	-75.60083
USW00013781	WILMINGTONNEWCASTLE	19960124	9999	139	28	NA	139	28	22.6	39.67278	-75.60083
USW00013781	WILMINGTONNEWCASTLE	19960125	9999	33	-56	NA	33	-56	22.6	39.67278	-75.60083
USW00013781	WILMINGTONNEWCASTLE	19960126	9999	94	-61	NA	94	-61	22.6	39.67278	-75.60083
USW00013781	WILMINGTONNEWCASTLE	19960127	9999	144	0	NA	144	0	22.6	39.67278	-75.60083
USW00013781	WILMINGTONNEWCASTLE	19960128	9999	22	-39	NA	22	-39	22.6	39.67278	-75.60083
USW00013781	WILMINGTONNEWCASTLE	19960129	9999	28	-50	NA	28	-50	22.6	39.67278	-75.60083
USW00013781	WILMINGTONNEWCASTLE	19960130	9999	72	-11	NA	72	-11	22.6	39.67278	-75.60083
USW00013781	WILMINGTONNEWCASTLE	19960131	9999	39	-72	NA	39	-72	22.6	39.67278	-75.60083
USW00013781	WILMINGTONNEWCASTLE	19970101	9999	6	-78	NA	6	-78	22.6	39.67278	-75.60083
USW00013781	WILMINGTONNEWCASTLE	19970102	9999	78	6	NA	78	6	22.6	39.67278	-75.60083
USW00013781	WILMINGTONNEWCASTLE	19970103	9999	167	56	NA	167	56	22.6	39.67278	-75.60083
USW00013781	WILMINGTONNEWCASTLE	19970104	9999	133	67	NA	133	67	22.6	39.67278	-75.60083
USW00013781	WILMINGTONNEWCASTLE	19970105	9999	183	72	NA	183	72	22.6	39.67278	-75.60083
USW00013781	WILMINGTONNEWCASTLE	19970106	9999	122	6	NA	122	6	22.6	39.67278	-75.60083
USW00013781	WILMINGTONNEWCASTLE	19970107	9999	33	-33	NA	33	-33	22.6	39.67278	-75.60083
USW00013781	WILMINGTONNEWCASTLE	19970108	9999	33	-39	NA	33	-39	22.6	39.67278	-75.60083
USW00013781	WILMINGTONNEWCASTLE	19970109	9999	11	-33	NA	11	-33	22.6	39.67278	-75.60083
USW00013781	WILMINGTONNEWCASTLE	19970110	9999	50	-6	NA	50	-6	22.6	39.67278	-75.60083
USW00013781	WILMINGTONNEWCASTLE	19970111	9999	6	-72	NA	6	-72	22.6	39.67278	-75.60083
USW00013781	WILMINGTONNEWCASTLE	19970112	9999	-33	-94	NA	-33	-94	22.6	39.67278	-75.60083
USW00013781	WILMINGTONNEWCASTLE	19970113	9999	-33	-89	NA	-33	-89	22.6	39.67278	-75.60083
USW00013781	WILMINGTONNEWCASTLE	19970114	9999	-22	-89	NA	-22	-89	22.6	39.67278	-75.60083
USW00013781	WILMINGTONNEWCASTLE	19970115	9999	22	-89	NA	22	-89	22.6	39.67278	-75.60083
USW00013781	WILMINGTONNEWCASTLE	19970116	9999	72	-56	NA	72	-56	22.6	39.67278	-75.60083
USW00013781	WILMINGTONNEWCASTLE	19970117	9999	-56	-122	NA	-56	-122	22.6	39.67278	-75.60083
USW00013781	WILMINGTONNEWCASTLE	19970118	9999	-78	-133	NA	-78	-133	22.6	39.67278	-75.60083
USW00013781	WILMINGTONNEWCASTLE	19970119	9999	-67	-144	NA	-67	-144	22.6	39.67278	-75.60083
USW00013781	WILMINGTONNEWCASTLE	19970120	9999	11	-100	NA	11	-100	22.6	39.67278	-75.60083
USW00013781	WILMINGTONNEWCASTLE	19970121	9999	44	-50	NA	44	-50	22.6	39.67278	-75.60083
USW00013781	WILMINGTONNEWCASTLE	19970122	9999	94	-33	NA	94	-33	22.6	39.67278	-75.60083
USW00013781	WILMINGTONNEWCASTLE	19970123	9999	128	-6	NA	128	-6	22.6	39.67278	-75.60083
USW00013781	WILMINGTONNEWCASTLE	19970124	9999	83	-28	NA	83	-28	22.6	39.67278	-75.60083
USW00013781	WILMINGTONNEWCASTLE	19970125	9999	94	0	NA	94	0	22.6	39.67278	-75.60083
USW00013781	WILMINGTONNEWCASTLE	19970126	9999	6	-44	NA	6	-44	22.6	39.67278	-75.60083
USW00013781	WILMINGTONNEWCASTLE	19970127	9999	33	-44	NA	33	-44	22.6	39.67278	-75.60083
USW00013781	WILMINGTONNEWCASTLE	19970128	9999	78	-28	NA	78	-28	22.6	39.67278	-75.60083
USW00013781	WILMINGTONNEWCASTLE	19970129	9999	-11	-56	NA	-11	-56	22.6	39.67278	-75.60083
USW00013781	WILMINGTONNEWCASTLE	19970130	9999	22	-61	NA	22	-61	22.6	39.67278	-75.60083
USW00013781	WILMINGTONNEWCASTLE	19970131	9999	39	-22	NA	39	-22	22.6	39.67278	-75.60083
USW00013781	WILMINGTONNEWCASTLE	19980101	9999	11	-89	NA	11	-89	22.6	39.67278	-75.60083
USW00013781	WILMINGTONNEWCASTLE	19980102	9999	122	0	NA	122	0	22.6	39.67278	-75.60083
USW00013781	WILMINGTONNEWCASTLE	19980103	9999	133	0	NA	133	0	22.6	39.67278	-75.60083
USW00013781	WILMINGTONNEWCASTLE	19980104	9999	172	61	NA	172	61	22.6	39.67278	-75.60083
USW00013781	WILMINGTONNEWCASTLE	19980105	9999	144	33	NA	144	33	22.6	39.67278	-75.60083
USW00013781	WILMINGTONNEWCASTLE	19980106	9999	167	50	NA	167	50	22.6	39.67278	-75.60083
USW00013781	WILMINGTONNEWCASTLE	19980107	9999	144	117	NA	144	117	22.6	39.67278	-75.60083
USW00013781	WILMINGTONNEWCASTLE	19980108	9999	189	122	NA	189	122	22.6	39.67278	-75.60083
USW00013781	WILMINGTONNEWCASTLE	19980109	9999	183	50	NA	183	50	22.6	39.67278	-75.60083
USW00013781	WILMINGTONNEWCASTLE	19980110	9999	100	0	NA	100	0	22.6	39.67278	-75.60083
USW00013781	WILMINGTONNEWCASTLE	19980111	9999	100	-22	NA	100	-22	22.6	39.67278	-75.60083
USW00013781	WILMINGTONNEWCASTLE	19980112	9999	44	-22	NA	44	-22	22.6	39.67278	-75.60083
USW00013781	WILMINGTONNEWCASTLE	19980113	9999	89	-6	NA	89	-6	22.6	39.67278	-75.60083
USW00013781	WILMINGTONNEWCASTLE	19980114	9999	11	-50	NA	11	-50	22.6	39.67278	-75.60083
USW00013781	WILMINGTONNEWCASTLE	19980115	9999	72	-33	NA	72	-33	22.6	39.67278	-75.60083
USW00013781	WILMINGTONNEWCASTLE	19980116	9999	72	11	NA	72	11	22.6	39.67278	-75.60083
USW00013781	WILMINGTONNEWCASTLE	19980117	9999	56	-11	NA	56	-11	22.6	39.67278	-75.60083
USW00013781	WILMINGTONNEWCASTLE	19980118	9999	33	6	NA	33	6	22.6	39.67278	-75.60083
USW00013781	WILMINGTONNEWCASTLE	19980119	9999	44	11	NA	44	11	22.6	39.67278	-75.60083
USW00013781	WILMINGTONNEWCASTLE	19980120	9999	39	-17	NA	39	-17	22.6	39.67278	-75.60083
USW00013781	WILMINGTONNEWCASTLE	19980121	9999	28	-44	NA	28	-44	22.6	39.67278	-75.60083
USW00013781	WILMINGTONNEWCASTLE	19980122	9999	44	-33	NA	44	-33	22.6	39.67278	-75.60083
USW00013781	WILMINGTONNEWCASTLE	19980123	9999	94	0	NA	94	0	22.6	39.67278	-75.60083
USW00013781	WILMINGTONNEWCASTLE	19980124	9999	89	6	NA	89	6	22.6	39.67278	-75.60083
USW00013781	WILMINGTONNEWCASTLE	19980125	9999	44	-11	NA	44	-11	22.6	39.67278	-75.60083
USW00013781	WILMINGTONNEWCASTLE	19980126	9999	50	-28	NA	50	-28	22.6	39.67278	-75.60083
USW00013781	WILMINGTONNEWCASTLE	19980127	9999	72	-17	NA	72	-17	22.6	39.67278	-75.60083
USW00013781	WILMINGTONNEWCASTLE	19980128	9999	39	6	NA	39	6	22.6	39.67278	-75.60083
USW00013781	WILMINGTONNEWCASTLE	19980129	9999	111	-11	NA	111	-11	22.6	39.67278	-75.60083
USW00013781	WILMINGTONNEWCASTLE	19980130	9999	67	6	NA	67	6	22.6	39.67278	-75.60083
USW00013781	WILMINGTONNEWCASTLE	19980131	9999	72	-28	NA	72	-28	22.6	39.67278	-75.60083
USW00013781	WILMINGTONNEWCASTLE	19990101	9999	0	-72	NA	0	-72	22.6	39.67278	-75.60083
USW00013781	WILMINGTONNEWCASTLE	19990102	9999	-33	-106	NA	-33	-106	22.6	39.67278	-75.60083
USW00013781	WILMINGTONNEWCASTLE	19990103	9999	128	-33	NA	128	-33	22.6	39.67278	-75.60083
USW00013781	WILMINGTONNEWCASTLE	19990104	9999	-6	-72	NA	-6	-72	22.6	39.67278	-75.60083
USW00013781	WILMINGTONNEWCASTLE	19990105	9999	-28	-89	NA	-28	-89	22.6	39.67278	-75.60083
USW00013781	WILMINGTONNEWCASTLE	19990106	9999	11	-106	NA	11	-106	22.6	39.67278	-75.60083
USW00013781	WILMINGTONNEWCASTLE	19990107	9999	22	-67	NA	22	-67	22.6	39.67278	-75.60083
USW00013781	WILMINGTONNEWCASTLE	19990108	9999	-6	-61	NA	-6	-61	22.6	39.67278	-75.60083
USW00013781	WILMINGTONNEWCASTLE	19990109	9999	50	-22	NA	50	-22	22.6	39.67278	-75.60083
USW00013781	WILMINGTONNEWCASTLE	19990110	9999	-22	-72	NA	-22	-72	22.6	39.67278	-75.60083
USW00013781	WILMINGTONNEWCASTLE	19990111	9999	-33	-72	NA	-33	-72	22.6	39.67278	-75.60083
USW00013781	WILMINGTONNEWCASTLE	19990112	9999	106	-50	NA	106	-50	22.6	39.67278	-75.60083
USW00013781	WILMINGTONNEWCASTLE	19990113	9999	122	-6	NA	122	-6	22.6	39.67278	-75.60083
USW00013781	WILMINGTONNEWCASTLE	19990114	9999	-6	-50	NA	-6	-50	22.6	39.67278	-75.60083
USW00013781	WILMINGTONNEWCASTLE	19990115	9999	22	-33	NA	22	-33	22.6	39.67278	-75.60083
USW00013781	WILMINGTONNEWCASTLE	19990116	9999	89	-50	NA	89	-50	22.6	39.67278	-75.60083
USW00013781	WILMINGTONNEWCASTLE	19990117	9999	133	-11	NA	133	-11	22.6	39.67278	-75.60083
USW00013781	WILMINGTONNEWCASTLE	19990118	9999	156	22	NA	156	22	22.6	39.67278	-75.60083
USW00013781	WILMINGTONNEWCASTLE	19990119	9999	100	6	NA	100	6	22.6	39.67278	-75.60083
USW00013781	WILMINGTONNEWCASTLE	19990120	9999	94	11	NA	94	11	22.6	39.67278	-75.60083
USW00013781	WILMINGTONNEWCASTLE	19990121	9999	100	-17	NA	100	-17	22.6	39.67278	-75.60083
USW00013781	WILMINGTONNEWCASTLE	19990122	9999	83	56	NA	83	56	22.6	39.67278	-75.60083
USW00013781	WILMINGTONNEWCASTLE	19990123	9999	183	72	NA	183	72	22.6	39.67278	-75.60083
USW00013781	WILMINGTONNEWCASTLE	19990124	9999	167	28	NA	167	28	22.6	39.67278	-75.60083
USW00013781	WILMINGTONNEWCASTLE	19990125	9999	72	11	NA	72	11	22.6	39.67278	-75.60083
USW00013781	WILMINGTONNEWCASTLE	19990126	9999	78	0	NA	78	0	22.6	39.67278	-75.60083
USW00013781	WILMINGTONNEWCASTLE	19990127	9999	94	-33	NA	94	-33	22.6	39.67278	-75.60083
USW00013781	WILMINGTONNEWCASTLE	19990128	9999	100	6	NA	100	6	22.6	39.67278	-75.60083
USW00013781	WILMINGTONNEWCASTLE	19990129	9999	78	-22	NA	78	-22	22.6	39.67278	-75.60083
USW00013781	WILMINGTONNEWCASTLE	19990130	9999	67	-44	NA	67	-44	22.6	39.67278	-75.60083
USW00013781	WILMINGTONNEWCASTLE	19990131	9999	-6	-61	NA	-6	-61	22.6	39.67278	-75.60083
USW00013781	WILMINGTONNEWCASTLE	20000101	9999	50	-28	NA	50	-28	22.6	39.67278	-75.60083
USW00013781	WILMINGTONNEWCASTLE	20000102	9999	178	11	NA	178	11	22.6	39.67278	-75.60083
USW00013781	WILMINGTONNEWCASTLE	20000103	9999	178	100	NA	178	100	22.6	39.67278	-75.60083
USW00013781	WILMINGTONNEWCASTLE	20000104	9999	200	83	NA	200	83	22.6	39.67278	-75.60083
USW00013781	WILMINGTONNEWCASTLE	20000105	9999	83	-28	NA	83	-28	22.6	39.67278	-75.60083
USW00013781	WILMINGTONNEWCASTLE	20000106	9999	61	-39	NA	61	-39	22.6	39.67278	-75.60083
USW00013781	WILMINGTONNEWCASTLE	20000107	9999	111	-28	NA	111	-28	22.6	39.67278	-75.60083
USW00013781	WILMINGTONNEWCASTLE	20000108	9999	50	-33	NA	50	-33	22.6	39.67278	-75.60083
USW00013781	WILMINGTONNEWCASTLE	20000109	9999	83	22	NA	83	22	22.6	39.67278	-75.60083
USW00013781	WILMINGTONNEWCASTLE	20000110	9999	139	56	NA	139	56	22.6	39.67278	-75.60083
USW00013781	WILMINGTONNEWCASTLE	20000111	9999	122	39	NA	122	39	22.6	39.67278	-75.60083
USW00013781	WILMINGTONNEWCASTLE	20000112	9999	83	11	NA	83	11	22.6	39.67278	-75.60083
USW00013781	WILMINGTONNEWCASTLE	20000113	9999	106	-56	NA	106	-56	22.6	39.67278	-75.60083
USW00013781	WILMINGTONNEWCASTLE	20000114	9999	-22	-78	NA	-22	-78	22.6	39.67278	-75.60083
USW00013781	WILMINGTONNEWCASTLE	20000115	9999	-6	-83	NA	-6	-83	22.6	39.67278	-75.60083
USW00013781	WILMINGTONNEWCASTLE	20000116	9999	111	-33	NA	111	-33	22.6	39.67278	-75.60083
USW00013781	WILMINGTONNEWCASTLE	20000117	9999	-33	-122	NA	-33	-122	22.6	39.67278	-75.60083
USW00013781	WILMINGTONNEWCASTLE	20000118	9999	-61	-139	NA	-61	-139	22.6	39.67278	-75.60083
USW00013781	WILMINGTONNEWCASTLE	20000119	9999	17	-111	NA	17	-111	22.6	39.67278	-75.60083
USW00013781	WILMINGTONNEWCASTLE	20000120	9999	-6	-44	NA	-6	-44	22.6	39.67278	-75.60083
USW00013781	WILMINGTONNEWCASTLE	20000121	9999	-44	-117	NA	-44	-117	22.6	39.67278	-75.60083
USW00013781	WILMINGTONNEWCASTLE	20000122	9999	-61	-128	NA	-61	-128	22.6	39.67278	-75.60083
USW00013781	WILMINGTONNEWCASTLE	20000123	9999	-22	-67	NA	-22	-67	22.6	39.67278	-75.60083
USW00013781	WILMINGTONNEWCASTLE	20000124	9999	33	-28	NA	33	-28	22.6	39.67278	-75.60083
USW00013781	WILMINGTONNEWCASTLE	20000125	9999	6	-39	NA	6	-39	22.6	39.67278	-75.60083
USW00013781	WILMINGTONNEWCASTLE	20000126	9999	-11	-56	NA	-11	-56	22.6	39.67278	-75.60083
USW00013781	WILMINGTONNEWCASTLE	20000127	9999	-50	-122	NA	-50	-122	22.6	39.67278	-75.60083
USW00013781	WILMINGTONNEWCASTLE	20000128	9999	-50	-144	NA	-50	-144	22.6	39.67278	-75.60083
USW00013781	WILMINGTONNEWCASTLE	20000129	9999	22	-117	NA	22	-117	22.6	39.67278	-75.60083
USW00013781	WILMINGTONNEWCASTLE	20000130	9999	11	-122	NA	11	-122	22.6	39.67278	-75.60083
USW00013781	WILMINGTONNEWCASTLE	20000131	9999	11	-33	NA	11	-33	22.6	39.67278	-75.60083
USW00013781	WILMINGTONNEWCASTLE	20010101	9999	22	-72	NA	22	-72	22.6	39.67278	-75.60083
USW00013781	WILMINGTONNEWCASTLE	20010102	9999	-17	-78	NA	-17	-78	22.6	39.67278	-75.60083
USW00013781	WILMINGTONNEWCASTLE	20010103	9999	0	-89	NA	0	-89	22.6	39.67278	-75.60083
USW00013781	WILMINGTONNEWCASTLE	20010104	9999	22	-72	NA	22	-72	22.6	39.67278	-75.60083
USW00013781	WILMINGTONNEWCASTLE	20010105	9999	0	-72	NA	0	-72	22.6	39.67278	-75.60083
USW00013781	WILMINGTONNEWCASTLE	20010106	9999	39	-39	NA	39	-39	22.6	39.67278	-75.60083
USW00013781	WILMINGTONNEWCASTLE	20010107	9999	67	-61	NA	67	-61	22.6	39.67278	-75.60083
USW00013781	WILMINGTONNEWCASTLE	20010108	9999	39	-17	NA	39	-17	22.6	39.67278	-75.60083
USW00013781	WILMINGTONNEWCASTLE	20010109	9999	17	-44	NA	17	-44	22.6	39.67278	-75.60083
USW00013781	WILMINGTONNEWCASTLE	20010110	9999	28	-44	NA	28	-44	22.6	39.67278	-75.60083
USW00013781	WILMINGTONNEWCASTLE	20010111	9999	100	-22	NA	100	-22	22.6	39.67278	-75.60083
USW00013781	WILMINGTONNEWCASTLE	20010112	9999	61	-44	NA	61	-44	22.6	39.67278	-75.60083
USW00013781	WILMINGTONNEWCASTLE	20010113	9999	50	-67	NA	50	-67	22.6	39.67278	-75.60083
USW00013781	WILMINGTONNEWCASTLE	20010114	9999	44	-56	NA	44	-56	22.6	39.67278	-75.60083
USW00013781	WILMINGTONNEWCASTLE	20010115	9999	44	22	NA	44	22	22.6	39.67278	-75.60083
USW00013781	WILMINGTONNEWCASTLE	20010116	9999	78	0	NA	78	0	22.6	39.67278	-75.60083
USW00013781	WILMINGTONNEWCASTLE	20010117	9999	56	-17	NA	56	-17	22.6	39.67278	-75.60083
USW00013781	WILMINGTONNEWCASTLE	20010118	9999	17	-22	NA	17	-22	22.6	39.67278	-75.60083
USW00013781	WILMINGTONNEWCASTLE	20010119	9999	44	11	NA	44	11	22.6	39.67278	-75.60083
USW00013781	WILMINGTONNEWCASTLE	20010120	9999	33	-11	NA	33	-11	22.6	39.67278	-75.60083
USW00013781	WILMINGTONNEWCASTLE	20010121	9999	-11	-67	NA	-11	-67	22.6	39.67278	-75.60083
USW00013781	WILMINGTONNEWCASTLE	20010122	9999	-6	-100	NA	-6	-100	22.6	39.67278	-75.60083
USW00013781	WILMINGTONNEWCASTLE	20010123	9999	17	-111	NA	17	-111	22.6	39.67278	-75.60083
USW00013781	WILMINGTONNEWCASTLE	20010124	9999	44	-44	NA	44	-44	22.6	39.67278	-75.60083
USW00013781	WILMINGTONNEWCASTLE	20010125	9999	33	-33	NA	33	-33	22.6	39.67278	-75.60083
USW00013781	WILMINGTONNEWCASTLE	20010126	9999	6	-67	NA	6	-67	22.6	39.67278	-75.60083
USW00013781	WILMINGTONNEWCASTLE	20010127	9999	56	-22	NA	56	-22	22.6	39.67278	-75.60083
USW00013781	WILMINGTONNEWCASTLE	20010128	9999	33	-39	NA	33	-39	22.6	39.67278	-75.60083
USW00013781	WILMINGTONNEWCASTLE	20010129	9999	33	-61	NA	33	-61	22.6	39.67278	-75.60083
USW00013781	WILMINGTONNEWCASTLE	20010130	9999	139	6	NA	139	6	22.6	39.67278	-75.60083
USW00013781	WILMINGTONNEWCASTLE	20010131	9999	100	-11	NA	100	-11	22.6	39.67278	-75.60083
USW00013781	WILMINGTONNEWCASTLE	20020101	9999	11	-72	NA	11	-72	22.6	39.67278	-75.60083
USW00013781	WILMINGTONNEWCASTLE	20020102	9999	28	-72	NA	28	-72	22.6	39.67278	-75.60083
USW00013781	WILMINGTONNEWCASTLE	20020103	9999	33	-50	NA	33	-50	22.6	39.67278	-75.60083
USW00013781	WILMINGTONNEWCASTLE	20020104	9999	39	-50	NA	39	-50	22.6	39.67278	-75.60083
USW00013781	WILMINGTONNEWCASTLE	20020105	9999	72	-33	NA	72	-33	22.6	39.67278	-75.60083
USW00013781	WILMINGTONNEWCASTLE	20020106	9999	39	-56	NA	39	-56	22.6	39.67278	-75.60083
USW00013781	WILMINGTONNEWCASTLE	20020107	9999	17	-17	NA	17	-17	22.6	39.67278	-75.60083
USW00013781	WILMINGTONNEWCASTLE	20020108	9999	22	-44	NA	22	-44	22.6	39.67278	-75.60083
USW00013781	WILMINGTONNEWCASTLE	20020109	9999	39	-22	NA	39	-22	22.6	39.67278	-75.60083
USW00013781	WILMINGTONNEWCASTLE	20020110	9999	133	11	NA	133	11	22.6	39.67278	-75.60083
USW00013781	WILMINGTONNEWCASTLE	20020111	9999	78	44	NA	78	44	22.6	39.67278	-75.60083
USW00013781	WILMINGTONNEWCASTLE	20020112	9999	83	-6	NA	83	-6	22.6	39.67278	-75.60083
USW00013781	WILMINGTONNEWCASTLE	20020113	9999	72	11	NA	72	11	22.6	39.67278	-75.60083
USW00013781	WILMINGTONNEWCASTLE	20020114	9999	72	-17	NA	72	-17	22.6	39.67278	-75.60083
USW00013781	WILMINGTONNEWCASTLE	20020115	9999	111	-22	NA	111	-22	22.6	39.67278	-75.60083
USW00013781	WILMINGTONNEWCASTLE	20020116	9999	67	6	NA	67	6	22.6	39.67278	-75.60083
USW00013781	WILMINGTONNEWCASTLE	20020117	9999	89	6	NA	89	6	22.6	39.67278	-75.60083
USW00013781	WILMINGTONNEWCASTLE	20020118	9999	44	-39	NA	44	-39	22.6	39.67278	-75.60083
USW00013781	WILMINGTONNEWCASTLE	20020119	9999	-6	-50	NA	-6	-50	22.6	39.67278	-75.60083
USW00013781	WILMINGTONNEWCASTLE	20020120	9999	22	-50	NA	22	-50	22.6	39.67278	-75.60083
USW00013781	WILMINGTONNEWCASTLE	20020121	9999	44	-44	NA	44	-44	22.6	39.67278	-75.60083
USW00013781	WILMINGTONNEWCASTLE	20020122	9999	78	0	NA	78	0	22.6	39.67278	-75.60083
USW00013781	WILMINGTONNEWCASTLE	20020123	9999	78	-11	NA	78	-11	22.6	39.67278	-75.60083
USW00013781	WILMINGTONNEWCASTLE	20020124	9999	111	61	NA	111	61	22.6	39.67278	-75.60083
USW00013781	WILMINGTONNEWCASTLE	20020125	9999	100	17	NA	100	17	22.6	39.67278	-75.60083
USW00013781	WILMINGTONNEWCASTLE	20020126	9999	117	-22	NA	117	-22	22.6	39.67278	-75.60083
USW00013781	WILMINGTONNEWCASTLE	20020127	9999	156	-28	NA	156	-28	22.6	39.67278	-75.60083
USW00013781	WILMINGTONNEWCASTLE	20020128	9999	167	-17	NA	167	-17	22.6	39.67278	-75.60083
USW00013781	WILMINGTONNEWCASTLE	20020129	9999	211	22	NA	211	22	22.6	39.67278	-75.60083
USW00013781	WILMINGTONNEWCASTLE	20020130	9999	189	83	NA	189	83	22.6	39.67278	-75.60083
USW00013781	WILMINGTONNEWCASTLE	20020131	9999	83	44	NA	83	44	22.6	39.67278	-75.60083
USW00013781	WILMINGTONNEWCASTLE	20030101	9999	94	50	NA	94	50	22.6	39.67278	-75.60083
USW00013781	WILMINGTONNEWCASTLE	20030102	9999	56	17	NA	56	17	22.6	39.67278	-75.60083
USW00013781	WILMINGTONNEWCASTLE	20030103	9999	61	17	NA	61	17	22.6	39.67278	-75.60083
USW00013781	WILMINGTONNEWCASTLE	20030104	9999	61	17	NA	61	17	22.6	39.67278	-75.60083
USW00013781	WILMINGTONNEWCASTLE	20030105	9999	39	-11	NA	39	-11	22.6	39.67278	-75.60083
USW00013781	WILMINGTONNEWCASTLE	20030106	9999	28	6	NA	28	6	22.6	39.67278	-75.60083
USW00013781	WILMINGTONNEWCASTLE	20030107	9999	17	-33	NA	17	-33	22.6	39.67278	-75.60083
USW00013781	WILMINGTONNEWCASTLE	20030108	9999	78	6	NA	78	6	22.6	39.67278	-75.60083
USW00013781	WILMINGTONNEWCASTLE	20030109	9999	133	-6	NA	133	-6	22.6	39.67278	-75.60083
USW00013781	WILMINGTONNEWCASTLE	20030110	9999	100	28	NA	100	28	22.6	39.67278	-75.60083
USW00013781	WILMINGTONNEWCASTLE	20030111	9999	0	-39	NA	0	-39	22.6	39.67278	-75.60083
USW00013781	WILMINGTONNEWCASTLE	20030112	9999	17	-50	NA	17	-50	22.6	39.67278	-75.60083
USW00013781	WILMINGTONNEWCASTLE	20030113	9999	50	-56	NA	50	-56	22.6	39.67278	-75.60083
USW00013781	WILMINGTONNEWCASTLE	20030114	9999	-11	-72	NA	-11	-72	22.6	39.67278	-75.60083
USW00013781	WILMINGTONNEWCASTLE	20030115	9999	-6	-67	NA	-6	-67	22.6	39.67278	-75.60083
USW00013781	WILMINGTONNEWCASTLE	20030116	9999	-28	-89	NA	-28	-89	22.6	39.67278	-75.60083
USW00013781	WILMINGTONNEWCASTLE	20030117	9999	-11	-94	NA	-11	-94	22.6	39.67278	-75.60083
USW00013781	WILMINGTONNEWCASTLE	20030118	9999	-56	-144	NA	-56	-144	22.6	39.67278	-75.60083
USW00013781	WILMINGTONNEWCASTLE	20030119	9999	-11	-111	NA	-11	-111	22.6	39.67278	-75.60083
USW00013781	WILMINGTONNEWCASTLE	20030120	9999	22	-78	NA	22	-78	22.6	39.67278	-75.60083
USW00013781	WILMINGTONNEWCASTLE	20030121	9999	-11	-89	NA	-11	-89	22.6	39.67278	-75.60083
USW00013781	WILMINGTONNEWCASTLE	20030122	9999	-44	-111	NA	-44	-111	22.6	39.67278	-75.60083
USW00013781	WILMINGTONNEWCASTLE	20030123	9999	-61	-117	NA	-61	-117	22.6	39.67278	-75.60083
USW00013781	WILMINGTONNEWCASTLE	20030124	9999	-11	-122	NA	-11	-122	22.6	39.67278	-75.60083
USW00013781	WILMINGTONNEWCASTLE	20030125	9999	0	-106	NA	0	-106	22.6	39.67278	-75.60083
USW00013781	WILMINGTONNEWCASTLE	20030126	9999	83	-89	NA	83	-89	22.6	39.67278	-75.60083
USW00013781	WILMINGTONNEWCASTLE	20030127	9999	22	-133	NA	22	-133	22.6	39.67278	-75.60083
USW00013781	WILMINGTONNEWCASTLE	20030128	9999	-22	-144	NA	-22	-144	22.6	39.67278	-75.60083
USW00013781	WILMINGTONNEWCASTLE	20030129	9999	-6	-50	NA	-6	-50	22.6	39.67278	-75.60083
USW00013781	WILMINGTONNEWCASTLE	20030130	9999	6	-72	NA	6	-72	22.6	39.67278	-75.60083
USW00013781	WILMINGTONNEWCASTLE	20030131	9999	22	0	NA	22	0	22.6	39.67278	-75.60083
USW00013781	WILMINGTONNEWCASTLE	20040101	9999	94	-28	NA	94	-28	22.6	39.67278	-75.60083
USW00013781	WILMINGTONNEWCASTLE	20040102	9999	83	17	NA	83	17	22.6	39.67278	-75.60083
USW00013781	WILMINGTONNEWCASTLE	20040103	9999	117	56	NA	117	56	22.6	39.67278	-75.60083
USW00013781	WILMINGTONNEWCASTLE	20040104	9999	133	50	NA	133	50	22.6	39.67278	-75.60083
USW00013781	WILMINGTONNEWCASTLE	20040105	9999	67	39	NA	67	39	22.6	39.67278	-75.60083
USW00013781	WILMINGTONNEWCASTLE	20040106	9999	44	-61	NA	44	-61	22.6	39.67278	-75.60083
USW00013781	WILMINGTONNEWCASTLE	20040107	9999	-28	-78	NA	-28	-78	22.6	39.67278	-75.60083
USW00013781	WILMINGTONNEWCASTLE	20040108	9999	-6	-67	NA	-6	-67	22.6	39.67278	-75.60083
USW00013781	WILMINGTONNEWCASTLE	20040109	9999	-11	-128	NA	-11	-128	22.6	39.67278	-75.60083
USW00013781	WILMINGTONNEWCASTLE	20040110	9999	-78	-156	NA	-78	-156	22.6	39.67278	-75.60083
USW00013781	WILMINGTONNEWCASTLE	20040111	9999	-17	-139	NA	-17	-139	22.6	39.67278	-75.60083
USW00013781	WILMINGTONNEWCASTLE	20040112	9999	50	-22	NA	50	-22	22.6	39.67278	-75.60083
USW00013781	WILMINGTONNEWCASTLE	20040113	9999	78	-39	NA	78	-39	22.6	39.67278	-75.60083
USW00013781	WILMINGTONNEWCASTLE	20040114	9999	-39	-94	NA	-39	-94	22.6	39.67278	-75.60083
USW00013781	WILMINGTONNEWCASTLE	20040115	9999	-56	-128	NA	-56	-128	22.6	39.67278	-75.60083
USW00013781	WILMINGTONNEWCASTLE	20040116	9999	-33	-133	NA	-33	-133	22.6	39.67278	-75.60083
USW00013781	WILMINGTONNEWCASTLE	20040117	9999	6	-83	NA	6	-83	22.6	39.67278	-75.60083
USW00013781	WILMINGTONNEWCASTLE	20040118	9999	17	-33	NA	17	-33	22.6	39.67278	-75.60083
USW00013781	WILMINGTONNEWCASTLE	20040119	9999	-22	-56	NA	-22	-56	22.6	39.67278	-75.60083
USW00013781	WILMINGTONNEWCASTLE	20040120	9999	-22	-67	NA	-22	-67	22.6	39.67278	-75.60083
USW00013781	WILMINGTONNEWCASTLE	20040121	9999	-22	-89	NA	-22	-89	22.6	39.67278	-75.60083
USW00013781	WILMINGTONNEWCASTLE	20040122	9999	50	-78	NA	50	-78	22.6	39.67278	-75.60083
USW00013781	WILMINGTONNEWCASTLE	20040123	9999	-72	-117	NA	-72	-117	22.6	39.67278	-75.60083
USW00013781	WILMINGTONNEWCASTLE	20040124	9999	-61	-106	NA	-61	-106	22.6	39.67278	-75.60083
USW00013781	WILMINGTONNEWCASTLE	20040125	9999	-78	-156	NA	-78	-156	22.6	39.67278	-75.60083
USW00013781	WILMINGTONNEWCASTLE	20040126	9999	-61	-94	NA	-61	-94	22.6	39.67278	-75.60083
USW00013781	WILMINGTONNEWCASTLE	20040127	9999	-22	-67	NA	-22	-67	22.6	39.67278	-75.60083
USW00013781	WILMINGTONNEWCASTLE	20040128	9999	-28	-78	NA	-28	-78	22.6	39.67278	-75.60083
USW00013781	WILMINGTONNEWCASTLE	20040129	9999	-17	-106	NA	-17	-106	22.6	39.67278	-75.60083
USW00013781	WILMINGTONNEWCASTLE	20040130	9999	-50	-100	NA	-50	-100	22.6	39.67278	-75.60083
USW00013781	WILMINGTONNEWCASTLE	20040131	9999	-44	-111	NA	-44	-111	22.6	39.67278	-75.60083
USW00013781	WILMINGTONNEWCASTLE	20050101	9999	183	33	NA	183	33	22.6	39.67278	-75.60083
USW00013781	WILMINGTONNEWCASTLE	20050102	9999	72	6	NA	72	6	22.6	39.67278	-75.60083
USW00013781	WILMINGTONNEWCASTLE	20050103	9999	133	33	NA	133	33	22.6	39.67278	-75.60083
USW00013781	WILMINGTONNEWCASTLE	20050104	9999	139	72	NA	139	72	22.6	39.67278	-75.60083
USW00013781	WILMINGTONNEWCASTLE	20050105	9999	78	22	NA	78	22	22.6	39.67278	-75.60083
USW00013781	WILMINGTONNEWCASTLE	20050106	9999	56	22	NA	56	22	22.6	39.67278	-75.60083
USW00013781	WILMINGTONNEWCASTLE	20050107	9999	61	22	NA	61	22	22.6	39.67278	-75.60083
USW00013781	WILMINGTONNEWCASTLE	20050108	9999	89	28	NA	89	28	22.6	39.67278	-75.60083
USW00013781	WILMINGTONNEWCASTLE	20050109	9999	44	17	NA	44	17	22.6	39.67278	-75.60083
USW00013781	WILMINGTONNEWCASTLE	20050110	9999	117	11	NA	117	11	22.6	39.67278	-75.60083
USW00013781	WILMINGTONNEWCASTLE	20050111	9999	50	-6	NA	50	-6	22.6	39.67278	-75.60083
USW00013781	WILMINGTONNEWCASTLE	20050112	9999	78	44	NA	78	44	22.6	39.67278	-75.60083
USW00013781	WILMINGTONNEWCASTLE	20050113	9999	206	67	NA	206	67	22.6	39.67278	-75.60083
USW00013781	WILMINGTONNEWCASTLE	20050114	9999	206	11	NA	206	11	22.6	39.67278	-75.60083
USW00013781	WILMINGTONNEWCASTLE	20050115	9999	17	-28	NA	17	-28	22.6	39.67278	-75.60083
USW00013781	WILMINGTONNEWCASTLE	20050116	9999	17	-33	NA	17	-33	22.6	39.67278	-75.60083
USW00013781	WILMINGTONNEWCASTLE	20050117	9999	-22	-89	NA	-22	-89	22.6	39.67278	-75.60083
USW00013781	WILMINGTONNEWCASTLE	20050118	9999	-72	-117	NA	-72	-117	22.6	39.67278	-75.60083
USW00013781	WILMINGTONNEWCASTLE	20050119	9999	-44	-122	NA	-44	-122	22.6	39.67278	-75.60083
USW00013781	WILMINGTONNEWCASTLE	20050120	9999	0	-61	NA	0	-61	22.6	39.67278	-75.60083
USW00013781	WILMINGTONNEWCASTLE	20050121	9999	-50	-128	NA	-50	-128	22.6	39.67278	-75.60083
USW00013781	WILMINGTONNEWCASTLE	20050122	9999	-61	-139	NA	-61	-139	22.6	39.67278	-75.60083
USW00013781	WILMINGTONNEWCASTLE	20050123	9999	-61	-122	NA	-61	-122	22.6	39.67278	-75.60083
USW00013781	WILMINGTONNEWCASTLE	20050124	9999	-44	-150	NA	-44	-150	22.6	39.67278	-75.60083
USW00013781	WILMINGTONNEWCASTLE	20050125	9999	6	-89	NA	6	-89	22.6	39.67278	-75.60083
USW00013781	WILMINGTONNEWCASTLE	20050126	9999	39	-39	NA	39	-39	22.6	39.67278	-75.60083
USW00013781	WILMINGTONNEWCASTLE	20050127	9999	-44	-122	NA	-44	-122	22.6	39.67278	-75.60083
USW00013781	WILMINGTONNEWCASTLE	20050128	9999	-33	-172	NA	-33	-172	22.6	39.67278	-75.60083
USW00013781	WILMINGTONNEWCASTLE	20050129	9999	-11	-144	NA	-11	-144	22.6	39.67278	-75.60083
USW00013781	WILMINGTONNEWCASTLE	20050130	9999	17	-44	NA	17	-44	22.6	39.67278	-75.60083
USW00013781	WILMINGTONNEWCASTLE	20050131	9999	22	-61	NA	22	-61	22.6	39.67278	-75.60083
