STATION	NAME	DATE	SNWD	TMAX	TMIN	SNWD2	TMAX2	TMIN2	ELEV	LAT	LONG
USC00369823	WOLFSBURG	19950101	0	9999	9999	0	NA	NA	361.2	40.0417	-78.5278
USC00369823	WOLFSBURG	19950102	0	9999	9999	0	NA	NA	361.2	40.0417	-78.5278
USC00369823	WOLFSBURG	19950103	0	9999	9999	0	NA	NA	361.2	40.0417	-78.5278
USC00369823	WOLFSBURG	19950104	0	9999	9999	0	NA	NA	361.2	40.0417	-78.5278
USC00369823	WOLFSBURG	19950105	0	9999	9999	0	NA	NA	361.2	40.0417	-78.5278
USC00369823	WOLFSBURG	19950106	0	9999	9999	0	NA	NA	361.2	40.0417	-78.5278
USC00369823	WOLFSBURG	19950107	0	9999	9999	0	NA	NA	361.2	40.0417	-78.5278
USC00369823	WOLFSBURG	19950108	0	9999	9999	0	NA	NA	361.2	40.0417	-78.5278
USC00369823	WOLFSBURG	19950109	0	9999	9999	0	NA	NA	361.2	40.0417	-78.5278
USC00369823	WOLFSBURG	19950110	0	9999	9999	0	NA	NA	361.2	40.0417	-78.5278
USC00369823	WOLFSBURG	19950111	0	9999	9999	0	NA	NA	361.2	40.0417	-78.5278
USC00369823	WOLFSBURG	19950112	0	9999	9999	0	NA	NA	361.2	40.0417	-78.5278
USC00369823	WOLFSBURG	19950113	0	9999	9999	0	NA	NA	361.2	40.0417	-78.5278
USC00369823	WOLFSBURG	19950114	0	9999	9999	0	NA	NA	361.2	40.0417	-78.5278
USC00369823	WOLFSBURG	19950115	0	9999	9999	0	NA	NA	361.2	40.0417	-78.5278
USC00369823	WOLFSBURG	19950116	0	9999	9999	0	NA	NA	361.2	40.0417	-78.5278
USC00369823	WOLFSBURG	19950117	0	9999	9999	0	NA	NA	361.2	40.0417	-78.5278
USC00369823	WOLFSBURG	19950118	0	9999	9999	0	NA	NA	361.2	40.0417	-78.5278
USC00369823	WOLFSBURG	19950119	0	9999	9999	0	NA	NA	361.2	40.0417	-78.5278
USC00369823	WOLFSBURG	19950120	0	9999	9999	0	NA	NA	361.2	40.0417	-78.5278
USC00369823	WOLFSBURG	19950121	0	9999	9999	0	NA	NA	361.2	40.0417	-78.5278
USC00369823	WOLFSBURG	19950122	0	9999	9999	0	NA	NA	361.2	40.0417	-78.5278
USC00369823	WOLFSBURG	19950123	25	9999	9999	25	NA	NA	361.2	40.0417	-78.5278
USC00369823	WOLFSBURG	19950124	0	9999	9999	0	NA	NA	361.2	40.0417	-78.5278
USC00369823	WOLFSBURG	19950125	0	9999	9999	0	NA	NA	361.2	40.0417	-78.5278
USC00369823	WOLFSBURG	19950126	0	9999	9999	0	NA	NA	361.2	40.0417	-78.5278
USC00369823	WOLFSBURG	19950127	0	9999	9999	0	NA	NA	361.2	40.0417	-78.5278
USC00369823	WOLFSBURG	19950128	0	9999	9999	0	NA	NA	361.2	40.0417	-78.5278
USC00369823	WOLFSBURG	19950129	0	9999	9999	0	NA	NA	361.2	40.0417	-78.5278
USC00369823	WOLFSBURG	19950130	0	9999	9999	0	NA	NA	361.2	40.0417	-78.5278
USC00369823	WOLFSBURG	19950131	0	9999	9999	0	NA	NA	361.2	40.0417	-78.5278
USC00369823	WOLFSBURG	19960101	0	9999	9999	0	NA	NA	361.2	40.0417	-78.5278
USC00369823	WOLFSBURG	19960102	0	9999	9999	0	NA	NA	361.2	40.0417	-78.5278
USC00369823	WOLFSBURG	19960103	51	9999	9999	51	NA	NA	361.2	40.0417	-78.5278
USC00369823	WOLFSBURG	19960104	51	9999	9999	51	NA	NA	361.2	40.0417	-78.5278
USC00369823	WOLFSBURG	19960105	51	9999	9999	51	NA	NA	361.2	40.0417	-78.5278
USC00369823	WOLFSBURG	19960106	51	9999	9999	51	NA	NA	361.2	40.0417	-78.5278
USC00369823	WOLFSBURG	19960107	152	9999	9999	152	NA	NA	361.2	40.0417	-78.5278
USC00369823	WOLFSBURG	19960108	457	9999	9999	457	NA	NA	361.2	40.0417	-78.5278
USC00369823	WOLFSBURG	19960109	381	9999	9999	381	NA	NA	361.2	40.0417	-78.5278
USC00369823	WOLFSBURG	19960110	381	9999	9999	381	NA	NA	361.2	40.0417	-78.5278
USC00369823	WOLFSBURG	19960111	356	9999	9999	356	NA	NA	361.2	40.0417	-78.5278
USC00369823	WOLFSBURG	19960112	356	9999	9999	356	NA	NA	361.2	40.0417	-78.5278
USC00369823	WOLFSBURG	19960113	356	9999	9999	356	NA	NA	361.2	40.0417	-78.5278
USC00369823	WOLFSBURG	19960114	356	9999	9999	356	NA	NA	361.2	40.0417	-78.5278
USC00369823	WOLFSBURG	19960115	279	9999	9999	279	NA	NA	361.2	40.0417	-78.5278
USC00369823	WOLFSBURG	19960116	254	9999	9999	254	NA	NA	361.2	40.0417	-78.5278
USC00369823	WOLFSBURG	19960117	254	9999	9999	254	NA	NA	361.2	40.0417	-78.5278
USC00369823	WOLFSBURG	19960118	203	9999	9999	203	NA	NA	361.2	40.0417	-78.5278
USC00369823	WOLFSBURG	19960119	25	9999	9999	25	NA	NA	361.2	40.0417	-78.5278
USC00369823	WOLFSBURG	19960120	0	9999	9999	0	NA	NA	361.2	40.0417	-78.5278
USC00369823	WOLFSBURG	19960121	0	9999	9999	0	NA	NA	361.2	40.0417	-78.5278
USC00369823	WOLFSBURG	19960122	0	9999	9999	0	NA	NA	361.2	40.0417	-78.5278
USC00369823	WOLFSBURG	19960123	0	9999	9999	0	NA	NA	361.2	40.0417	-78.5278
USC00369823	WOLFSBURG	19960124	0	9999	9999	0	NA	NA	361.2	40.0417	-78.5278
USC00369823	WOLFSBURG	19960125	0	9999	9999	0	NA	NA	361.2	40.0417	-78.5278
USC00369823	WOLFSBURG	19960126	0	9999	9999	0	NA	NA	361.2	40.0417	-78.5278
USC00369823	WOLFSBURG	19960127	0	9999	9999	0	NA	NA	361.2	40.0417	-78.5278
USC00369823	WOLFSBURG	19960128	0	9999	9999	0	NA	NA	361.2	40.0417	-78.5278
USC00369823	WOLFSBURG	19960129	0	9999	9999	0	NA	NA	361.2	40.0417	-78.5278
USC00369823	WOLFSBURG	19960130	0	9999	9999	0	NA	NA	361.2	40.0417	-78.5278
USC00369823	WOLFSBURG	19960131	25	9999	9999	25	NA	NA	361.2	40.0417	-78.5278
USC00369823	WOLFSBURG	19970101	0	9999	9999	0	NA	NA	361.2	40.0417	-78.5278
USC00369823	WOLFSBURG	19970102	0	9999	9999	0	NA	NA	361.2	40.0417	-78.5278
USC00369823	WOLFSBURG	19970103	0	9999	9999	0	NA	NA	361.2	40.0417	-78.5278
USC00369823	WOLFSBURG	19970104	0	9999	9999	0	NA	NA	361.2	40.0417	-78.5278
USC00369823	WOLFSBURG	19970105	0	9999	9999	0	NA	NA	361.2	40.0417	-78.5278
USC00369823	WOLFSBURG	19970106	0	9999	9999	0	NA	NA	361.2	40.0417	-78.5278
USC00369823	WOLFSBURG	19970107	0	9999	9999	0	NA	NA	361.2	40.0417	-78.5278
USC00369823	WOLFSBURG	19970108	0	9999	9999	0	NA	NA	361.2	40.0417	-78.5278
USC00369823	WOLFSBURG	19970109	25	9999	9999	25	NA	NA	361.2	40.0417	-78.5278
USC00369823	WOLFSBURG	19970110	76	9999	9999	76	NA	NA	361.2	40.0417	-78.5278
USC00369823	WOLFSBURG	19970111	76	9999	9999	76	NA	NA	361.2	40.0417	-78.5278
USC00369823	WOLFSBURG	19970112	76	9999	9999	76	NA	NA	361.2	40.0417	-78.5278
USC00369823	WOLFSBURG	19970113	76	9999	9999	76	NA	NA	361.2	40.0417	-78.5278
USC00369823	WOLFSBURG	19970114	51	9999	9999	51	NA	NA	361.2	40.0417	-78.5278
USC00369823	WOLFSBURG	19970115	51	9999	9999	51	NA	NA	361.2	40.0417	-78.5278
USC00369823	WOLFSBURG	19970116	51	9999	9999	51	NA	NA	361.2	40.0417	-78.5278
USC00369823	WOLFSBURG	19970117	51	9999	9999	51	NA	NA	361.2	40.0417	-78.5278
USC00369823	WOLFSBURG	19970118	51	9999	9999	51	NA	NA	361.2	40.0417	-78.5278
USC00369823	WOLFSBURG	19970119	51	9999	9999	51	NA	NA	361.2	40.0417	-78.5278
USC00369823	WOLFSBURG	19970120	51	9999	9999	51	NA	NA	361.2	40.0417	-78.5278
USC00369823	WOLFSBURG	19970121	25	9999	9999	25	NA	NA	361.2	40.0417	-78.5278
USC00369823	WOLFSBURG	19970122	25	9999	9999	25	NA	NA	361.2	40.0417	-78.5278
USC00369823	WOLFSBURG	19970123	9999	9999	9999	NA	NA	NA	361.2	40.0417	-78.5278
USC00369823	WOLFSBURG	19970124	9999	9999	9999	NA	NA	NA	361.2	40.0417	-78.5278
USC00369823	WOLFSBURG	19970125	102	9999	9999	102	NA	NA	361.2	40.0417	-78.5278
USC00369823	WOLFSBURG	19970126	76	9999	9999	76	NA	NA	361.2	40.0417	-78.5278
USC00369823	WOLFSBURG	19970127	76	9999	9999	76	NA	NA	361.2	40.0417	-78.5278
USC00369823	WOLFSBURG	19970128	51	9999	9999	51	NA	NA	361.2	40.0417	-78.5278
USC00369823	WOLFSBURG	19970129	51	9999	9999	51	NA	NA	361.2	40.0417	-78.5278
USC00369823	WOLFSBURG	19970130	51	9999	9999	51	NA	NA	361.2	40.0417	-78.5278
USC00369823	WOLFSBURG	19970131	51	9999	9999	51	NA	NA	361.2	40.0417	-78.5278
USC00369823	WOLFSBURG	19980101	51	9999	9999	51	NA	NA	361.2	40.0417	-78.5278
USC00369823	WOLFSBURG	19980102	51	9999	9999	51	NA	NA	361.2	40.0417	-78.5278
USC00369823	WOLFSBURG	19980103	0	9999	9999	0	NA	NA	361.2	40.0417	-78.5278
USC00369823	WOLFSBURG	19980104	0	9999	9999	0	NA	NA	361.2	40.0417	-78.5278
USC00369823	WOLFSBURG	19980105	0	9999	9999	0	NA	NA	361.2	40.0417	-78.5278
USC00369823	WOLFSBURG	19980106	0	9999	9999	0	NA	NA	361.2	40.0417	-78.5278
USC00369823	WOLFSBURG	19980107	0	9999	9999	0	NA	NA	361.2	40.0417	-78.5278
USC00369823	WOLFSBURG	19980108	0	9999	9999	0	NA	NA	361.2	40.0417	-78.5278
USC00369823	WOLFSBURG	19980109	0	9999	9999	0	NA	NA	361.2	40.0417	-78.5278
USC00369823	WOLFSBURG	19980110	0	9999	9999	0	NA	NA	361.2	40.0417	-78.5278
USC00369823	WOLFSBURG	19980111	0	9999	9999	0	NA	NA	361.2	40.0417	-78.5278
USC00369823	WOLFSBURG	19980112	0	9999	9999	0	NA	NA	361.2	40.0417	-78.5278
USC00369823	WOLFSBURG	19980113	0	9999	9999	0	NA	NA	361.2	40.0417	-78.5278
USC00369823	WOLFSBURG	19980114	0	9999	9999	0	NA	NA	361.2	40.0417	-78.5278
USC00369823	WOLFSBURG	19980115	0	9999	9999	0	NA	NA	361.2	40.0417	-78.5278
USC00369823	WOLFSBURG	19980116	0	9999	9999	0	NA	NA	361.2	40.0417	-78.5278
USC00369823	WOLFSBURG	19980117	0	9999	9999	0	NA	NA	361.2	40.0417	-78.5278
USC00369823	WOLFSBURG	19980118	0	9999	9999	0	NA	NA	361.2	40.0417	-78.5278
USC00369823	WOLFSBURG	19980119	0	9999	9999	0	NA	NA	361.2	40.0417	-78.5278
USC00369823	WOLFSBURG	19980120	0	9999	9999	0	NA	NA	361.2	40.0417	-78.5278
USC00369823	WOLFSBURG	19980121	0	9999	9999	0	NA	NA	361.2	40.0417	-78.5278
USC00369823	WOLFSBURG	19980122	0	9999	9999	0	NA	NA	361.2	40.0417	-78.5278
USC00369823	WOLFSBURG	19980123	76	9999	9999	76	NA	NA	361.2	40.0417	-78.5278
USC00369823	WOLFSBURG	19980124	51	9999	9999	51	NA	NA	361.2	40.0417	-78.5278
USC00369823	WOLFSBURG	19980125	25	9999	9999	25	NA	NA	361.2	40.0417	-78.5278
USC00369823	WOLFSBURG	19980126	25	9999	9999	25	NA	NA	361.2	40.0417	-78.5278
USC00369823	WOLFSBURG	19980127	0	9999	9999	0	NA	NA	361.2	40.0417	-78.5278
USC00369823	WOLFSBURG	19980128	127	9999	9999	127	NA	NA	361.2	40.0417	-78.5278
USC00369823	WOLFSBURG	19980129	51	9999	9999	51	NA	NA	361.2	40.0417	-78.5278
USC00369823	WOLFSBURG	19980130	25	9999	9999	25	NA	NA	361.2	40.0417	-78.5278
USC00369823	WOLFSBURG	19980131	0	9999	9999	0	NA	NA	361.2	40.0417	-78.5278
USC00369823	WOLFSBURG	19990101	0	9999	9999	0	NA	NA	361.2	40.0417	-78.5278
USC00369823	WOLFSBURG	19990102	0	9999	9999	0	NA	NA	361.2	40.0417	-78.5278
USC00369823	WOLFSBURG	19990103	76	9999	9999	76	NA	NA	361.2	40.0417	-78.5278
USC00369823	WOLFSBURG	19990104	76	9999	9999	76	NA	NA	361.2	40.0417	-78.5278
USC00369823	WOLFSBURG	19990105	76	9999	9999	76	NA	NA	361.2	40.0417	-78.5278
USC00369823	WOLFSBURG	19990106	76	9999	9999	76	NA	NA	361.2	40.0417	-78.5278
USC00369823	WOLFSBURG	19990107	102	9999	9999	102	NA	NA	361.2	40.0417	-78.5278
USC00369823	WOLFSBURG	19990108	127	9999	9999	127	NA	NA	361.2	40.0417	-78.5278
USC00369823	WOLFSBURG	19990109	152	9999	9999	152	NA	NA	361.2	40.0417	-78.5278
USC00369823	WOLFSBURG	19990110	102	9999	9999	102	NA	NA	361.2	40.0417	-78.5278
USC00369823	WOLFSBURG	19990111	127	9999	9999	127	NA	NA	361.2	40.0417	-78.5278
USC00369823	WOLFSBURG	19990112	152	9999	9999	152	NA	NA	361.2	40.0417	-78.5278
USC00369823	WOLFSBURG	19990113	102	9999	9999	102	NA	NA	361.2	40.0417	-78.5278
USC00369823	WOLFSBURG	19990114	76	9999	9999	76	NA	NA	361.2	40.0417	-78.5278
USC00369823	WOLFSBURG	19990115	102	9999	9999	102	NA	NA	361.2	40.0417	-78.5278
USC00369823	WOLFSBURG	19990116	102	9999	9999	102	NA	NA	361.2	40.0417	-78.5278
USC00369823	WOLFSBURG	19990117	76	9999	9999	76	NA	NA	361.2	40.0417	-78.5278
USC00369823	WOLFSBURG	19990118	76	9999	9999	76	NA	NA	361.2	40.0417	-78.5278
USC00369823	WOLFSBURG	19990119	76	9999	9999	76	NA	NA	361.2	40.0417	-78.5278
USC00369823	WOLFSBURG	19990120	76	9999	9999	76	NA	NA	361.2	40.0417	-78.5278
USC00369823	WOLFSBURG	19990121	51	9999	9999	51	NA	NA	361.2	40.0417	-78.5278
USC00369823	WOLFSBURG	19990122	51	9999	9999	51	NA	NA	361.2	40.0417	-78.5278
USC00369823	WOLFSBURG	19990123	51	9999	9999	51	NA	NA	361.2	40.0417	-78.5278
USC00369823	WOLFSBURG	19990124	0	9999	9999	0	NA	NA	361.2	40.0417	-78.5278
USC00369823	WOLFSBURG	19990125	0	9999	9999	0	NA	NA	361.2	40.0417	-78.5278
USC00369823	WOLFSBURG	19990126	0	9999	9999	0	NA	NA	361.2	40.0417	-78.5278
USC00369823	WOLFSBURG	19990127	0	9999	9999	0	NA	NA	361.2	40.0417	-78.5278
USC00369823	WOLFSBURG	19990128	0	9999	9999	0	NA	NA	361.2	40.0417	-78.5278
USC00369823	WOLFSBURG	19990129	0	9999	9999	0	NA	NA	361.2	40.0417	-78.5278
USC00369823	WOLFSBURG	19990130	0	9999	9999	0	NA	NA	361.2	40.0417	-78.5278
USC00369823	WOLFSBURG	19990131	0	9999	9999	0	NA	NA	361.2	40.0417	-78.5278
USC00369823	WOLFSBURG	20000101	0	9999	9999	0	NA	NA	361.2	40.0417	-78.5278
USC00369823	WOLFSBURG	20000102	0	9999	9999	0	NA	NA	361.2	40.0417	-78.5278
USC00369823	WOLFSBURG	20000103	0	9999	9999	0	NA	NA	361.2	40.0417	-78.5278
USC00369823	WOLFSBURG	20000104	0	9999	9999	0	NA	NA	361.2	40.0417	-78.5278
USC00369823	WOLFSBURG	20000105	0	9999	9999	0	NA	NA	361.2	40.0417	-78.5278
USC00369823	WOLFSBURG	20000106	0	9999	9999	0	NA	NA	361.2	40.0417	-78.5278
USC00369823	WOLFSBURG	20000107	0	9999	9999	0	NA	NA	361.2	40.0417	-78.5278
USC00369823	WOLFSBURG	20000108	0	9999	9999	0	NA	NA	361.2	40.0417	-78.5278
USC00369823	WOLFSBURG	20000109	0	9999	9999	0	NA	NA	361.2	40.0417	-78.5278
USC00369823	WOLFSBURG	20000110	0	9999	9999	0	NA	NA	361.2	40.0417	-78.5278
USC00369823	WOLFSBURG	20000111	0	9999	9999	0	NA	NA	361.2	40.0417	-78.5278
USC00369823	WOLFSBURG	20000112	0	9999	9999	0	NA	NA	361.2	40.0417	-78.5278
USC00369823	WOLFSBURG	20000113	0	9999	9999	0	NA	NA	361.2	40.0417	-78.5278
USC00369823	WOLFSBURG	20000114	0	9999	9999	0	NA	NA	361.2	40.0417	-78.5278
USC00369823	WOLFSBURG	20000115	0	9999	9999	0	NA	NA	361.2	40.0417	-78.5278
USC00369823	WOLFSBURG	20000116	0	9999	9999	0	NA	NA	361.2	40.0417	-78.5278
USC00369823	WOLFSBURG	20000117	0	9999	9999	0	NA	NA	361.2	40.0417	-78.5278
USC00369823	WOLFSBURG	20000118	0	9999	9999	0	NA	NA	361.2	40.0417	-78.5278
USC00369823	WOLFSBURG	20000119	0	9999	9999	0	NA	NA	361.2	40.0417	-78.5278
USC00369823	WOLFSBURG	20000120	102	9999	9999	102	NA	NA	361.2	40.0417	-78.5278
USC00369823	WOLFSBURG	20000121	127	9999	9999	127	NA	NA	361.2	40.0417	-78.5278
USC00369823	WOLFSBURG	20000122	102	9999	9999	102	NA	NA	361.2	40.0417	-78.5278
USC00369823	WOLFSBURG	20000123	102	9999	9999	102	NA	NA	361.2	40.0417	-78.5278
USC00369823	WOLFSBURG	20000124	76	9999	9999	76	NA	NA	361.2	40.0417	-78.5278
USC00369823	WOLFSBURG	20000125	76	9999	9999	76	NA	NA	361.2	40.0417	-78.5278
USC00369823	WOLFSBURG	20000126	51	9999	9999	51	NA	NA	361.2	40.0417	-78.5278
USC00369823	WOLFSBURG	20000127	51	9999	9999	51	NA	NA	361.2	40.0417	-78.5278
USC00369823	WOLFSBURG	20000128	51	9999	9999	51	NA	NA	361.2	40.0417	-78.5278
USC00369823	WOLFSBURG	20000129	25	9999	9999	25	NA	NA	361.2	40.0417	-78.5278
USC00369823	WOLFSBURG	20000130	51	9999	9999	51	NA	NA	361.2	40.0417	-78.5278
USC00369823	WOLFSBURG	20000131	127	9999	9999	127	NA	NA	361.2	40.0417	-78.5278
USC00369823	WOLFSBURG	20010101	25	9999	9999	25	NA	NA	361.2	40.0417	-78.5278
USC00369823	WOLFSBURG	20010102	25	9999	9999	25	NA	NA	361.2	40.0417	-78.5278
USC00369823	WOLFSBURG	20010103	25	9999	9999	25	NA	NA	361.2	40.0417	-78.5278
USC00369823	WOLFSBURG	20010104	25	9999	9999	25	NA	NA	361.2	40.0417	-78.5278
USC00369823	WOLFSBURG	20010105	51	9999	9999	51	NA	NA	361.2	40.0417	-78.5278
USC00369823	WOLFSBURG	20010106	76	9999	9999	76	NA	NA	361.2	40.0417	-78.5278
USC00369823	WOLFSBURG	20010107	76	9999	9999	76	NA	NA	361.2	40.0417	-78.5278
USC00369823	WOLFSBURG	20010108	25	9999	9999	25	NA	NA	361.2	40.0417	-78.5278
USC00369823	WOLFSBURG	20010109	51	9999	9999	51	NA	NA	361.2	40.0417	-78.5278
USC00369823	WOLFSBURG	20010110	25	9999	9999	25	NA	NA	361.2	40.0417	-78.5278
USC00369823	WOLFSBURG	20010111	25	9999	9999	25	NA	NA	361.2	40.0417	-78.5278
USC00369823	WOLFSBURG	20010112	25	9999	9999	25	NA	NA	361.2	40.0417	-78.5278
USC00369823	WOLFSBURG	20010113	25	9999	9999	25	NA	NA	361.2	40.0417	-78.5278
USC00369823	WOLFSBURG	20010114	25	9999	9999	25	NA	NA	361.2	40.0417	-78.5278
USC00369823	WOLFSBURG	20010115	25	9999	9999	25	NA	NA	361.2	40.0417	-78.5278
USC00369823	WOLFSBURG	20010116	25	9999	9999	25	NA	NA	361.2	40.0417	-78.5278
USC00369823	WOLFSBURG	20010117	25	9999	9999	25	NA	NA	361.2	40.0417	-78.5278
USC00369823	WOLFSBURG	20010118	0	9999	9999	0	NA	NA	361.2	40.0417	-78.5278
USC00369823	WOLFSBURG	20010119	25	9999	9999	25	NA	NA	361.2	40.0417	-78.5278
USC00369823	WOLFSBURG	20010120	25	9999	9999	25	NA	NA	361.2	40.0417	-78.5278
USC00369823	WOLFSBURG	20010121	127	9999	9999	127	NA	NA	361.2	40.0417	-78.5278
USC00369823	WOLFSBURG	20010122	102	9999	9999	102	NA	NA	361.2	40.0417	-78.5278
USC00369823	WOLFSBURG	20010123	76	9999	9999	76	NA	NA	361.2	40.0417	-78.5278
USC00369823	WOLFSBURG	20010124	76	9999	9999	76	NA	NA	361.2	40.0417	-78.5278
USC00369823	WOLFSBURG	20010125	51	9999	9999	51	NA	NA	361.2	40.0417	-78.5278
USC00369823	WOLFSBURG	20010126	51	9999	9999	51	NA	NA	361.2	40.0417	-78.5278
USC00369823	WOLFSBURG	20010127	51	9999	9999	51	NA	NA	361.2	40.0417	-78.5278
USC00369823	WOLFSBURG	20010128	51	9999	9999	51	NA	NA	361.2	40.0417	-78.5278
USC00369823	WOLFSBURG	20010129	51	9999	9999	51	NA	NA	361.2	40.0417	-78.5278
USC00369823	WOLFSBURG	20010130	9999	9999	9999	NA	NA	NA	361.2	40.0417	-78.5278
USC00369823	WOLFSBURG	20010131	9999	9999	9999	NA	NA	NA	361.2	40.0417	-78.5278
USC00369823	WOLFSBURG	20020101	0	9999	9999	0	NA	NA	361.2	40.0417	-78.5278
USC00369823	WOLFSBURG	20020102	0	9999	9999	0	NA	NA	361.2	40.0417	-78.5278
USC00369823	WOLFSBURG	20020103	0	9999	9999	0	NA	NA	361.2	40.0417	-78.5278
USC00369823	WOLFSBURG	20020104	0	9999	9999	0	NA	NA	361.2	40.0417	-78.5278
USC00369823	WOLFSBURG	20020105	0	9999	9999	0	NA	NA	361.2	40.0417	-78.5278
USC00369823	WOLFSBURG	20020106	0	9999	9999	0	NA	NA	361.2	40.0417	-78.5278
USC00369823	WOLFSBURG	20020107	152	9999	9999	152	NA	NA	361.2	40.0417	-78.5278
USC00369823	WOLFSBURG	20020108	102	9999	9999	102	NA	NA	361.2	40.0417	-78.5278
USC00369823	WOLFSBURG	20020109	102	9999	9999	102	NA	NA	361.2	40.0417	-78.5278
USC00369823	WOLFSBURG	20020110	51	9999	9999	51	NA	NA	361.2	40.0417	-78.5278
USC00369823	WOLFSBURG	20020111	9999	9999	9999	NA	NA	NA	361.2	40.0417	-78.5278
USC00369823	WOLFSBURG	20020112	9999	9999	9999	NA	NA	NA	361.2	40.0417	-78.5278
USC00369823	WOLFSBURG	20020113	0	9999	9999	0	NA	NA	361.2	40.0417	-78.5278
USC00369823	WOLFSBURG	20020114	0	9999	9999	0	NA	NA	361.2	40.0417	-78.5278
USC00369823	WOLFSBURG	20020115	0	9999	9999	0	NA	NA	361.2	40.0417	-78.5278
USC00369823	WOLFSBURG	20020116	0	9999	9999	0	NA	NA	361.2	40.0417	-78.5278
USC00369823	WOLFSBURG	20020117	0	9999	9999	0	NA	NA	361.2	40.0417	-78.5278
USC00369823	WOLFSBURG	20020118	0	9999	9999	0	NA	NA	361.2	40.0417	-78.5278
USC00369823	WOLFSBURG	20020119	0	9999	9999	0	NA	NA	361.2	40.0417	-78.5278
USC00369823	WOLFSBURG	20020120	51	9999	9999	51	NA	NA	361.2	40.0417	-78.5278
USC00369823	WOLFSBURG	20020121	51	9999	9999	51	NA	NA	361.2	40.0417	-78.5278
USC00369823	WOLFSBURG	20020122	25	9999	9999	25	NA	NA	361.2	40.0417	-78.5278
USC00369823	WOLFSBURG	20020123	9999	9999	9999	NA	NA	NA	361.2	40.0417	-78.5278
USC00369823	WOLFSBURG	20020124	9999	9999	9999	NA	NA	NA	361.2	40.0417	-78.5278
USC00369823	WOLFSBURG	20020125	0	9999	9999	0	NA	NA	361.2	40.0417	-78.5278
USC00369823	WOLFSBURG	20020126	0	9999	9999	0	NA	NA	361.2	40.0417	-78.5278
USC00369823	WOLFSBURG	20020127	0	9999	9999	0	NA	NA	361.2	40.0417	-78.5278
USC00369823	WOLFSBURG	20020128	0	9999	9999	0	NA	NA	361.2	40.0417	-78.5278
USC00369823	WOLFSBURG	20020129	0	9999	9999	0	NA	NA	361.2	40.0417	-78.5278
USC00369823	WOLFSBURG	20020130	0	9999	9999	0	NA	NA	361.2	40.0417	-78.5278
USC00369823	WOLFSBURG	20020131	0	9999	9999	0	NA	NA	361.2	40.0417	-78.5278
USC00369823	WOLFSBURG	20030101	0	9999	9999	0	NA	NA	361.2	40.0417	-78.5278
USC00369823	WOLFSBURG	20030102	0	9999	9999	0	NA	NA	361.2	40.0417	-78.5278
USC00369823	WOLFSBURG	20030103	25	9999	9999	25	NA	NA	361.2	40.0417	-78.5278
USC00369823	WOLFSBURG	20030104	127	9999	9999	127	NA	NA	361.2	40.0417	-78.5278
USC00369823	WOLFSBURG	20030105	102	9999	9999	102	NA	NA	361.2	40.0417	-78.5278
USC00369823	WOLFSBURG	20030106	102	9999	9999	102	NA	NA	361.2	40.0417	-78.5278
USC00369823	WOLFSBURG	20030107	76	9999	9999	76	NA	NA	361.2	40.0417	-78.5278
USC00369823	WOLFSBURG	20030108	76	9999	9999	76	NA	NA	361.2	40.0417	-78.5278
USC00369823	WOLFSBURG	20030109	0	9999	9999	0	NA	NA	361.2	40.0417	-78.5278
USC00369823	WOLFSBURG	20030110	0	9999	9999	0	NA	NA	361.2	40.0417	-78.5278
USC00369823	WOLFSBURG	20030111	0	9999	9999	0	NA	NA	361.2	40.0417	-78.5278
USC00369823	WOLFSBURG	20030112	0	9999	9999	0	NA	NA	361.2	40.0417	-78.5278
USC00369823	WOLFSBURG	20030113	0	9999	9999	0	NA	NA	361.2	40.0417	-78.5278
USC00369823	WOLFSBURG	20030114	0	9999	9999	0	NA	NA	361.2	40.0417	-78.5278
USC00369823	WOLFSBURG	20030115	0	9999	9999	0	NA	NA	361.2	40.0417	-78.5278
USC00369823	WOLFSBURG	20030116	0	9999	9999	0	NA	NA	361.2	40.0417	-78.5278
USC00369823	WOLFSBURG	20030117	25	9999	9999	25	NA	NA	361.2	40.0417	-78.5278
USC00369823	WOLFSBURG	20030118	25	9999	9999	25	NA	NA	361.2	40.0417	-78.5278
USC00369823	WOLFSBURG	20030119	25	9999	9999	25	NA	NA	361.2	40.0417	-78.5278
USC00369823	WOLFSBURG	20030120	25	9999	9999	25	NA	NA	361.2	40.0417	-78.5278
USC00369823	WOLFSBURG	20030121	25	9999	9999	25	NA	NA	361.2	40.0417	-78.5278
USC00369823	WOLFSBURG	20030122	25	9999	9999	25	NA	NA	361.2	40.0417	-78.5278
USC00369823	WOLFSBURG	20030123	25	9999	9999	25	NA	NA	361.2	40.0417	-78.5278
USC00369823	WOLFSBURG	20030124	25	9999	9999	25	NA	NA	361.2	40.0417	-78.5278
USC00369823	WOLFSBURG	20030125	25	9999	9999	25	NA	NA	361.2	40.0417	-78.5278
USC00369823	WOLFSBURG	20030126	25	9999	9999	25	NA	NA	361.2	40.0417	-78.5278
USC00369823	WOLFSBURG	20030127	25	9999	9999	25	NA	NA	361.2	40.0417	-78.5278
USC00369823	WOLFSBURG	20030128	25	9999	9999	25	NA	NA	361.2	40.0417	-78.5278
USC00369823	WOLFSBURG	20030129	25	9999	9999	25	NA	NA	361.2	40.0417	-78.5278
USC00369823	WOLFSBURG	20030130	25	9999	9999	25	NA	NA	361.2	40.0417	-78.5278
USC00369823	WOLFSBURG	20030131	0	9999	9999	0	NA	NA	361.2	40.0417	-78.5278
USC00369823	WOLFSBURG	20040101	0	9999	9999	0	NA	NA	361.2	40.0417	-78.5278
USC00369823	WOLFSBURG	20040102	0	9999	9999	0	NA	NA	361.2	40.0417	-78.5278
USC00369823	WOLFSBURG	20040103	0	9999	9999	0	NA	NA	361.2	40.0417	-78.5278
USC00369823	WOLFSBURG	20040104	0	9999	9999	0	NA	NA	361.2	40.0417	-78.5278
USC00369823	WOLFSBURG	20040105	0	9999	9999	0	NA	NA	361.2	40.0417	-78.5278
USC00369823	WOLFSBURG	20040106	0	9999	9999	0	NA	NA	361.2	40.0417	-78.5278
USC00369823	WOLFSBURG	20040107	0	9999	9999	0	NA	NA	361.2	40.0417	-78.5278
USC00369823	WOLFSBURG	20040108	0	9999	9999	0	NA	NA	361.2	40.0417	-78.5278
USC00369823	WOLFSBURG	20040109	0	9999	9999	0	NA	NA	361.2	40.0417	-78.5278
USC00369823	WOLFSBURG	20040110	0	9999	9999	0	NA	NA	361.2	40.0417	-78.5278
USC00369823	WOLFSBURG	20040111	0	9999	9999	0	NA	NA	361.2	40.0417	-78.5278
USC00369823	WOLFSBURG	20040112	0	9999	9999	0	NA	NA	361.2	40.0417	-78.5278
USC00369823	WOLFSBURG	20040113	0	9999	9999	0	NA	NA	361.2	40.0417	-78.5278
USC00369823	WOLFSBURG	20040114	0	9999	9999	0	NA	NA	361.2	40.0417	-78.5278
USC00369823	WOLFSBURG	20040115	127	9999	9999	127	NA	NA	361.2	40.0417	-78.5278
USC00369823	WOLFSBURG	20040116	102	9999	9999	102	NA	NA	361.2	40.0417	-78.5278
USC00369823	WOLFSBURG	20040117	76	9999	9999	76	NA	NA	361.2	40.0417	-78.5278
USC00369823	WOLFSBURG	20040118	127	9999	9999	127	NA	NA	361.2	40.0417	-78.5278
USC00369823	WOLFSBURG	20040119	102	9999	9999	102	NA	NA	361.2	40.0417	-78.5278
USC00369823	WOLFSBURG	20040120	76	9999	9999	76	NA	NA	361.2	40.0417	-78.5278
USC00369823	WOLFSBURG	20040121	76	9999	9999	76	NA	NA	361.2	40.0417	-78.5278
USC00369823	WOLFSBURG	20040122	76	9999	9999	76	NA	NA	361.2	40.0417	-78.5278
USC00369823	WOLFSBURG	20040123	76	9999	9999	76	NA	NA	361.2	40.0417	-78.5278
USC00369823	WOLFSBURG	20040124	127	9999	9999	127	NA	NA	361.2	40.0417	-78.5278
USC00369823	WOLFSBURG	20040125	102	9999	9999	102	NA	NA	361.2	40.0417	-78.5278
USC00369823	WOLFSBURG	20040126	203	9999	9999	203	NA	NA	361.2	40.0417	-78.5278
USC00369823	WOLFSBURG	20040127	178	9999	9999	178	NA	NA	361.2	40.0417	-78.5278
USC00369823	WOLFSBURG	20040128	330	9999	9999	330	NA	NA	361.2	40.0417	-78.5278
USC00369823	WOLFSBURG	20040129	254	9999	9999	254	NA	NA	361.2	40.0417	-78.5278
USC00369823	WOLFSBURG	20040130	254	9999	9999	254	NA	NA	361.2	40.0417	-78.5278
USC00369823	WOLFSBURG	20040131	203	9999	9999	203	NA	NA	361.2	40.0417	-78.5278
USC00369823	WOLFSBURG	20050101	0	9999	9999	0	NA	NA	361.2	40.0417	-78.5278
USC00369823	WOLFSBURG	20050102	0	9999	9999	0	NA	NA	361.2	40.0417	-78.5278
USC00369823	WOLFSBURG	20050103	0	9999	9999	0	NA	NA	361.2	40.0417	-78.5278
USC00369823	WOLFSBURG	20050104	0	9999	9999	0	NA	NA	361.2	40.0417	-78.5278
USC00369823	WOLFSBURG	20050105	0	9999	9999	0	NA	NA	361.2	40.0417	-78.5278
USC00369823	WOLFSBURG	20050106	0	9999	9999	0	NA	NA	361.2	40.0417	-78.5278
USC00369823	WOLFSBURG	20050107	0	9999	9999	0	NA	NA	361.2	40.0417	-78.5278
USC00369823	WOLFSBURG	20050108	0	9999	9999	0	NA	NA	361.2	40.0417	-78.5278
USC00369823	WOLFSBURG	20050109	0	9999	9999	0	NA	NA	361.2	40.0417	-78.5278
USC00369823	WOLFSBURG	20050110	0	9999	9999	0	NA	NA	361.2	40.0417	-78.5278
USC00369823	WOLFSBURG	20050111	0	9999	9999	0	NA	NA	361.2	40.0417	-78.5278
USC00369823	WOLFSBURG	20050112	0	9999	9999	0	NA	NA	361.2	40.0417	-78.5278
USC00369823	WOLFSBURG	20050113	0	9999	9999	0	NA	NA	361.2	40.0417	-78.5278
USC00369823	WOLFSBURG	20050114	0	9999	9999	0	NA	NA	361.2	40.0417	-78.5278
USC00369823	WOLFSBURG	20050115	0	9999	9999	0	NA	NA	361.2	40.0417	-78.5278
USC00369823	WOLFSBURG	20050116	0	9999	9999	0	NA	NA	361.2	40.0417	-78.5278
USC00369823	WOLFSBURG	20050117	25	9999	9999	25	NA	NA	361.2	40.0417	-78.5278
USC00369823	WOLFSBURG	20050118	25	9999	9999	25	NA	NA	361.2	40.0417	-78.5278
USC00369823	WOLFSBURG	20050119	25	9999	9999	25	NA	NA	361.2	40.0417	-78.5278
USC00369823	WOLFSBURG	20050120	25	9999	9999	25	NA	NA	361.2	40.0417	-78.5278
USC00369823	WOLFSBURG	20050121	25	9999	9999	25	NA	NA	361.2	40.0417	-78.5278
USC00369823	WOLFSBURG	20050122	25	9999	9999	25	NA	NA	361.2	40.0417	-78.5278
USC00369823	WOLFSBURG	20050123	102	9999	9999	102	NA	NA	361.2	40.0417	-78.5278
USC00369823	WOLFSBURG	20050124	102	9999	9999	102	NA	NA	361.2	40.0417	-78.5278
USC00369823	WOLFSBURG	20050125	76	9999	9999	76	NA	NA	361.2	40.0417	-78.5278
USC00369823	WOLFSBURG	20050126	76	9999	9999	76	NA	NA	361.2	40.0417	-78.5278
USC00369823	WOLFSBURG	20050127	51	9999	9999	51	NA	NA	361.2	40.0417	-78.5278
USC00369823	WOLFSBURG	20050128	51	9999	9999	51	NA	NA	361.2	40.0417	-78.5278
USC00369823	WOLFSBURG	20050129	25	9999	9999	25	NA	NA	361.2	40.0417	-78.5278
USC00369823	WOLFSBURG	20050130	51	9999	9999	51	NA	NA	361.2	40.0417	-78.5278
USC00369823	WOLFSBURG	20050131	25	9999	9999	25	NA	NA	361.2	40.0417	-78.5278
