STATION	NAME	DATE	SNWD	TMAX	TMIN	SNWD2	TMAX2	TMIN2	ELEV	LAT	LONG
USC00369933	YORKPUMPSTATION	19950101	0	122	-6	0	122	-6	118.9	39.9167	-76.7500
USC00369933	YORKPUMPSTATION	19950102	0	83	-33	0	83	-33	118.9	39.9167	-76.7500
USC00369933	YORKPUMPSTATION	19950103	0	-11	-94	0	-11	-94	118.9	39.9167	-76.7500
USC00369933	YORKPUMPSTATION	19950104	0	-17	-50	0	-17	-50	118.9	39.9167	-76.7500
USC00369933	YORKPUMPSTATION	19950105	0	-50	-122	0	-50	-122	118.9	39.9167	-76.7500
USC00369933	YORKPUMPSTATION	19950106	0	22	-128	0	22	-128	118.9	39.9167	-76.7500
USC00369933	YORKPUMPSTATION	19950107	0	44	-17	0	44	-17	118.9	39.9167	-76.7500
USC00369933	YORKPUMPSTATION	19950108	0	33	-22	0	33	-22	118.9	39.9167	-76.7500
USC00369933	YORKPUMPSTATION	19950109	0	61	-56	0	61	-56	118.9	39.9167	-76.7500
USC00369933	YORKPUMPSTATION	19950110	0	17	-67	0	17	-67	118.9	39.9167	-76.7500
USC00369933	YORKPUMPSTATION	19950111	0	11	-28	0	11	-28	118.9	39.9167	-76.7500
USC00369933	YORKPUMPSTATION	19950112	0	94	6	0	94	6	118.9	39.9167	-76.7500
USC00369933	YORKPUMPSTATION	19950113	0	117	-6	0	117	-6	118.9	39.9167	-76.7500
USC00369933	YORKPUMPSTATION	19950114	0	194	17	0	194	17	118.9	39.9167	-76.7500
USC00369933	YORKPUMPSTATION	19950115	0	178	144	0	178	144	118.9	39.9167	-76.7500
USC00369933	YORKPUMPSTATION	19950116	0	167	78	0	167	78	118.9	39.9167	-76.7500
USC00369933	YORKPUMPSTATION	19950117	0	83	39	0	83	39	118.9	39.9167	-76.7500
USC00369933	YORKPUMPSTATION	19950118	0	78	6	0	78	6	118.9	39.9167	-76.7500
USC00369933	YORKPUMPSTATION	19950119	0	72	44	0	72	44	118.9	39.9167	-76.7500
USC00369933	YORKPUMPSTATION	19950120	0	94	50	0	94	50	118.9	39.9167	-76.7500
USC00369933	YORKPUMPSTATION	19950121	0	56	6	0	56	6	118.9	39.9167	-76.7500
USC00369933	YORKPUMPSTATION	19950122	0	17	-28	0	17	-28	118.9	39.9167	-76.7500
USC00369933	YORKPUMPSTATION	19950123	0	28	-56	0	28	-56	118.9	39.9167	-76.7500
USC00369933	YORKPUMPSTATION	19950124	0	22	-56	0	22	-56	118.9	39.9167	-76.7500
USC00369933	YORKPUMPSTATION	19950125	0	44	-17	0	44	-17	118.9	39.9167	-76.7500
USC00369933	YORKPUMPSTATION	19950126	0	28	-72	0	28	-72	118.9	39.9167	-76.7500
USC00369933	YORKPUMPSTATION	19950127	0	39	-56	0	39	-56	118.9	39.9167	-76.7500
USC00369933	YORKPUMPSTATION	19950128	0	17	-39	0	17	-39	118.9	39.9167	-76.7500
USC00369933	YORKPUMPSTATION	19950129	0	22	-94	0	22	-94	118.9	39.9167	-76.7500
USC00369933	YORKPUMPSTATION	19950130	0	17	-83	0	17	-83	118.9	39.9167	-76.7500
USC00369933	YORKPUMPSTATION	19950131	0	67	-89	0	67	-89	118.9	39.9167	-76.7500
USC00369933	YORKPUMPSTATION	19960101	51	33	0	51	33	0	118.9	39.9167	-76.7500
USC00369933	YORKPUMPSTATION	19960102	51	11	0	51	11	0	118.9	39.9167	-76.7500
USC00369933	YORKPUMPSTATION	19960103	25	6	-33	25	6	-33	118.9	39.9167	-76.7500
USC00369933	YORKPUMPSTATION	19960104	25	-33	-100	25	-33	-100	118.9	39.9167	-76.7500
USC00369933	YORKPUMPSTATION	19960105	25	-33	-94	25	-33	-94	118.9	39.9167	-76.7500
USC00369933	YORKPUMPSTATION	19960106	25	-50	-122	25	-50	-122	118.9	39.9167	-76.7500
USC00369933	YORKPUMPSTATION	19960107	330	-89	-117	330	-89	-117	118.9	39.9167	-76.7500
USC00369933	YORKPUMPSTATION	19960108	787	-17	-100	787	-17	-100	118.9	39.9167	-76.7500
USC00369933	YORKPUMPSTATION	19960109	813	-33	-178	813	-33	-178	118.9	39.9167	-76.7500
USC00369933	YORKPUMPSTATION	19960110	838	-6	-100	838	-6	-100	118.9	39.9167	-76.7500
USC00369933	YORKPUMPSTATION	19960111	762	-61	-150	762	-61	-150	118.9	39.9167	-76.7500
USC00369933	YORKPUMPSTATION	19960112	762	-39	-111	762	-39	-111	118.9	39.9167	-76.7500
USC00369933	YORKPUMPSTATION	19960113	686	22	-89	686	22	-89	118.9	39.9167	-76.7500
USC00369933	YORKPUMPSTATION	19960114	635	67	-106	635	67	-106	118.9	39.9167	-76.7500
USC00369933	YORKPUMPSTATION	19960115	584	72	-72	584	72	-72	118.9	39.9167	-76.7500
USC00369933	YORKPUMPSTATION	19960116	584	0	-150	584	0	-150	118.9	39.9167	-76.7500
USC00369933	YORKPUMPSTATION	19960117	559	56	-50	559	56	-50	118.9	39.9167	-76.7500
USC00369933	YORKPUMPSTATION	19960118	533	72	-33	533	72	-33	118.9	39.9167	-76.7500
USC00369933	YORKPUMPSTATION	19960119	203	128	-11	203	128	-11	118.9	39.9167	-76.7500
USC00369933	YORKPUMPSTATION	19960120	203	-11	-111	203	-11	-111	118.9	39.9167	-76.7500
USC00369933	YORKPUMPSTATION	19960121	203	-22	-128	203	-22	-128	118.9	39.9167	-76.7500
USC00369933	YORKPUMPSTATION	19960122	178	56	-122	178	56	-122	118.9	39.9167	-76.7500
USC00369933	YORKPUMPSTATION	19960123	178	17	-61	178	17	-61	118.9	39.9167	-76.7500
USC00369933	YORKPUMPSTATION	19960124	152	83	-6	152	83	-6	118.9	39.9167	-76.7500
USC00369933	YORKPUMPSTATION	19960125	152	56	-44	152	56	-44	118.9	39.9167	-76.7500
USC00369933	YORKPUMPSTATION	19960126	152	56	-78	152	56	-78	118.9	39.9167	-76.7500
USC00369933	YORKPUMPSTATION	19960127	0	106	6	0	106	6	118.9	39.9167	-76.7500
USC00369933	YORKPUMPSTATION	19960128	0	39	-44	0	39	-44	118.9	39.9167	-76.7500
USC00369933	YORKPUMPSTATION	19960129	0	6	-72	0	6	-72	118.9	39.9167	-76.7500
USC00369933	YORKPUMPSTATION	19960130	0	67	-39	0	67	-39	118.9	39.9167	-76.7500
USC00369933	YORKPUMPSTATION	19960131	0	39	-61	0	39	-61	118.9	39.9167	-76.7500
USC00369933	YORKPUMPSTATION	19970101	0	39	-72	0	39	-72	118.9	39.9167	-76.7500
USC00369933	YORKPUMPSTATION	19970102	0	94	-39	0	94	-39	118.9	39.9167	-76.7500
USC00369933	YORKPUMPSTATION	19970103	0	200	89	0	200	89	118.9	39.9167	-76.7500
USC00369933	YORKPUMPSTATION	19970104	0	183	61	0	183	61	118.9	39.9167	-76.7500
USC00369933	YORKPUMPSTATION	19970105	0	206	111	0	206	111	118.9	39.9167	-76.7500
USC00369933	YORKPUMPSTATION	19970106	0	161	11	0	161	11	118.9	39.9167	-76.7500
USC00369933	YORKPUMPSTATION	19970107	0	111	-33	0	111	-33	118.9	39.9167	-76.7500
USC00369933	YORKPUMPSTATION	19970108	0	44	-56	0	44	-56	118.9	39.9167	-76.7500
USC00369933	YORKPUMPSTATION	19970109	51	6	-50	51	6	-50	118.9	39.9167	-76.7500
USC00369933	YORKPUMPSTATION	19970110	25	44	-39	25	44	-39	118.9	39.9167	-76.7500
USC00369933	YORKPUMPSTATION	19970111	25	11	-72	25	11	-72	118.9	39.9167	-76.7500
USC00369933	YORKPUMPSTATION	19970112	25	-28	-89	25	-28	-89	118.9	39.9167	-76.7500
USC00369933	YORKPUMPSTATION	19970113	25	-22	-117	25	-22	-117	118.9	39.9167	-76.7500
USC00369933	YORKPUMPSTATION	19970114	25	-11	-111	25	-11	-111	118.9	39.9167	-76.7500
USC00369933	YORKPUMPSTATION	19970115	25	56	-133	25	56	-133	118.9	39.9167	-76.7500
USC00369933	YORKPUMPSTATION	19970116	25	67	-6	25	67	-6	118.9	39.9167	-76.7500
USC00369933	YORKPUMPSTATION	19970117	25	6	-139	25	6	-139	118.9	39.9167	-76.7500
USC00369933	YORKPUMPSTATION	19970118	25	-83	-144	25	-83	-144	118.9	39.9167	-76.7500
USC00369933	YORKPUMPSTATION	19970119	25	-56	-178	25	-56	-178	118.9	39.9167	-76.7500
USC00369933	YORKPUMPSTATION	19970120	25	39	-122	25	39	-122	118.9	39.9167	-76.7500
USC00369933	YORKPUMPSTATION	19970121	25	56	-67	25	56	-67	118.9	39.9167	-76.7500
USC00369933	YORKPUMPSTATION	19970122	0	89	-39	0	89	-39	118.9	39.9167	-76.7500
USC00369933	YORKPUMPSTATION	19970123	0	122	17	0	122	17	118.9	39.9167	-76.7500
USC00369933	YORKPUMPSTATION	19970124	0	72	-50	0	72	-50	118.9	39.9167	-76.7500
USC00369933	YORKPUMPSTATION	19970125	0	83	28	0	83	28	118.9	39.9167	-76.7500
USC00369933	YORKPUMPSTATION	19970126	0	39	-44	0	39	-44	118.9	39.9167	-76.7500
USC00369933	YORKPUMPSTATION	19970127	0	17	-56	0	17	-56	118.9	39.9167	-76.7500
USC00369933	YORKPUMPSTATION	19970128	0	78	-6	0	78	-6	118.9	39.9167	-76.7500
USC00369933	YORKPUMPSTATION	19970129	0	39	-67	0	39	-67	118.9	39.9167	-76.7500
USC00369933	YORKPUMPSTATION	19970130	0	33	-83	0	33	-83	118.9	39.9167	-76.7500
USC00369933	YORKPUMPSTATION	19970131	0	61	-39	0	61	-39	118.9	39.9167	-76.7500
USC00369933	YORKPUMPSTATION	19980101	25	-11	-133	25	-11	-133	118.9	39.9167	-76.7500
USC00369933	YORKPUMPSTATION	19980102	25	128	-39	25	128	-39	118.9	39.9167	-76.7500
USC00369933	YORKPUMPSTATION	19980103	0	167	-11	0	167	-11	118.9	39.9167	-76.7500
USC00369933	YORKPUMPSTATION	19980104	0	172	44	0	172	44	118.9	39.9167	-76.7500
USC00369933	YORKPUMPSTATION	19980105	0	178	-6	0	178	-6	118.9	39.9167	-76.7500
USC00369933	YORKPUMPSTATION	19980106	0	189	44	0	189	44	118.9	39.9167	-76.7500
USC00369933	YORKPUMPSTATION	19980107	0	200	128	0	200	128	118.9	39.9167	-76.7500
USC00369933	YORKPUMPSTATION	19980108	0	194	161	0	194	161	118.9	39.9167	-76.7500
USC00369933	YORKPUMPSTATION	19980109	0	200	100	0	200	100	118.9	39.9167	-76.7500
USC00369933	YORKPUMPSTATION	19980110	0	100	-17	0	100	-17	118.9	39.9167	-76.7500
USC00369933	YORKPUMPSTATION	19980111	0	106	-33	0	106	-33	118.9	39.9167	-76.7500
USC00369933	YORKPUMPSTATION	19980112	0	56	-61	0	56	-61	118.9	39.9167	-76.7500
USC00369933	YORKPUMPSTATION	19980113	0	106	11	0	106	11	118.9	39.9167	-76.7500
USC00369933	YORKPUMPSTATION	19980114	0	89	-56	0	89	-56	118.9	39.9167	-76.7500
USC00369933	YORKPUMPSTATION	19980115	0	22	-61	0	22	-61	118.9	39.9167	-76.7500
USC00369933	YORKPUMPSTATION	19980116	0	44	0	0	44	0	118.9	39.9167	-76.7500
USC00369933	YORKPUMPSTATION	19980117	0	67	6	0	67	6	118.9	39.9167	-76.7500
USC00369933	YORKPUMPSTATION	19980118	0	61	0	0	61	0	118.9	39.9167	-76.7500
USC00369933	YORKPUMPSTATION	19980119	0	44	0	0	44	0	118.9	39.9167	-76.7500
USC00369933	YORKPUMPSTATION	19980120	0	44	-17	0	44	-17	118.9	39.9167	-76.7500
USC00369933	YORKPUMPSTATION	19980121	0	39	-67	0	39	-67	118.9	39.9167	-76.7500
USC00369933	YORKPUMPSTATION	19980122	0	50	-50	0	50	-50	118.9	39.9167	-76.7500
USC00369933	YORKPUMPSTATION	19980123	0	61	0	0	61	0	118.9	39.9167	-76.7500
USC00369933	YORKPUMPSTATION	19980124	0	67	-6	0	67	-6	118.9	39.9167	-76.7500
USC00369933	YORKPUMPSTATION	19980125	0	44	-17	0	44	-17	118.9	39.9167	-76.7500
USC00369933	YORKPUMPSTATION	19980126	0	61	-56	0	61	-56	118.9	39.9167	-76.7500
USC00369933	YORKPUMPSTATION	19980127	0	56	-33	0	56	-33	118.9	39.9167	-76.7500
USC00369933	YORKPUMPSTATION	19980128	0	56	0	0	56	0	118.9	39.9167	-76.7500
USC00369933	YORKPUMPSTATION	19980129	0	128	-33	0	128	-33	118.9	39.9167	-76.7500
USC00369933	YORKPUMPSTATION	19980130	0	133	0	0	133	0	118.9	39.9167	-76.7500
USC00369933	YORKPUMPSTATION	19980131	0	72	0	0	72	0	118.9	39.9167	-76.7500
USC00369933	YORKPUMPSTATION	19990101	0	-11	-106	0	-11	-106	118.9	39.9167	-76.7500
USC00369933	YORKPUMPSTATION	19990102	9999	-11	-117	NA	-11	-117	118.9	39.9167	-76.7500
USC00369933	YORKPUMPSTATION	19990103	9999	106	-78	NA	106	-78	118.9	39.9167	-76.7500
USC00369933	YORKPUMPSTATION	19990104	9999	44	-78	NA	44	-78	118.9	39.9167	-76.7500
USC00369933	YORKPUMPSTATION	19990105	0	-17	-117	0	-17	-117	118.9	39.9167	-76.7500
USC00369933	YORKPUMPSTATION	19990106	0	0	-150	0	0	-150	118.9	39.9167	-76.7500
USC00369933	YORKPUMPSTATION	19990107	0	22	-33	0	22	-33	118.9	39.9167	-76.7500
USC00369933	YORKPUMPSTATION	19990108	9999	-17	-100	NA	-17	-100	118.9	39.9167	-76.7500
USC00369933	YORKPUMPSTATION	19990109	9999	67	-44	NA	67	-44	118.9	39.9167	-76.7500
USC00369933	YORKPUMPSTATION	19990110	9999	-22	-61	NA	-22	-61	118.9	39.9167	-76.7500
USC00369933	YORKPUMPSTATION	19990111	9999	-22	-72	NA	-22	-72	118.9	39.9167	-76.7500
USC00369933	YORKPUMPSTATION	19990112	9999	117	-72	NA	117	-72	118.9	39.9167	-76.7500
USC00369933	YORKPUMPSTATION	19990113	9999	128	17	NA	128	17	118.9	39.9167	-76.7500
USC00369933	YORKPUMPSTATION	19990114	0	56	-83	0	56	-83	118.9	39.9167	-76.7500
USC00369933	YORKPUMPSTATION	19990115	0	11	-83	0	11	-83	118.9	39.9167	-76.7500
USC00369933	YORKPUMPSTATION	19990116	0	67	-89	0	67	-89	118.9	39.9167	-76.7500
USC00369933	YORKPUMPSTATION	19990117	0	139	-22	0	139	-22	118.9	39.9167	-76.7500
USC00369933	YORKPUMPSTATION	19990118	0	122	6	0	122	6	118.9	39.9167	-76.7500
USC00369933	YORKPUMPSTATION	19990119	0	106	-17	0	106	-17	118.9	39.9167	-76.7500
USC00369933	YORKPUMPSTATION	19990120	0	78	-22	0	78	-22	118.9	39.9167	-76.7500
USC00369933	YORKPUMPSTATION	19990121	0	61	-33	0	61	-33	118.9	39.9167	-76.7500
USC00369933	YORKPUMPSTATION	19990122	0	78	28	0	78	28	118.9	39.9167	-76.7500
USC00369933	YORKPUMPSTATION	19990123	0	200	11	0	200	11	118.9	39.9167	-76.7500
USC00369933	YORKPUMPSTATION	19990124	0	183	72	0	183	72	118.9	39.9167	-76.7500
USC00369933	YORKPUMPSTATION	19990125	0	72	-6	0	72	-6	118.9	39.9167	-76.7500
USC00369933	YORKPUMPSTATION	19990126	0	94	-28	0	94	-28	118.9	39.9167	-76.7500
USC00369933	YORKPUMPSTATION	19990127	0	117	-56	0	117	-56	118.9	39.9167	-76.7500
USC00369933	YORKPUMPSTATION	19990128	0	183	-17	0	183	-17	118.9	39.9167	-76.7500
USC00369933	YORKPUMPSTATION	19990129	0	144	28	0	144	28	118.9	39.9167	-76.7500
USC00369933	YORKPUMPSTATION	19990130	0	78	-11	0	78	-11	118.9	39.9167	-76.7500
USC00369933	YORKPUMPSTATION	19990131	0	50	-11	0	50	-11	118.9	39.9167	-76.7500
USC00369933	YORKPUMPSTATION	20000101	0	122	-72	0	122	-72	118.9	39.9167	-76.7500
USC00369933	YORKPUMPSTATION	20000102	0	183	-11	0	183	-11	118.9	39.9167	-76.7500
USC00369933	YORKPUMPSTATION	20000103	0	178	89	0	178	89	118.9	39.9167	-76.7500
USC00369933	YORKPUMPSTATION	20000104	0	183	94	0	183	94	118.9	39.9167	-76.7500
USC00369933	YORKPUMPSTATION	20000105	0	100	0	0	100	0	118.9	39.9167	-76.7500
USC00369933	YORKPUMPSTATION	20000106	0	72	-83	0	72	-83	118.9	39.9167	-76.7500
USC00369933	YORKPUMPSTATION	20000107	0	89	-44	0	89	-44	118.9	39.9167	-76.7500
USC00369933	YORKPUMPSTATION	20000108	0	44	-83	0	44	-83	118.9	39.9167	-76.7500
USC00369933	YORKPUMPSTATION	20000109	0	67	-17	0	67	-17	118.9	39.9167	-76.7500
USC00369933	YORKPUMPSTATION	20000110	0	83	-67	0	83	-67	118.9	39.9167	-76.7500
USC00369933	YORKPUMPSTATION	20000111	0	111	33	0	111	33	118.9	39.9167	-76.7500
USC00369933	YORKPUMPSTATION	20000112	0	94	-22	0	94	-22	118.9	39.9167	-76.7500
USC00369933	YORKPUMPSTATION	20000113	0	100	-17	0	100	-17	118.9	39.9167	-76.7500
USC00369933	YORKPUMPSTATION	20000114	0	11	-78	0	11	-78	118.9	39.9167	-76.7500
USC00369933	YORKPUMPSTATION	20000115	0	33	-100	0	33	-100	118.9	39.9167	-76.7500
USC00369933	YORKPUMPSTATION	20000116	0	150	-17	0	150	-17	118.9	39.9167	-76.7500
USC00369933	YORKPUMPSTATION	20000117	0	61	-106	0	61	-106	118.9	39.9167	-76.7500
USC00369933	YORKPUMPSTATION	20000118	0	-56	-139	0	-56	-139	118.9	39.9167	-76.7500
USC00369933	YORKPUMPSTATION	20000119	0	39	-117	0	39	-117	118.9	39.9167	-76.7500
USC00369933	YORKPUMPSTATION	20000120	51	11	-39	51	11	-39	118.9	39.9167	-76.7500
USC00369933	YORKPUMPSTATION	20000121	51	0	-122	51	0	-122	118.9	39.9167	-76.7500
USC00369933	YORKPUMPSTATION	20000122	25	-28	-167	25	-28	-167	118.9	39.9167	-76.7500
USC00369933	YORKPUMPSTATION	20000123	25	0	-78	25	0	-78	118.9	39.9167	-76.7500
USC00369933	YORKPUMPSTATION	20000124	25	56	-39	25	56	-39	118.9	39.9167	-76.7500
USC00369933	YORKPUMPSTATION	20000125	152	17	-44	152	17	-44	118.9	39.9167	-76.7500
USC00369933	YORKPUMPSTATION	20000126	203	6	-94	203	6	-94	118.9	39.9167	-76.7500
USC00369933	YORKPUMPSTATION	20000127	178	0	-106	178	0	-106	118.9	39.9167	-76.7500
USC00369933	YORKPUMPSTATION	20000128	178	-6	-189	178	-6	-189	118.9	39.9167	-76.7500
USC00369933	YORKPUMPSTATION	20000129	152	17	-144	152	17	-144	118.9	39.9167	-76.7500
USC00369933	YORKPUMPSTATION	20000130	279	0	-156	279	0	-156	118.9	39.9167	-76.7500
USC00369933	YORKPUMPSTATION	20000131	381	28	-122	381	28	-122	118.9	39.9167	-76.7500
USC00369933	YORKPUMPSTATION	20010101	25	33	-106	25	33	-106	118.9	39.9167	-76.7500
USC00369933	YORKPUMPSTATION	20010102	25	-6	-94	25	-6	-94	118.9	39.9167	-76.7500
USC00369933	YORKPUMPSTATION	20010103	0	11	-133	0	11	-133	118.9	39.9167	-76.7500
USC00369933	YORKPUMPSTATION	20010104	0	17	-72	0	17	-72	118.9	39.9167	-76.7500
USC00369933	YORKPUMPSTATION	20010105	0	-6	-100	0	-6	-100	118.9	39.9167	-76.7500
USC00369933	YORKPUMPSTATION	20010106	0	44	-100	0	44	-100	118.9	39.9167	-76.7500
USC00369933	YORKPUMPSTATION	20010107	0	100	-67	0	100	-67	118.9	39.9167	-76.7500
USC00369933	YORKPUMPSTATION	20010108	25	22	-83	25	22	-83	118.9	39.9167	-76.7500
USC00369933	YORKPUMPSTATION	20010109	25	-11	-50	25	-11	-50	118.9	39.9167	-76.7500
USC00369933	YORKPUMPSTATION	20010110	25	44	-61	25	44	-61	118.9	39.9167	-76.7500
USC00369933	YORKPUMPSTATION	20010111	25	117	-67	25	117	-67	118.9	39.9167	-76.7500
USC00369933	YORKPUMPSTATION	20010112	25	72	-39	25	72	-39	118.9	39.9167	-76.7500
USC00369933	YORKPUMPSTATION	20010113	0	83	-83	0	83	-83	118.9	39.9167	-76.7500
USC00369933	YORKPUMPSTATION	20010114	0	72	-67	0	72	-67	118.9	39.9167	-76.7500
USC00369933	YORKPUMPSTATION	20010115	0	39	6	0	39	6	118.9	39.9167	-76.7500
USC00369933	YORKPUMPSTATION	20010116	0	67	-6	0	67	-6	118.9	39.9167	-76.7500
USC00369933	YORKPUMPSTATION	20010117	0	44	-6	0	44	-6	118.9	39.9167	-76.7500
USC00369933	YORKPUMPSTATION	20010118	0	28	-33	0	28	-33	118.9	39.9167	-76.7500
USC00369933	YORKPUMPSTATION	20010119	0	33	0	0	33	0	118.9	39.9167	-76.7500
USC00369933	YORKPUMPSTATION	20010120	0	28	0	0	28	0	118.9	39.9167	-76.7500
USC00369933	YORKPUMPSTATION	20010121	152	11	-61	152	11	-61	118.9	39.9167	-76.7500
USC00369933	YORKPUMPSTATION	20010122	127	33	-167	127	33	-167	118.9	39.9167	-76.7500
USC00369933	YORKPUMPSTATION	20010123	102	50	-156	102	50	-156	118.9	39.9167	-76.7500
USC00369933	YORKPUMPSTATION	20010124	102	72	-117	102	72	-117	118.9	39.9167	-76.7500
USC00369933	YORKPUMPSTATION	20010125	76	44	-67	76	44	-67	118.9	39.9167	-76.7500
USC00369933	YORKPUMPSTATION	20010126	76	22	-122	76	22	-122	118.9	39.9167	-76.7500
USC00369933	YORKPUMPSTATION	20010127	51	61	-39	51	61	-39	118.9	39.9167	-76.7500
USC00369933	YORKPUMPSTATION	20010128	51	44	-72	51	44	-72	118.9	39.9167	-76.7500
USC00369933	YORKPUMPSTATION	20010129	25	39	-89	25	39	-89	118.9	39.9167	-76.7500
USC00369933	YORKPUMPSTATION	20010130	0	111	0	0	111	0	118.9	39.9167	-76.7500
USC00369933	YORKPUMPSTATION	20010131	0	89	-22	0	89	-22	118.9	39.9167	-76.7500
USC00369933	YORKPUMPSTATION	20020101	0	17	-122	0	17	-122	118.9	39.9167	-76.7500
USC00369933	YORKPUMPSTATION	20020102	0	33	-117	0	33	-117	118.9	39.9167	-76.7500
USC00369933	YORKPUMPSTATION	20020103	0	39	-83	0	39	-83	118.9	39.9167	-76.7500
USC00369933	YORKPUMPSTATION	20020104	0	39	-67	0	39	-67	118.9	39.9167	-76.7500
USC00369933	YORKPUMPSTATION	20020105	0	44	-56	0	44	-56	118.9	39.9167	-76.7500
USC00369933	YORKPUMPSTATION	20020106	0	33	-72	0	33	-72	118.9	39.9167	-76.7500
USC00369933	YORKPUMPSTATION	20020107	51	39	-72	51	39	-72	118.9	39.9167	-76.7500
USC00369933	YORKPUMPSTATION	20020108	51	22	-89	51	22	-89	118.9	39.9167	-76.7500
USC00369933	YORKPUMPSTATION	20020109	25	94	-83	25	94	-83	118.9	39.9167	-76.7500
USC00369933	YORKPUMPSTATION	20020110	25	156	-33	25	156	-33	118.9	39.9167	-76.7500
USC00369933	YORKPUMPSTATION	20020111	0	83	17	0	83	17	118.9	39.9167	-76.7500
USC00369933	YORKPUMPSTATION	20020112	0	100	-33	0	100	-33	118.9	39.9167	-76.7500
USC00369933	YORKPUMPSTATION	20020113	0	72	0	0	72	0	118.9	39.9167	-76.7500
USC00369933	YORKPUMPSTATION	20020114	0	106	-44	0	106	-44	118.9	39.9167	-76.7500
USC00369933	YORKPUMPSTATION	20020115	0	94	-22	0	94	-22	118.9	39.9167	-76.7500
USC00369933	YORKPUMPSTATION	20020116	0	72	-6	0	72	-6	118.9	39.9167	-76.7500
USC00369933	YORKPUMPSTATION	20020117	0	122	0	0	122	0	118.9	39.9167	-76.7500
USC00369933	YORKPUMPSTATION	20020118	0	67	-39	0	67	-39	118.9	39.9167	-76.7500
USC00369933	YORKPUMPSTATION	20020119	51	17	-67	51	17	-67	118.9	39.9167	-76.7500
USC00369933	YORKPUMPSTATION	20020120	76	44	-111	76	44	-111	118.9	39.9167	-76.7500
USC00369933	YORKPUMPSTATION	20020121	25	72	-39	25	72	-39	118.9	39.9167	-76.7500
USC00369933	YORKPUMPSTATION	20020122	0	94	-28	0	94	-28	118.9	39.9167	-76.7500
USC00369933	YORKPUMPSTATION	20020123	0	144	-22	0	144	-22	118.9	39.9167	-76.7500
USC00369933	YORKPUMPSTATION	20020124	0	122	11	0	122	11	118.9	39.9167	-76.7500
USC00369933	YORKPUMPSTATION	20020125	0	111	0	0	111	0	118.9	39.9167	-76.7500
USC00369933	YORKPUMPSTATION	20020126	0	139	-50	0	139	-50	118.9	39.9167	-76.7500
USC00369933	YORKPUMPSTATION	20020127	0	206	-50	0	206	-50	118.9	39.9167	-76.7500
USC00369933	YORKPUMPSTATION	20020128	0	200	-33	0	200	-33	118.9	39.9167	-76.7500
USC00369933	YORKPUMPSTATION	20020129	0	217	0	0	217	0	118.9	39.9167	-76.7500
USC00369933	YORKPUMPSTATION	20020130	0	183	94	0	183	94	118.9	39.9167	-76.7500
USC00369933	YORKPUMPSTATION	20020131	0	128	50	0	128	50	118.9	39.9167	-76.7500
USC00369933	YORKPUMPSTATION	20030101	0	67	17	0	67	17	118.9	39.9167	-76.7500
USC00369933	YORKPUMPSTATION	20030102	0	61	11	0	61	11	118.9	39.9167	-76.7500
USC00369933	YORKPUMPSTATION	20030103	152	33	0	152	33	0	118.9	39.9167	-76.7500
USC00369933	YORKPUMPSTATION	20030104	76	39	0	76	39	0	118.9	39.9167	-76.7500
USC00369933	YORKPUMPSTATION	20030105	76	17	-56	76	17	-56	118.9	39.9167	-76.7500
USC00369933	YORKPUMPSTATION	20030106	76	33	-22	76	33	-22	118.9	39.9167	-76.7500
USC00369933	YORKPUMPSTATION	20030107	25	6	-72	25	6	-72	118.9	39.9167	-76.7500
USC00369933	YORKPUMPSTATION	20030108	0	94	-22	0	94	-22	118.9	39.9167	-76.7500
USC00369933	YORKPUMPSTATION	20030109	0	128	-17	0	128	-17	118.9	39.9167	-76.7500
USC00369933	YORKPUMPSTATION	20030110	0	83	0	0	83	0	118.9	39.9167	-76.7500
USC00369933	YORKPUMPSTATION	20030111	0	28	-56	0	28	-56	118.9	39.9167	-76.7500
USC00369933	YORKPUMPSTATION	20030112	0	17	-67	0	17	-67	118.9	39.9167	-76.7500
USC00369933	YORKPUMPSTATION	20030113	0	56	-78	0	56	-78	118.9	39.9167	-76.7500
USC00369933	YORKPUMPSTATION	20030114	0	22	-100	0	22	-100	118.9	39.9167	-76.7500
USC00369933	YORKPUMPSTATION	20030115	0	-22	-78	0	-22	-78	118.9	39.9167	-76.7500
USC00369933	YORKPUMPSTATION	20030116	0	-28	-111	0	-28	-111	118.9	39.9167	-76.7500
USC00369933	YORKPUMPSTATION	20030117	25	0	-128	25	0	-128	118.9	39.9167	-76.7500
USC00369933	YORKPUMPSTATION	20030118	25	-39	-156	25	-39	-156	118.9	39.9167	-76.7500
USC00369933	YORKPUMPSTATION	20030119	25	-11	-111	25	-11	-111	118.9	39.9167	-76.7500
USC00369933	YORKPUMPSTATION	20030120	0	22	-67	0	22	-67	118.9	39.9167	-76.7500
USC00369933	YORKPUMPSTATION	20030121	0	0	-100	0	0	-100	118.9	39.9167	-76.7500
USC00369933	YORKPUMPSTATION	20030122	0	-28	-133	0	-28	-133	118.9	39.9167	-76.7500
USC00369933	YORKPUMPSTATION	20030123	0	-56	-133	0	-56	-133	118.9	39.9167	-76.7500
USC00369933	YORKPUMPSTATION	20030124	0	0	-128	0	0	-128	118.9	39.9167	-76.7500
USC00369933	YORKPUMPSTATION	20030125	0	0	-106	0	0	-106	118.9	39.9167	-76.7500
USC00369933	YORKPUMPSTATION	20030126	25	28	-67	25	28	-67	118.9	39.9167	-76.7500
USC00369933	YORKPUMPSTATION	20030127	25	-6	-122	25	-6	-122	118.9	39.9167	-76.7500
USC00369933	YORKPUMPSTATION	20030128	25	-11	-156	25	-11	-156	118.9	39.9167	-76.7500
USC00369933	YORKPUMPSTATION	20030129	25	0	-28	25	0	-28	118.9	39.9167	-76.7500
USC00369933	YORKPUMPSTATION	20030130	25	28	-100	25	28	-100	118.9	39.9167	-76.7500
USC00369933	YORKPUMPSTATION	20030131	25	17	-22	25	17	-22	118.9	39.9167	-76.7500
USC00369933	YORKPUMPSTATION	20040101	0	100	-44	0	100	-44	118.9	39.9167	-76.7500
USC00369933	YORKPUMPSTATION	20040102	0	100	-17	0	100	-17	118.9	39.9167	-76.7500
USC00369933	YORKPUMPSTATION	20040103	0	183	44	0	183	44	118.9	39.9167	-76.7500
USC00369933	YORKPUMPSTATION	20040104	0	144	67	0	144	67	118.9	39.9167	-76.7500
USC00369933	YORKPUMPSTATION	20040105	0	67	22	0	67	22	118.9	39.9167	-76.7500
USC00369933	YORKPUMPSTATION	20040106	0	22	0	0	22	0	118.9	39.9167	-76.7500
USC00369933	YORKPUMPSTATION	20040107	0	-28	-89	0	-28	-89	118.9	39.9167	-76.7500
USC00369933	YORKPUMPSTATION	20040108	0	0	-83	0	0	-83	118.9	39.9167	-76.7500
USC00369933	YORKPUMPSTATION	20040109	0	-11	-83	0	-11	-83	118.9	39.9167	-76.7500
USC00369933	YORKPUMPSTATION	20040110	0	-83	-172	0	-83	-172	118.9	39.9167	-76.7500
USC00369933	YORKPUMPSTATION	20040111	0	0	-156	0	0	-156	118.9	39.9167	-76.7500
USC00369933	YORKPUMPSTATION	20040112	0	67	-39	0	67	-39	118.9	39.9167	-76.7500
USC00369933	YORKPUMPSTATION	20040113	0	72	6	0	72	6	118.9	39.9167	-76.7500
USC00369933	YORKPUMPSTATION	20040114	0	22	-117	0	22	-117	118.9	39.9167	-76.7500
USC00369933	YORKPUMPSTATION	20040115	0	-28	-100	0	-28	-100	118.9	39.9167	-76.7500
USC00369933	YORKPUMPSTATION	20040116	0	-33	-139	0	-33	-139	118.9	39.9167	-76.7500
USC00369933	YORKPUMPSTATION	20040117	0	-17	-122	0	-17	-122	118.9	39.9167	-76.7500
USC00369933	YORKPUMPSTATION	20040118	51	11	-44	51	11	-44	118.9	39.9167	-76.7500
USC00369933	YORKPUMPSTATION	20040119	51	6	-89	51	6	-89	118.9	39.9167	-76.7500
USC00369933	YORKPUMPSTATION	20040120	25	-11	-83	25	-11	-83	118.9	39.9167	-76.7500
USC00369933	YORKPUMPSTATION	20040121	25	-22	-133	25	-22	-133	118.9	39.9167	-76.7500
USC00369933	YORKPUMPSTATION	20040122	25	44	-111	25	44	-111	118.9	39.9167	-76.7500
USC00369933	YORKPUMPSTATION	20040123	25	11	-133	25	11	-133	118.9	39.9167	-76.7500
USC00369933	YORKPUMPSTATION	20040124	102	-33	-122	102	-33	-122	118.9	39.9167	-76.7500
USC00369933	YORKPUMPSTATION	20040125	102	-67	-206	102	-67	-206	118.9	39.9167	-76.7500
USC00369933	YORKPUMPSTATION	20040126	203	-72	-117	203	-72	-117	118.9	39.9167	-76.7500
USC00369933	YORKPUMPSTATION	20040127	203	-39	-100	203	-39	-100	118.9	39.9167	-76.7500
USC00369933	YORKPUMPSTATION	20040128	203	-22	-100	203	-22	-100	118.9	39.9167	-76.7500
USC00369933	YORKPUMPSTATION	20040129	203	6	-161	203	6	-161	118.9	39.9167	-76.7500
USC00369933	YORKPUMPSTATION	20040130	178	-33	-111	178	-33	-111	118.9	39.9167	-76.7500
USC00369933	YORKPUMPSTATION	20040131	178	-28	-150	178	-28	-150	118.9	39.9167	-76.7500
USC00369933	YORKPUMPSTATION	20050101	0	172	6	0	172	6	118.9	39.9167	-76.7500
USC00369933	YORKPUMPSTATION	20050102	0	83	-33	0	83	-33	118.9	39.9167	-76.7500
USC00369933	YORKPUMPSTATION	20050103	0	94	28	0	94	28	118.9	39.9167	-76.7500
USC00369933	YORKPUMPSTATION	20050104	0	94	67	0	94	67	118.9	39.9167	-76.7500
USC00369933	YORKPUMPSTATION	20050105	0	78	22	0	78	22	118.9	39.9167	-76.7500
USC00369933	YORKPUMPSTATION	20050106	0	33	0	0	33	0	118.9	39.9167	-76.7500
USC00369933	YORKPUMPSTATION	20050107	0	44	-6	0	44	-6	118.9	39.9167	-76.7500
USC00369933	YORKPUMPSTATION	20050108	0	89	6	0	89	6	118.9	39.9167	-76.7500
USC00369933	YORKPUMPSTATION	20050109	0	56	0	0	56	0	118.9	39.9167	-76.7500
USC00369933	YORKPUMPSTATION	20050110	0	89	-11	0	89	-11	118.9	39.9167	-76.7500
USC00369933	YORKPUMPSTATION	20050111	0	67	-17	0	67	-17	118.9	39.9167	-76.7500
USC00369933	YORKPUMPSTATION	20050112	0	67	22	0	67	22	118.9	39.9167	-76.7500
USC00369933	YORKPUMPSTATION	20050113	0	167	56	0	167	56	118.9	39.9167	-76.7500
USC00369933	YORKPUMPSTATION	20050114	0	167	17	0	167	17	118.9	39.9167	-76.7500
USC00369933	YORKPUMPSTATION	20050115	0	33	-56	0	33	-56	118.9	39.9167	-76.7500
USC00369933	YORKPUMPSTATION	20050116	0	33	-56	0	33	-56	118.9	39.9167	-76.7500
USC00369933	YORKPUMPSTATION	20050117	25	-17	-89	25	-17	-89	118.9	39.9167	-76.7500
USC00369933	YORKPUMPSTATION	20050118	25	-72	-128	25	-72	-128	118.9	39.9167	-76.7500
USC00369933	YORKPUMPSTATION	20050119	51	-67	-133	51	-67	-133	118.9	39.9167	-76.7500
USC00369933	YORKPUMPSTATION	20050120	25	0	-72	25	0	-72	118.9	39.9167	-76.7500
USC00369933	YORKPUMPSTATION	20050121	25	-33	-117	25	-33	-117	118.9	39.9167	-76.7500
USC00369933	YORKPUMPSTATION	20050122	152	-94	-167	152	-94	-167	118.9	39.9167	-76.7500
USC00369933	YORKPUMPSTATION	20050123	152	-61	-161	152	-61	-161	118.9	39.9167	-76.7500
USC00369933	YORKPUMPSTATION	20050124	152	-56	-217	152	-56	-217	118.9	39.9167	-76.7500
USC00369933	YORKPUMPSTATION	20050125	127	17	-78	127	17	-78	118.9	39.9167	-76.7500
USC00369933	YORKPUMPSTATION	20050126	102	89	-28	102	89	-28	118.9	39.9167	-76.7500
USC00369933	YORKPUMPSTATION	20050127	102	39	-122	102	39	-122	118.9	39.9167	-76.7500
USC00369933	YORKPUMPSTATION	20050128	76	-17	-150	76	-17	-150	118.9	39.9167	-76.7500
USC00369933	YORKPUMPSTATION	20050129	51	33	-156	51	33	-156	118.9	39.9167	-76.7500
USC00369933	YORKPUMPSTATION	20050130	76	56	-28	76	56	-28	118.9	39.9167	-76.7500
USC00369933	YORKPUMPSTATION	20050131	9999	61	-139	NA	61	-139	118.9	39.9167	-76.7500
