STATION	NAME	DATE	SNWD	TMAX	TMIN	SNWD2	TMAX2	TMIN2	ELEV	LAT	LONG
USW00014852	YOUNGSTOWN	19950101	9999	67	-11	NA	67	-11	359.7	41.25	-80.66667
USW00014852	YOUNGSTOWN	19950102	9999	-6	-83	NA	-6	-83	359.7	41.25	-80.66667
USW00014852	YOUNGSTOWN	19950103	9999	-33	-89	NA	-33	-89	359.7	41.25	-80.66667
USW00014852	YOUNGSTOWN	19950104	9999	-78	-133	NA	-78	-133	359.7	41.25	-80.66667
USW00014852	YOUNGSTOWN	19950105	9999	-72	-161	NA	-72	-161	359.7	41.25	-80.66667
USW00014852	YOUNGSTOWN	19950106	9999	11	-111	NA	11	-111	359.7	41.25	-80.66667
USW00014852	YOUNGSTOWN	19950107	9999	11	-50	NA	11	-50	359.7	41.25	-80.66667
USW00014852	YOUNGSTOWN	19950108	9999	-22	-83	NA	-22	-83	359.7	41.25	-80.66667
USW00014852	YOUNGSTOWN	19950109	9999	-28	-133	NA	-28	-133	359.7	41.25	-80.66667
USW00014852	YOUNGSTOWN	19950110	9999	-39	-133	NA	-39	-133	359.7	41.25	-80.66667
USW00014852	YOUNGSTOWN	19950111	9999	50	-39	NA	50	-39	359.7	41.25	-80.66667
USW00014852	YOUNGSTOWN	19950112	9999	144	44	NA	144	44	359.7	41.25	-80.66667
USW00014852	YOUNGSTOWN	19950113	9999	189	106	NA	189	106	359.7	41.25	-80.66667
USW00014852	YOUNGSTOWN	19950114	9999	194	106	NA	194	106	359.7	41.25	-80.66667
USW00014852	YOUNGSTOWN	19950115	9999	167	22	NA	167	22	359.7	41.25	-80.66667
USW00014852	YOUNGSTOWN	19950116	9999	22	-6	NA	22	-6	359.7	41.25	-80.66667
USW00014852	YOUNGSTOWN	19950117	9999	11	-11	NA	11	-11	359.7	41.25	-80.66667
USW00014852	YOUNGSTOWN	19950118	9999	78	11	NA	78	11	359.7	41.25	-80.66667
USW00014852	YOUNGSTOWN	19950119	9999	128	28	NA	128	28	359.7	41.25	-80.66667
USW00014852	YOUNGSTOWN	19950120	9999	72	11	NA	72	11	359.7	41.25	-80.66667
USW00014852	YOUNGSTOWN	19950121	9999	11	-44	NA	11	-44	359.7	41.25	-80.66667
USW00014852	YOUNGSTOWN	19950122	9999	-39	-67	NA	-39	-67	359.7	41.25	-80.66667
USW00014852	YOUNGSTOWN	19950123	9999	-39	-78	NA	-39	-78	359.7	41.25	-80.66667
USW00014852	YOUNGSTOWN	19950124	9999	-6	-50	NA	-6	-50	359.7	41.25	-80.66667
USW00014852	YOUNGSTOWN	19950125	9999	-33	-78	NA	-33	-78	359.7	41.25	-80.66667
USW00014852	YOUNGSTOWN	19950126	9999	-22	-83	NA	-22	-83	359.7	41.25	-80.66667
USW00014852	YOUNGSTOWN	19950127	9999	11	-122	NA	11	-122	359.7	41.25	-80.66667
USW00014852	YOUNGSTOWN	19950128	9999	-6	-94	NA	-6	-94	359.7	41.25	-80.66667
USW00014852	YOUNGSTOWN	19950129	9999	22	-122	NA	22	-122	359.7	41.25	-80.66667
USW00014852	YOUNGSTOWN	19950130	9999	22	-122	NA	22	-122	359.7	41.25	-80.66667
USW00014852	YOUNGSTOWN	19950131	9999	0	-78	NA	0	-78	359.7	41.25	-80.66667
USW00014852	YOUNGSTOWN	19960101	9999	28	-6	NA	28	-6	359.7	41.25	-80.66667
USW00014852	YOUNGSTOWN	19960102	9999	-6	-72	NA	-6	-72	359.7	41.25	-80.66667
USW00014852	YOUNGSTOWN	19960103	9999	-72	-144	NA	-72	-144	359.7	41.25	-80.66667
USW00014852	YOUNGSTOWN	19960104	9999	-83	-172	NA	-83	-172	359.7	41.25	-80.66667
USW00014852	YOUNGSTOWN	19960105	9999	-78	-139	NA	-78	-139	359.7	41.25	-80.66667
USW00014852	YOUNGSTOWN	19960106	9999	-83	-161	NA	-83	-161	359.7	41.25	-80.66667
USW00014852	YOUNGSTOWN	19960107	9999	-94	-111	NA	-94	-111	359.7	41.25	-80.66667
USW00014852	YOUNGSTOWN	19960108	9999	-67	-161	NA	-67	-161	359.7	41.25	-80.66667
USW00014852	YOUNGSTOWN	19960109	9999	-50	-106	NA	-50	-106	359.7	41.25	-80.66667
USW00014852	YOUNGSTOWN	19960110	9999	-50	-156	NA	-50	-156	359.7	41.25	-80.66667
USW00014852	YOUNGSTOWN	19960111	9999	-72	-189	NA	-72	-189	359.7	41.25	-80.66667
USW00014852	YOUNGSTOWN	19960112	9999	-44	-100	NA	-44	-100	359.7	41.25	-80.66667
USW00014852	YOUNGSTOWN	19960113	9999	-17	-83	NA	-17	-83	359.7	41.25	-80.66667
USW00014852	YOUNGSTOWN	19960114	9999	61	-22	NA	61	-22	359.7	41.25	-80.66667
USW00014852	YOUNGSTOWN	19960115	9999	6	-133	NA	6	-133	359.7	41.25	-80.66667
USW00014852	YOUNGSTOWN	19960116	9999	100	-122	NA	100	-122	359.7	41.25	-80.66667
USW00014852	YOUNGSTOWN	19960117	9999	106	72	NA	106	72	359.7	41.25	-80.66667
USW00014852	YOUNGSTOWN	19960118	9999	161	83	NA	161	83	359.7	41.25	-80.66667
USW00014852	YOUNGSTOWN	19960119	9999	122	-111	NA	122	-111	359.7	41.25	-80.66667
USW00014852	YOUNGSTOWN	19960120	9999	-67	-133	NA	-67	-133	359.7	41.25	-80.66667
USW00014852	YOUNGSTOWN	19960121	9999	-6	-67	NA	-6	-67	359.7	41.25	-80.66667
USW00014852	YOUNGSTOWN	19960122	9999	61	-44	NA	61	-44	359.7	41.25	-80.66667
USW00014852	YOUNGSTOWN	19960123	9999	39	11	NA	39	11	359.7	41.25	-80.66667
USW00014852	YOUNGSTOWN	19960124	9999	61	-61	NA	61	-61	359.7	41.25	-80.66667
USW00014852	YOUNGSTOWN	19960125	9999	-39	-83	NA	-39	-83	359.7	41.25	-80.66667
USW00014852	YOUNGSTOWN	19960126	9999	56	-44	NA	56	-44	359.7	41.25	-80.66667
USW00014852	YOUNGSTOWN	19960127	9999	94	-61	NA	94	-61	359.7	41.25	-80.66667
USW00014852	YOUNGSTOWN	19960128	9999	-44	-111	NA	-44	-111	359.7	41.25	-80.66667
USW00014852	YOUNGSTOWN	19960129	9999	44	-56	NA	44	-56	359.7	41.25	-80.66667
USW00014852	YOUNGSTOWN	19960130	9999	-33	-106	NA	-33	-106	359.7	41.25	-80.66667
USW00014852	YOUNGSTOWN	19960131	9999	-106	-183	NA	-106	-183	359.7	41.25	-80.66667
USW00014852	YOUNGSTOWN	19970101	9999	61	-72	NA	61	-72	359.7	41.25	-80.66667
USW00014852	YOUNGSTOWN	19970102	9999	111	61	NA	111	61	359.7	41.25	-80.66667
USW00014852	YOUNGSTOWN	19970103	9999	133	61	NA	133	61	359.7	41.25	-80.66667
USW00014852	YOUNGSTOWN	19970104	9999	178	50	NA	178	50	359.7	41.25	-80.66667
USW00014852	YOUNGSTOWN	19970105	9999	178	-11	NA	178	-11	359.7	41.25	-80.66667
USW00014852	YOUNGSTOWN	19970106	9999	-11	-67	NA	-11	-67	359.7	41.25	-80.66667
USW00014852	YOUNGSTOWN	19970107	9999	-44	-72	NA	-44	-72	359.7	41.25	-80.66667
USW00014852	YOUNGSTOWN	19970108	9999	-33	-72	NA	-33	-72	359.7	41.25	-80.66667
USW00014852	YOUNGSTOWN	19970109	9999	17	-67	NA	17	-67	359.7	41.25	-80.66667
USW00014852	YOUNGSTOWN	19970110	9999	-22	-122	NA	-22	-122	359.7	41.25	-80.66667
USW00014852	YOUNGSTOWN	19970111	9999	-122	-167	NA	-122	-167	359.7	41.25	-80.66667
USW00014852	YOUNGSTOWN	19970112	9999	-122	-161	NA	-122	-161	359.7	41.25	-80.66667
USW00014852	YOUNGSTOWN	19970113	9999	-106	-178	NA	-106	-178	359.7	41.25	-80.66667
USW00014852	YOUNGSTOWN	19970114	9999	-78	-150	NA	-78	-150	359.7	41.25	-80.66667
USW00014852	YOUNGSTOWN	19970115	9999	44	-139	NA	44	-139	359.7	41.25	-80.66667
USW00014852	YOUNGSTOWN	19970116	9999	50	-161	NA	50	-161	359.7	41.25	-80.66667
USW00014852	YOUNGSTOWN	19970117	9999	-156	-200	NA	-156	-200	359.7	41.25	-80.66667
USW00014852	YOUNGSTOWN	19970118	9999	-122	-194	NA	-122	-194	359.7	41.25	-80.66667
USW00014852	YOUNGSTOWN	19970119	9999	-56	-206	NA	-56	-206	359.7	41.25	-80.66667
USW00014852	YOUNGSTOWN	19970120	9999	-6	-72	NA	-6	-72	359.7	41.25	-80.66667
USW00014852	YOUNGSTOWN	19970121	9999	56	-122	NA	56	-122	359.7	41.25	-80.66667
USW00014852	YOUNGSTOWN	19970122	9999	89	50	NA	89	50	359.7	41.25	-80.66667
USW00014852	YOUNGSTOWN	19970123	9999	50	-67	NA	50	-67	359.7	41.25	-80.66667
USW00014852	YOUNGSTOWN	19970124	9999	56	-67	NA	56	-67	359.7	41.25	-80.66667
USW00014852	YOUNGSTOWN	19970125	9999	72	-83	NA	72	-83	359.7	41.25	-80.66667
USW00014852	YOUNGSTOWN	19970126	9999	-61	-106	NA	-61	-106	359.7	41.25	-80.66667
USW00014852	YOUNGSTOWN	19970127	9999	39	-67	NA	39	-67	359.7	41.25	-80.66667
USW00014852	YOUNGSTOWN	19970128	9999	39	-94	NA	39	-94	359.7	41.25	-80.66667
USW00014852	YOUNGSTOWN	19970129	9999	-61	-111	NA	-61	-111	359.7	41.25	-80.66667
USW00014852	YOUNGSTOWN	19970130	9999	17	-83	NA	17	-83	359.7	41.25	-80.66667
USW00014852	YOUNGSTOWN	19970131	9999	56	-11	NA	56	-11	359.7	41.25	-80.66667
USW00014852	YOUNGSTOWN	19980101	9999	11	-139	NA	11	-139	359.7	41.25	-80.66667
USW00014852	YOUNGSTOWN	19980102	9999	89	11	NA	89	11	359.7	41.25	-80.66667
USW00014852	YOUNGSTOWN	19980103	9999	122	67	NA	122	67	359.7	41.25	-80.66667
USW00014852	YOUNGSTOWN	19980104	9999	122	94	NA	122	94	359.7	41.25	-80.66667
USW00014852	YOUNGSTOWN	19980105	9999	161	94	NA	161	94	359.7	41.25	-80.66667
USW00014852	YOUNGSTOWN	19980106	9999	144	117	NA	144	117	359.7	41.25	-80.66667
USW00014852	YOUNGSTOWN	19980107	9999	144	61	NA	144	61	359.7	41.25	-80.66667
USW00014852	YOUNGSTOWN	19980108	9999	83	28	NA	83	28	359.7	41.25	-80.66667
USW00014852	YOUNGSTOWN	19980109	9999	83	11	NA	83	11	359.7	41.25	-80.66667
USW00014852	YOUNGSTOWN	19980110	9999	44	-17	NA	44	-17	359.7	41.25	-80.66667
USW00014852	YOUNGSTOWN	19980111	9999	0	-61	NA	0	-61	359.7	41.25	-80.66667
USW00014852	YOUNGSTOWN	19980112	9999	61	-78	NA	61	-78	359.7	41.25	-80.66667
USW00014852	YOUNGSTOWN	19980113	9999	89	-78	NA	89	-78	359.7	41.25	-80.66667
USW00014852	YOUNGSTOWN	19980114	9999	-33	-117	NA	-33	-117	359.7	41.25	-80.66667
USW00014852	YOUNGSTOWN	19980115	9999	11	-33	NA	11	-33	359.7	41.25	-80.66667
USW00014852	YOUNGSTOWN	19980116	9999	-6	-33	NA	-6	-33	359.7	41.25	-80.66667
USW00014852	YOUNGSTOWN	19980117	9999	0	-28	NA	0	-28	359.7	41.25	-80.66667
USW00014852	YOUNGSTOWN	19980118	9999	-17	-56	NA	-17	-56	359.7	41.25	-80.66667
USW00014852	YOUNGSTOWN	19980119	9999	-11	-78	NA	-11	-78	359.7	41.25	-80.66667
USW00014852	YOUNGSTOWN	19980120	9999	-17	-78	NA	-17	-78	359.7	41.25	-80.66667
USW00014852	YOUNGSTOWN	19980121	9999	-28	-133	NA	-28	-133	359.7	41.25	-80.66667
USW00014852	YOUNGSTOWN	19980122	9999	17	-33	NA	17	-33	359.7	41.25	-80.66667
USW00014852	YOUNGSTOWN	19980123	9999	44	-11	NA	44	-11	359.7	41.25	-80.66667
USW00014852	YOUNGSTOWN	19980124	9999	0	-22	NA	0	-22	359.7	41.25	-80.66667
USW00014852	YOUNGSTOWN	19980125	9999	-6	-28	NA	-6	-28	359.7	41.25	-80.66667
USW00014852	YOUNGSTOWN	19980126	9999	33	-17	NA	33	-17	359.7	41.25	-80.66667
USW00014852	YOUNGSTOWN	19980127	9999	61	-6	NA	61	-6	359.7	41.25	-80.66667
USW00014852	YOUNGSTOWN	19980128	9999	72	-28	NA	72	-28	359.7	41.25	-80.66667
USW00014852	YOUNGSTOWN	19980129	9999	50	-22	NA	50	-22	359.7	41.25	-80.66667
USW00014852	YOUNGSTOWN	19980130	9999	6	-6	NA	6	-6	359.7	41.25	-80.66667
USW00014852	YOUNGSTOWN	19980131	9999	11	-28	NA	11	-28	359.7	41.25	-80.66667
USW00014852	YOUNGSTOWN	19990101	9999	-89	-150	NA	-89	-150	359.7	41.25	-80.66667
USW00014852	YOUNGSTOWN	19990102	9999	-6	-150	NA	-6	-150	359.7	41.25	-80.66667
USW00014852	YOUNGSTOWN	19990103	9999	11	-111	NA	11	-111	359.7	41.25	-80.66667
USW00014852	YOUNGSTOWN	19990104	9999	-106	-161	NA	-106	-161	359.7	41.25	-80.66667
USW00014852	YOUNGSTOWN	19990105	9999	-133	-189	NA	-133	-189	359.7	41.25	-80.66667
USW00014852	YOUNGSTOWN	19990106	9999	-22	-156	NA	-22	-156	359.7	41.25	-80.66667
USW00014852	YOUNGSTOWN	19990107	9999	-72	-172	NA	-72	-172	359.7	41.25	-80.66667
USW00014852	YOUNGSTOWN	19990108	9999	-17	-172	NA	-17	-172	359.7	41.25	-80.66667
USW00014852	YOUNGSTOWN	19990109	9999	-33	-117	NA	-33	-117	359.7	41.25	-80.66667
USW00014852	YOUNGSTOWN	19990110	9999	-100	-167	NA	-100	-167	359.7	41.25	-80.66667
USW00014852	YOUNGSTOWN	19990111	9999	-28	-183	NA	-28	-183	359.7	41.25	-80.66667
USW00014852	YOUNGSTOWN	19990112	9999	39	-28	NA	39	-28	359.7	41.25	-80.66667
USW00014852	YOUNGSTOWN	19990113	9999	39	-106	NA	39	-106	359.7	41.25	-80.66667
USW00014852	YOUNGSTOWN	19990114	9999	-50	-117	NA	-50	-117	359.7	41.25	-80.66667
USW00014852	YOUNGSTOWN	19990115	9999	-72	-122	NA	-72	-122	359.7	41.25	-80.66667
USW00014852	YOUNGSTOWN	19990116	9999	33	-72	NA	33	-72	359.7	41.25	-80.66667
USW00014852	YOUNGSTOWN	19990117	9999	78	-50	NA	78	-50	359.7	41.25	-80.66667
USW00014852	YOUNGSTOWN	19990118	9999	78	0	NA	78	0	359.7	41.25	-80.66667
USW00014852	YOUNGSTOWN	19990119	9999	22	-22	NA	22	-22	359.7	41.25	-80.66667
USW00014852	YOUNGSTOWN	19990120	9999	50	-50	NA	50	-50	359.7	41.25	-80.66667
USW00014852	YOUNGSTOWN	19990121	9999	44	-11	NA	44	-11	359.7	41.25	-80.66667
USW00014852	YOUNGSTOWN	19990122	9999	128	22	NA	128	22	359.7	41.25	-80.66667
USW00014852	YOUNGSTOWN	19990123	9999	128	72	NA	128	72	359.7	41.25	-80.66667
USW00014852	YOUNGSTOWN	19990124	9999	111	-6	NA	111	-6	359.7	41.25	-80.66667
USW00014852	YOUNGSTOWN	19990125	9999	6	-11	NA	6	-11	359.7	41.25	-80.66667
USW00014852	YOUNGSTOWN	19990126	9999	22	-44	NA	22	-44	359.7	41.25	-80.66667
USW00014852	YOUNGSTOWN	19990127	9999	128	-33	NA	128	-33	359.7	41.25	-80.66667
USW00014852	YOUNGSTOWN	19990128	9999	117	0	NA	117	0	359.7	41.25	-80.66667
USW00014852	YOUNGSTOWN	19990129	9999	6	-50	NA	6	-50	359.7	41.25	-80.66667
USW00014852	YOUNGSTOWN	19990130	9999	28	-72	NA	28	-72	359.7	41.25	-80.66667
USW00014852	YOUNGSTOWN	19990131	9999	39	-67	NA	39	-67	359.7	41.25	-80.66667
USW00014852	YOUNGSTOWN	20000101	9999	117	-33	NA	117	-33	359.7	41.25	-80.66667
USW00014852	YOUNGSTOWN	20000102	9999	161	72	NA	161	72	359.7	41.25	-80.66667
USW00014852	YOUNGSTOWN	20000103	9999	144	83	NA	144	83	359.7	41.25	-80.66667
USW00014852	YOUNGSTOWN	20000104	9999	128	-22	NA	128	-22	359.7	41.25	-80.66667
USW00014852	YOUNGSTOWN	20000105	9999	-17	-50	NA	-17	-50	359.7	41.25	-80.66667
USW00014852	YOUNGSTOWN	20000106	9999	39	-44	NA	39	-44	359.7	41.25	-80.66667
USW00014852	YOUNGSTOWN	20000107	9999	22	-28	NA	22	-28	359.7	41.25	-80.66667
USW00014852	YOUNGSTOWN	20000108	9999	44	-56	NA	44	-56	359.7	41.25	-80.66667
USW00014852	YOUNGSTOWN	20000109	9999	78	17	NA	78	17	359.7	41.25	-80.66667
USW00014852	YOUNGSTOWN	20000110	9999	117	44	NA	117	44	359.7	41.25	-80.66667
USW00014852	YOUNGSTOWN	20000111	9999	61	-6	NA	61	-6	359.7	41.25	-80.66667
USW00014852	YOUNGSTOWN	20000112	9999	22	-39	NA	22	-39	359.7	41.25	-80.66667
USW00014852	YOUNGSTOWN	20000113	9999	11	-94	NA	11	-94	359.7	41.25	-80.66667
USW00014852	YOUNGSTOWN	20000114	9999	-61	-106	NA	-61	-106	359.7	41.25	-80.66667
USW00014852	YOUNGSTOWN	20000115	9999	28	-89	NA	28	-89	359.7	41.25	-80.66667
USW00014852	YOUNGSTOWN	20000116	9999	44	-100	NA	44	-100	359.7	41.25	-80.66667
USW00014852	YOUNGSTOWN	20000117	9999	-89	-156	NA	-89	-156	359.7	41.25	-80.66667
USW00014852	YOUNGSTOWN	20000118	9999	-39	-122	NA	-39	-122	359.7	41.25	-80.66667
USW00014852	YOUNGSTOWN	20000119	9999	-33	-56	NA	-33	-56	359.7	41.25	-80.66667
USW00014852	YOUNGSTOWN	20000120	9999	-39	-128	NA	-39	-128	359.7	41.25	-80.66667
USW00014852	YOUNGSTOWN	20000121	9999	-100	-161	NA	-100	-161	359.7	41.25	-80.66667
USW00014852	YOUNGSTOWN	20000122	9999	-100	-194	NA	-100	-194	359.7	41.25	-80.66667
USW00014852	YOUNGSTOWN	20000123	9999	-17	-100	NA	-17	-100	359.7	41.25	-80.66667
USW00014852	YOUNGSTOWN	20000124	9999	-50	-139	NA	-50	-139	359.7	41.25	-80.66667
USW00014852	YOUNGSTOWN	20000125	9999	-67	-150	NA	-67	-150	359.7	41.25	-80.66667
USW00014852	YOUNGSTOWN	20000126	9999	-61	-117	NA	-61	-117	359.7	41.25	-80.66667
USW00014852	YOUNGSTOWN	20000127	9999	-94	-178	NA	-94	-178	359.7	41.25	-80.66667
USW00014852	YOUNGSTOWN	20000128	9999	-50	-133	NA	-50	-133	359.7	41.25	-80.66667
USW00014852	YOUNGSTOWN	20000129	9999	-6	-139	NA	-6	-139	359.7	41.25	-80.66667
USW00014852	YOUNGSTOWN	20000130	9999	6	-44	NA	6	-44	359.7	41.25	-80.66667
USW00014852	YOUNGSTOWN	20000131	9999	-17	-72	NA	-17	-72	359.7	41.25	-80.66667
USW00014852	YOUNGSTOWN	20010101	9999	-33	-89	NA	-33	-89	359.7	41.25	-80.66667
USW00014852	YOUNGSTOWN	20010102	9999	-56	-111	NA	-56	-111	359.7	41.25	-80.66667
USW00014852	YOUNGSTOWN	20010103	9999	-56	-133	NA	-56	-133	359.7	41.25	-80.66667
USW00014852	YOUNGSTOWN	20010104	9999	-33	-61	NA	-33	-61	359.7	41.25	-80.66667
USW00014852	YOUNGSTOWN	20010105	9999	6	-44	NA	6	-44	359.7	41.25	-80.66667
USW00014852	YOUNGSTOWN	20010106	9999	0	-39	NA	0	-39	359.7	41.25	-80.66667
USW00014852	YOUNGSTOWN	20010107	9999	22	-11	NA	22	-11	359.7	41.25	-80.66667
USW00014852	YOUNGSTOWN	20010108	9999	6	-111	NA	6	-111	359.7	41.25	-80.66667
USW00014852	YOUNGSTOWN	20010109	9999	-67	-133	NA	-67	-133	359.7	41.25	-80.66667
USW00014852	YOUNGSTOWN	20010110	9999	17	-94	NA	17	-94	359.7	41.25	-80.66667
USW00014852	YOUNGSTOWN	20010111	9999	44	-44	NA	44	-44	359.7	41.25	-80.66667
USW00014852	YOUNGSTOWN	20010112	9999	50	-44	NA	50	-44	359.7	41.25	-80.66667
USW00014852	YOUNGSTOWN	20010113	9999	39	-44	NA	39	-44	359.7	41.25	-80.66667
USW00014852	YOUNGSTOWN	20010114	9999	56	-50	NA	56	-50	359.7	41.25	-80.66667
USW00014852	YOUNGSTOWN	20010115	9999	56	11	NA	56	11	359.7	41.25	-80.66667
USW00014852	YOUNGSTOWN	20010116	9999	11	-6	NA	11	-6	359.7	41.25	-80.66667
USW00014852	YOUNGSTOWN	20010117	9999	-6	-17	NA	-6	-17	359.7	41.25	-80.66667
USW00014852	YOUNGSTOWN	20010118	9999	33	-22	NA	33	-22	359.7	41.25	-80.66667
USW00014852	YOUNGSTOWN	20010119	9999	0	-56	NA	0	-56	359.7	41.25	-80.66667
USW00014852	YOUNGSTOWN	20010120	9999	-50	-78	NA	-50	-78	359.7	41.25	-80.66667
USW00014852	YOUNGSTOWN	20010121	9999	-33	-89	NA	-33	-89	359.7	41.25	-80.66667
USW00014852	YOUNGSTOWN	20010122	9999	-17	-56	NA	-17	-56	359.7	41.25	-80.66667
USW00014852	YOUNGSTOWN	20010123	9999	28	-72	NA	28	-72	359.7	41.25	-80.66667
USW00014852	YOUNGSTOWN	20010124	9999	-6	-33	NA	-6	-33	359.7	41.25	-80.66667
USW00014852	YOUNGSTOWN	20010125	9999	-33	-72	NA	-33	-72	359.7	41.25	-80.66667
USW00014852	YOUNGSTOWN	20010126	9999	0	-100	NA	0	-100	359.7	41.25	-80.66667
USW00014852	YOUNGSTOWN	20010127	9999	0	-56	NA	0	-56	359.7	41.25	-80.66667
USW00014852	YOUNGSTOWN	20010128	9999	-39	-106	NA	-39	-106	359.7	41.25	-80.66667
USW00014852	YOUNGSTOWN	20010129	9999	39	-89	NA	39	-89	359.7	41.25	-80.66667
USW00014852	YOUNGSTOWN	20010130	9999	89	-11	NA	89	-11	359.7	41.25	-80.66667
USW00014852	YOUNGSTOWN	20010131	9999	39	6	NA	39	6	359.7	41.25	-80.66667
USW00014852	YOUNGSTOWN	20020101	9999	-39	-117	NA	-39	-117	359.7	41.25	-80.66667
USW00014852	YOUNGSTOWN	20020102	9999	-22	-89	NA	-22	-89	359.7	41.25	-80.66667
USW00014852	YOUNGSTOWN	20020103	9999	-6	-83	NA	-6	-83	359.7	41.25	-80.66667
USW00014852	YOUNGSTOWN	20020104	9999	0	-72	NA	0	-72	359.7	41.25	-80.66667
USW00014852	YOUNGSTOWN	20020105	9999	28	-50	NA	28	-50	359.7	41.25	-80.66667
USW00014852	YOUNGSTOWN	20020106	9999	6	-11	NA	6	-11	359.7	41.25	-80.66667
USW00014852	YOUNGSTOWN	20020107	9999	0	-56	NA	0	-56	359.7	41.25	-80.66667
USW00014852	YOUNGSTOWN	20020108	9999	-17	-67	NA	-17	-67	359.7	41.25	-80.66667
USW00014852	YOUNGSTOWN	20020109	9999	50	-22	NA	50	-22	359.7	41.25	-80.66667
USW00014852	YOUNGSTOWN	20020110	9999	78	28	NA	78	28	359.7	41.25	-80.66667
USW00014852	YOUNGSTOWN	20020111	9999	33	-17	NA	33	-17	359.7	41.25	-80.66667
USW00014852	YOUNGSTOWN	20020112	9999	50	-33	NA	50	-33	359.7	41.25	-80.66667
USW00014852	YOUNGSTOWN	20020113	9999	33	-33	NA	33	-33	359.7	41.25	-80.66667
USW00014852	YOUNGSTOWN	20020114	9999	72	-44	NA	72	-44	359.7	41.25	-80.66667
USW00014852	YOUNGSTOWN	20020115	9999	33	-11	NA	33	-11	359.7	41.25	-80.66667
USW00014852	YOUNGSTOWN	20020116	9999	11	-44	NA	11	-44	359.7	41.25	-80.66667
USW00014852	YOUNGSTOWN	20020117	9999	28	-39	NA	28	-39	359.7	41.25	-80.66667
USW00014852	YOUNGSTOWN	20020118	9999	-6	-89	NA	-6	-89	359.7	41.25	-80.66667
USW00014852	YOUNGSTOWN	20020119	9999	-22	-94	NA	-22	-94	359.7	41.25	-80.66667
USW00014852	YOUNGSTOWN	20020120	9999	-6	-94	NA	-6	-94	359.7	41.25	-80.66667
USW00014852	YOUNGSTOWN	20020121	9999	17	-33	NA	17	-33	359.7	41.25	-80.66667
USW00014852	YOUNGSTOWN	20020122	9999	94	-56	NA	94	-56	359.7	41.25	-80.66667
USW00014852	YOUNGSTOWN	20020123	9999	94	44	NA	94	44	359.7	41.25	-80.66667
USW00014852	YOUNGSTOWN	20020124	9999	100	-11	NA	100	-11	359.7	41.25	-80.66667
USW00014852	YOUNGSTOWN	20020125	9999	61	-44	NA	61	-44	359.7	41.25	-80.66667
USW00014852	YOUNGSTOWN	20020126	9999	94	6	NA	94	6	359.7	41.25	-80.66667
USW00014852	YOUNGSTOWN	20020127	9999	139	22	NA	139	22	359.7	41.25	-80.66667
USW00014852	YOUNGSTOWN	20020128	9999	156	44	NA	156	44	359.7	41.25	-80.66667
USW00014852	YOUNGSTOWN	20020129	9999	167	83	NA	167	83	359.7	41.25	-80.66667
USW00014852	YOUNGSTOWN	20020130	9999	100	6	NA	100	6	359.7	41.25	-80.66667
USW00014852	YOUNGSTOWN	20020131	9999	161	6	NA	161	6	359.7	41.25	-80.66667
USW00014852	YOUNGSTOWN	20030101	9999	6	-17	NA	6	-17	359.7	41.25	-80.66667
USW00014852	YOUNGSTOWN	20030102	9999	-6	-39	NA	-6	-39	359.7	41.25	-80.66667
USW00014852	YOUNGSTOWN	20030103	9999	0	-44	NA	0	-44	359.7	41.25	-80.66667
USW00014852	YOUNGSTOWN	20030104	9999	-28	-50	NA	-28	-50	359.7	41.25	-80.66667
USW00014852	YOUNGSTOWN	20030105	9999	-17	-44	NA	-17	-44	359.7	41.25	-80.66667
USW00014852	YOUNGSTOWN	20030106	9999	-17	-72	NA	-17	-72	359.7	41.25	-80.66667
USW00014852	YOUNGSTOWN	20030107	9999	6	-128	NA	6	-128	359.7	41.25	-80.66667
USW00014852	YOUNGSTOWN	20030108	9999	61	6	NA	61	6	359.7	41.25	-80.66667
USW00014852	YOUNGSTOWN	20030109	9999	61	6	NA	61	6	359.7	41.25	-80.66667
USW00014852	YOUNGSTOWN	20030110	9999	6	-78	NA	6	-78	359.7	41.25	-80.66667
USW00014852	YOUNGSTOWN	20030111	9999	-72	-94	NA	-72	-94	359.7	41.25	-80.66667
USW00014852	YOUNGSTOWN	20030112	9999	-39	-94	NA	-39	-94	359.7	41.25	-80.66667
USW00014852	YOUNGSTOWN	20030113	9999	-28	-89	NA	-28	-89	359.7	41.25	-80.66667
USW00014852	YOUNGSTOWN	20030114	9999	-67	-94	NA	-67	-94	359.7	41.25	-80.66667
USW00014852	YOUNGSTOWN	20030115	9999	-83	-111	NA	-83	-111	359.7	41.25	-80.66667
USW00014852	YOUNGSTOWN	20030116	9999	-78	-133	NA	-78	-133	359.7	41.25	-80.66667
USW00014852	YOUNGSTOWN	20030117	9999	-78	-161	NA	-78	-161	359.7	41.25	-80.66667
USW00014852	YOUNGSTOWN	20030118	9999	-78	-167	NA	-78	-167	359.7	41.25	-80.66667
USW00014852	YOUNGSTOWN	20030119	9999	-61	-111	NA	-61	-111	359.7	41.25	-80.66667
USW00014852	YOUNGSTOWN	20030120	9999	-50	-117	NA	-50	-117	359.7	41.25	-80.66667
USW00014852	YOUNGSTOWN	20030121	9999	-94	-167	NA	-94	-167	359.7	41.25	-80.66667
USW00014852	YOUNGSTOWN	20030122	9999	-111	-178	NA	-111	-178	359.7	41.25	-80.66667
USW00014852	YOUNGSTOWN	20030123	9999	-106	-194	NA	-106	-194	359.7	41.25	-80.66667
USW00014852	YOUNGSTOWN	20030124	9999	-78	-106	NA	-78	-106	359.7	41.25	-80.66667
USW00014852	YOUNGSTOWN	20030125	9999	-56	-100	NA	-56	-100	359.7	41.25	-80.66667
USW00014852	YOUNGSTOWN	20030126	9999	-50	-172	NA	-50	-172	359.7	41.25	-80.66667
USW00014852	YOUNGSTOWN	20030127	9999	-117	-206	NA	-117	-206	359.7	41.25	-80.66667
USW00014852	YOUNGSTOWN	20030128	9999	-22	-117	NA	-22	-117	359.7	41.25	-80.66667
USW00014852	YOUNGSTOWN	20030129	9999	-28	-78	NA	-28	-78	359.7	41.25	-80.66667
USW00014852	YOUNGSTOWN	20030130	9999	-17	-139	NA	-17	-139	359.7	41.25	-80.66667
USW00014852	YOUNGSTOWN	20030131	9999	33	-89	NA	33	-89	359.7	41.25	-80.66667
USW00014852	YOUNGSTOWN	20040101	9999	56	-39	NA	56	-39	359.7	41.25	-80.66667
USW00014852	YOUNGSTOWN	20040102	9999	111	39	NA	111	39	359.7	41.25	-80.66667
USW00014852	YOUNGSTOWN	20040103	9999	156	44	NA	156	44	359.7	41.25	-80.66667
USW00014852	YOUNGSTOWN	20040104	9999	44	6	NA	44	6	359.7	41.25	-80.66667
USW00014852	YOUNGSTOWN	20040105	9999	22	-33	NA	22	-33	359.7	41.25	-80.66667
USW00014852	YOUNGSTOWN	20040106	9999	-33	-122	NA	-33	-122	359.7	41.25	-80.66667
USW00014852	YOUNGSTOWN	20040107	9999	-78	-122	NA	-78	-122	359.7	41.25	-80.66667
USW00014852	YOUNGSTOWN	20040108	9999	-39	-106	NA	-39	-106	359.7	41.25	-80.66667
USW00014852	YOUNGSTOWN	20040109	9999	-56	-161	NA	-56	-161	359.7	41.25	-80.66667
USW00014852	YOUNGSTOWN	20040110	9999	-100	-172	NA	-100	-172	359.7	41.25	-80.66667
USW00014852	YOUNGSTOWN	20040111	9999	11	-122	NA	11	-122	359.7	41.25	-80.66667
USW00014852	YOUNGSTOWN	20040112	9999	22	-6	NA	22	-6	359.7	41.25	-80.66667
USW00014852	YOUNGSTOWN	20040113	9999	0	-89	NA	0	-89	359.7	41.25	-80.66667
USW00014852	YOUNGSTOWN	20040114	9999	-50	-111	NA	-50	-111	359.7	41.25	-80.66667
USW00014852	YOUNGSTOWN	20040115	9999	-67	-150	NA	-67	-150	359.7	41.25	-80.66667
USW00014852	YOUNGSTOWN	20040116	9999	-94	-206	NA	-94	-206	359.7	41.25	-80.66667
USW00014852	YOUNGSTOWN	20040117	9999	0	-183	NA	0	-183	359.7	41.25	-80.66667
USW00014852	YOUNGSTOWN	20040118	9999	6	-89	NA	6	-89	359.7	41.25	-80.66667
USW00014852	YOUNGSTOWN	20040119	9999	-83	-100	NA	-83	-100	359.7	41.25	-80.66667
USW00014852	YOUNGSTOWN	20040120	9999	-83	-122	NA	-83	-122	359.7	41.25	-80.66667
USW00014852	YOUNGSTOWN	20040121	9999	-28	-167	NA	-28	-167	359.7	41.25	-80.66667
USW00014852	YOUNGSTOWN	20040122	9999	0	-150	NA	0	-150	359.7	41.25	-80.66667
USW00014852	YOUNGSTOWN	20040123	9999	-117	-172	NA	-117	-172	359.7	41.25	-80.66667
USW00014852	YOUNGSTOWN	20040124	9999	-89	-167	NA	-89	-167	359.7	41.25	-80.66667
USW00014852	YOUNGSTOWN	20040125	9999	-89	-222	NA	-89	-222	359.7	41.25	-80.66667
USW00014852	YOUNGSTOWN	20040126	9999	-28	-100	NA	-28	-100	359.7	41.25	-80.66667
USW00014852	YOUNGSTOWN	20040127	9999	6	-67	NA	6	-67	359.7	41.25	-80.66667
USW00014852	YOUNGSTOWN	20040128	9999	-67	-94	NA	-67	-94	359.7	41.25	-80.66667
USW00014852	YOUNGSTOWN	20040129	9999	-94	-139	NA	-94	-139	359.7	41.25	-80.66667
USW00014852	YOUNGSTOWN	20040130	9999	-117	-161	NA	-117	-161	359.7	41.25	-80.66667
USW00014852	YOUNGSTOWN	20040131	9999	-94	-167	NA	-94	-167	359.7	41.25	-80.66667
USW00014852	YOUNGSTOWN	20050101	9999	111	0	NA	111	0	359.7	41.25	-80.66667
USW00014852	YOUNGSTOWN	20050102	9999	150	11	NA	150	11	359.7	41.25	-80.66667
USW00014852	YOUNGSTOWN	20050103	9999	122	50	NA	122	50	359.7	41.25	-80.66667
USW00014852	YOUNGSTOWN	20050104	9999	50	22	NA	50	22	359.7	41.25	-80.66667
USW00014852	YOUNGSTOWN	20050105	9999	22	-6	NA	22	-6	359.7	41.25	-80.66667
USW00014852	YOUNGSTOWN	20050106	9999	61	-22	NA	61	-22	359.7	41.25	-80.66667
USW00014852	YOUNGSTOWN	20050107	9999	0	-28	NA	0	-28	359.7	41.25	-80.66667
USW00014852	YOUNGSTOWN	20050108	9999	11	-11	NA	11	-11	359.7	41.25	-80.66667
USW00014852	YOUNGSTOWN	20050109	9999	33	-11	NA	33	-11	359.7	41.25	-80.66667
USW00014852	YOUNGSTOWN	20050110	9999	50	-11	NA	50	-11	359.7	41.25	-80.66667
USW00014852	YOUNGSTOWN	20050111	9999	22	-11	NA	22	-11	359.7	41.25	-80.66667
USW00014852	YOUNGSTOWN	20050112	9999	156	22	NA	156	22	359.7	41.25	-80.66667
USW00014852	YOUNGSTOWN	20050113	9999	200	0	NA	200	0	359.7	41.25	-80.66667
USW00014852	YOUNGSTOWN	20050114	9999	0	-83	NA	0	-83	359.7	41.25	-80.66667
USW00014852	YOUNGSTOWN	20050115	9999	-39	-100	NA	-39	-100	359.7	41.25	-80.66667
USW00014852	YOUNGSTOWN	20050116	9999	-56	-100	NA	-56	-100	359.7	41.25	-80.66667
USW00014852	YOUNGSTOWN	20050117	9999	-100	-156	NA	-100	-156	359.7	41.25	-80.66667
USW00014852	YOUNGSTOWN	20050118	9999	-106	-161	NA	-106	-161	359.7	41.25	-80.66667
USW00014852	YOUNGSTOWN	20050119	9999	-22	-106	NA	-22	-106	359.7	41.25	-80.66667
USW00014852	YOUNGSTOWN	20050120	9999	-39	-111	NA	-39	-111	359.7	41.25	-80.66667
USW00014852	YOUNGSTOWN	20050121	9999	-100	-172	NA	-100	-172	359.7	41.25	-80.66667
USW00014852	YOUNGSTOWN	20050122	9999	-56	-144	NA	-56	-144	359.7	41.25	-80.66667
USW00014852	YOUNGSTOWN	20050123	9999	-122	-172	NA	-122	-172	359.7	41.25	-80.66667
USW00014852	YOUNGSTOWN	20050124	9999	-56	-189	NA	-56	-189	359.7	41.25	-80.66667
USW00014852	YOUNGSTOWN	20050125	9999	28	-56	NA	28	-56	359.7	41.25	-80.66667
USW00014852	YOUNGSTOWN	20050126	9999	33	-139	NA	33	-139	359.7	41.25	-80.66667
USW00014852	YOUNGSTOWN	20050127	9999	-94	-189	NA	-94	-189	359.7	41.25	-80.66667
USW00014852	YOUNGSTOWN	20050128	9999	-50	-228	NA	-50	-228	359.7	41.25	-80.66667
USW00014852	YOUNGSTOWN	20050129	9999	6	-94	NA	6	-94	359.7	41.25	-80.66667
USW00014852	YOUNGSTOWN	20050130	9999	17	-72	NA	17	-72	359.7	41.25	-80.66667
USW00014852	YOUNGSTOWN	20050131	9999	17	-139	NA	17	-139	359.7	41.25	-80.66667
